hash,text,entities,pred
06005a1e39f158840d68b43dd767b3e03e0f0b628375833bb5cb06065d6fef87,"Вивчали хімічний режим підземних вод , які використовуються для напування тварин у західній біогеохімічній зоні України .","[{""label"": ""LOC"", ""text"": ""України""}]","[{""label"": ""LOC"", ""text"": ""західній біогеохімічній зоні України"", ""start"": 83, ""end"": 119}]"
14a3cee520d11383f027f1b004994f79a1f79e9f2d857891facfd0772f94401f,За органолептичними показниками та хімічним складом вони відповідають чинним вимогам .,[],[]
c4714c4e85fe3597c5cc78bb51f6736ce5ce5a334ed1dd8e9b3f059d6dbad0e1,"Проте у воді досліджуваних господарств виявили меркурій , що досить небезпечно , а вміст феруму та мангану перевищував нормативні величини втричі .",[],"[{""label"": ""ORG"", ""text"": ""досліджуваних господарств"", ""start"": 13, ""end"": 38}, {""label"": ""MISC"", ""text"": ""меркурій"", ""start"": 47, ""end"": 55}]"
54594a73848e56c48f98bf9cd781b4eada346b03e87fc45064c1482ae660bf2b,Вода - важлива складова всього живого на Землі .,"[{""label"": ""LOC"", ""text"": ""Землі""}]","[{""label"": ""MISC"", ""text"": ""Вода"", ""start"": 0, ""end"": 4}, {""label"": ""LOC"", ""text"": ""Землі"", ""start"": 41, ""end"": 46}]"
8ee875c6a6ebfa66865e4d10b9779f52ecf0111a00c6ec26a94d3a3ba1ccdaed,Вона входить до складу органів і тканин тварин .,[],"[{""label"": ""ART"", ""text"": ""Вона"", ""start"": 0, ""end"": 4}, {""label"": ""MISC"", ""text"": ""органів і тканин тварин"", ""start"": 23, ""end"": 46}]"
f3616e35597951ea731545ec2a4a151816aff4930104104da23fb4615988aefe,Вода становить у середньому 75 % маси тіла ссавців .,"[{""label"": ""PCT"", ""text"": ""75 %""}]","[{""label"": ""ART"", ""text"": ""Вода"", ""start"": 0, ""end"": 4}, {""label"": ""PCT"", ""text"": ""75 %"", ""start"": 28, ""end"": 32}, {""label"": ""MISC"", ""text"": ""ссавців"", ""start"": 43, ""end"": 50}]"
80361ed260f6cc9123b715eb8c351995fc887405ed306d722fcf7ee75d1dce67,"Усі біохімічні реакції , що лежать в основі життя , відбуваються за її безпосередньої участі .",[],"[{""label"": ""MISC"", ""text"": ""Усі біохімічні реакції"", ""start"": 0, ""end"": 22}]"
8c1df9ad004f27103d825ea370bfd554636bada1c6c78be88e0f3e97ef74ef04,"Вода в крові й тканинній рідині бере участь у транспорті речовин між клітинами й органами , регулює осмотичний тиск , підтримує температурний гомеостаз , виводить продукти обміну з організму .",[],"[{""label"": ""MISC"", ""text"": ""Вода в крові й тканинній рідині"", ""start"": 0, ""end"": 31}]"
e21593958fd648f61349b0d772890e2fbc17261b08c5337227f4a452a9f9af9f,"Хімічний склад води здебільшого свідчить про хімічний склад середовища , в якому вона перебуває .",[],"[{""label"": ""MISC"", ""text"": ""Хімічний склад води"", ""start"": 0, ""end"": 19}]"
c23ded8a2289d953a32fde1659633fad053d1c691deb6c17c7273ebb6516530c,"Як надлишок , так і нестача мінеральних солей у водному середовищі ( зокрема мікроелементів ) дають початок біогеохімічним ензоотіям .",[],"[{""label"": ""QUANT"", ""text"": ""надлишок"", ""start"": 3, ""end"": 11}, {""label"": ""MISC"", ""text"": ""мінеральних солей"", ""start"": 28, ""end"": 45}, {""label"": ""LOC"", ""text"": ""водному середовищі"", ""start"": 48, ""end"": 66}, {""label"": ""MISC"", ""text"": ""мікроелементів"", ""start"": 77, ""end"": 91}, {""label"": ""MISC"", ""text"": ""біогеохімічним ензоотіям"", ""start"": 108, ""end"": 132}]"
697dc2a90e80e8320ad2264f382e650ce61db1b206438d48d29d684cbb9c7fed,"За академіком В . І . Вернадським , природні води належать до складних водних розчинів .","[{""label"": ""JOB"", ""text"": ""академіком""}, {""label"": ""PERS"", ""text"": ""В . І . Вернадським""}]","[{""label"": ""PERS"", ""text"": ""В . І . Вернадським"", ""start"": 14, ""end"": 33}, {""label"": ""MISC"", ""text"": ""природні води"", ""start"": 36, ""end"": 49}, {""label"": ""MISC"", ""text"": ""складних водних розчинів"", ""start"": 62, ""end"": 86}]"
2de8204dc994778019917770f76b363707ff9f05de2fb98e1bc0beac20f792ce,"До них входять макро - й мікроелементи , гази , органічні речовини , мікроорганізми .",[],"[{""label"": ""MISC"", ""text"": ""макро - й мікроелементи"", ""start"": 15, ""end"": 38}, {""label"": ""MISC"", ""text"": ""органічні речовини"", ""start"": 48, ""end"": 66}, {""label"": ""MISC"", ""text"": ""мікроорганізми"", ""start"": 69, ""end"": 83}]"
9856cda8e0b37104d88632cb6586d8db07f937195627f2b9feca85b2864bc5f6,"Зокрема нині в підземних водах виділено 85 ( зі 105 ) хімічних елементів таблиці Д . І . Менделєєва , які характеризують загальний хімічний стан води , її властивості та визначають наукове й практичне значення .","[{""label"": ""PERS"", ""text"": ""Д . І . Менделєєва""}]","[{""label"": ""LOC"", ""text"": ""підземних водах"", ""start"": 15, ""end"": 30}, {""label"": ""QUANT"", ""text"": ""85"", ""start"": 40, ""end"": 42}, {""label"": ""QUANT"", ""text"": ""105"", ""start"": 48, ""end"": 51}]"
e3ea19f41dc604d18635aba7d961eac205def8b2226148bfe88c21be5beedf57,"Є три основні джерела постачання тварин водою - поверхневі відкриті водойми , підземні ґрунтові й напірні ( артезіанські ) води , атмосферні опади .",[],"[{""label"": ""LOC"", ""text"": ""поверхневі відкриті водойми"", ""start"": 48, ""end"": 75}, {""label"": ""LOC"", ""text"": ""підземні ґрунтові й напірні ( артезіанські ) води"", ""start"": 78, ""end"": 127}, {""label"": ""LOC"", ""text"": ""атмосферні опади"", ""start"": 130, ""end"": 146}]"
e36f68eadee03bd453b3e4fb640735b51964d38473aa6769cc0bbf9b89dd4611,"Слід також зазначити , що ресурси підземних вод на території України розміщені нерівномірно .","[{""label"": ""LOC"", ""text"": ""України""}]","[{""label"": ""MISC"", ""text"": ""ресурси підземних вод"", ""start"": 26, ""end"": 47}, {""label"": ""LOC"", ""text"": ""України"", ""start"": 61, ""end"": 68}]"
19bbf9345ab034738f5ca526de46118db4d71121a2bc7c1ae01851374dc20acc,"Найбільше їх зосереджено в північних та західних областях України – Волинській , Київській , Львівській , Рівненській , Чернігівській .","[{""label"": ""LOC"", ""text"": ""України""}, {""label"": ""LOC"", ""text"": ""Волинській""}, {""label"": ""LOC"", ""text"": ""Київській""}, {""label"": ""LOC"", ""text"": ""Львівській""}, {""label"": ""LOC"", ""text"": ""Рівненській""}, {""label"": ""LOC"", ""text"": ""Чернігівській""}]","[{""label"": ""LOC"", ""text"": ""північних та західних областях України"", ""start"": 27, ""end"": 65}, {""label"": ""LOC"", ""text"": ""Волинській , Київській , Львівській , Рівненській , Чернігівській"", ""start"": 68, ""end"": 133}]"
a2baf02f680890e592720b5493a10a3594529b6ae05cc455a29451bcb13d1fd6,Потужні запаси невикористаних водних ресурсів є в Харківській області .,"[{""label"": ""LOC"", ""text"": ""Харківській області""}]","[{""label"": ""ART"", ""text"": ""Потужні запаси невикористаних водних ресурсів"", ""start"": 0, ""end"": 45}, {""label"": ""LOC"", ""text"": ""Харківській області"", ""start"": 50, ""end"": 69}]"
8e8718bf3a4056f870ec381c909268f4b6c860e98238a5e0320e5a1a618994ad,У попередніх публікаціях ми описували санітарно-гігієнічну характеристику якості води для напування тварин у господарствах західної біогеохімічної зони України .,"[{""label"": ""LOC"", ""text"": ""України""}]","[{""label"": ""LOC"", ""text"": ""західної біогеохімічної зони України"", ""start"": 123, ""end"": 159}]"
c54f800b08c6fca959b0b5f75ef39899b6e0581282406e9583ee47fe02d5776e,"Слід узяти до уваги той факт , що сучасні технології ведення тваринництва вимагають детальнішого вивчення чинників , які б сприяли отриманню якісної й доступної продукції ( молока , м’яса ) та забезпечували нормальний фізіологічний розвиток тварин і їх відтворення .",[],"[{""label"": ""ART"", ""text"": ""молока , м’яса"", ""start"": 173, ""end"": 187}]"
b5d72181dedf83b320a1af0c1bf9b0cb38d03fc9ca3893439a34fa38d1ac788c,"На нашу думку , одним з основних критеріїв якості й безпечності продукції тваринництва є саме вода .",[],"[{""label"": ""ART"", ""text"": ""вода"", ""start"": 94, ""end"": 98}]"
07a589a336496fb20e90e9eef479878e202a01d8cb6fb08bee2cba4ee1740331,"Мета роботи - дослідження хімічного режиму підземних вод , які використовуються для напування тварин у західній біогеохімічній зоні України .","[{""label"": ""LOC"", ""text"": ""України""}]","[{""label"": ""LOC"", ""text"": ""західній біогеохімічній зоні України"", ""start"": 103, ""end"": 139}]"
896668298d2d5e67605947064a41e4ed855f41069245d305a0b7567fa27e470f,Матеріали і методи,[],"[{""label"": ""MISC"", ""text"": ""Матеріали і методи"", ""start"": 0, ""end"": 18}]"
df9f148f403375a0433032303bb9247f635e66fe3c313e1ca5c10a4129165836,"Дослідження проводили впродовж 2011-2012 рр . у чотирьох господарствах Волинської та Львівської областей України : СГПП « Рать » та СГТЗВО « Городгаце-2 » Луцького району , ПОСП ім . І . Франка Горохівського району , приватній агрофірмі « Білий Стік » ( 1-ше відділення - с . Комарів ; 2-ге - с . Волиця ) Сокальського району Львівської області .","[{""label"": ""PERIOD"", ""text"": ""2011-2012 рр .""}, {""label"": ""LOC"", ""text"": ""Волинської та Львівської областей""}, {""label"": ""LOC"", ""text"": ""України""}, {""label"": ""ORG"", ""text"": ""СГПП « Рать »""}, {""label"": ""ORG"", ""text"": ""СГТЗВО « Городгаце-2 »""}, {""label"": ""LOC"", ""text"": ""Луцького району""}, {""label"": ""ORG"", ""text"": ""ПОСП ім . І . Франка""}, {""label"": ""LOC"", ""text"": ""Горохівського району""}, {""label"": ""ORG"", ""text"": ""Білий Стік""}, {""label"": ""LOC"", ""text"": ""с . Комарів""}, {""label"": ""LOC"", ""text"": ""с . Волиця""}, {""label"": ""LOC"", ""text"": ""Сокальського району""}, {""label"": ""LOC"", ""text"": ""Львівської області""}]","[{""label"": ""PERIOD"", ""text"": ""2011-2012 рр ."", ""start"": 31, ""end"": 45}, {""label"": ""ORG"", ""text"": ""СГПП « Рать »"", ""start"": 115, ""end"": 128}, {""label"": ""ORG"", ""text"": ""СГТЗВО « Городгаце-2 »"", ""start"": 132, ""end"": 154}, {""label"": ""LOC"", ""text"": ""Луцького району"", ""start"": 155, ""end"": 170}, {""label"": ""ORG"", ""text"": ""ПОСП ім . І . Франка"", ""start"": 173, ""end"": 193}, {""label"": ""LOC"", ""text"": ""Горохівського району"", ""start"": 194, ""end"": 214}, {""label"": ""ORG"", ""text"": ""приватній агрофірмі « Білий Стік »"", ""start"": 217, ""end"": 251}, {""label"": ""LOC"", ""text"": ""с . Комарів"", ""start"": 272, ""end"": 283}, {""label"": ""LOC"", ""text"": ""с . Волиця"", ""start"": 293, ""end"": 303}, {""label"": ""LOC"", ""text"": ""Сокальського району Львівської області"", ""start"": 306, ""end"": 344}]"
06896401fb5e76f14843c3a5317358ab9c6f7533dbc0098e89b600ca0b93ead7,Господарства розташовані в західній біогеохімічній зоні України .,"[{""label"": ""LOC"", ""text"": ""України""}]","[{""label"": ""ORG"", ""text"": ""Господарства"", ""start"": 0, ""end"": 12}, {""label"": ""LOC"", ""text"": ""західній біогеохімічній зоні України"", ""start"": 27, ""end"": 63}]"
e645e6b7300aeadb5360f6260630e4cdb436ddb82c074106966aa739e0daed6c,"Проби води для напування тварин у кожному з господарств відбирали зі свердловини й напувалки посезонно , відповідно до чинної методики .",[],"[{""label"": ""ART"", ""text"": ""Проби води для напування тварин"", ""start"": 0, ""end"": 31}, {""label"": ""ORG"", ""text"": ""кожному з господарств"", ""start"": 34, ""end"": 55}, {""label"": ""PERIOD"", ""text"": ""посезонно"", ""start"": 93, ""end"": 102}]"
7121888d42f2c36b10b7185200418d05341e93767bdedce77b2634b5afcfc80d,Воду досліджували методом напувальних проб ( п = 3 ) у ДУ « Волинська регіональна державна лабораторія ветеринарної медицини » за загальноприйнятими методиками .,"[{""label"": ""ORG"", ""text"": ""ДУ « Волинська регіональна державна лабораторія ветеринарної медицини »""}]","[{""label"": ""ORG"", ""text"": ""ДУ « Волинська регіональна державна лабораторія ветеринарної медицини »"", ""start"": 55, ""end"": 126}, {""label"": ""MISC"", ""text"": ""загальноприйнятими методиками"", ""start"": 130, ""end"": 159}]"
421d78bac1c4b03e9e3cdb242e5d4d95556d32a997b64be9bd613829882bad39,Вміст важких металів у воді визначали у Київській міській державній лабораторії ветеринарної медицини методом атомно-адсорбційної спектрофотометрії .,"[{""label"": ""ORG"", ""text"": ""Київській міській державній лабораторії ветеринарної медицини""}]","[{""label"": ""ORG"", ""text"": ""Київській міській державній лабораторії ветеринарної медицини"", ""start"": 40, ""end"": 101}]"
4b18d5ec0e935cbfef7cc462e79684c5bedf3def92462583717fe8870c4b21ec,Головні іони та сольовий склад води аналізували за формулою М . Г . Курлова .,"[{""label"": ""PERS"", ""text"": ""М . Г . Курлова""}]","[{""label"": ""MISC"", ""text"": ""Головні іони та сольовий склад води"", ""start"": 0, ""end"": 35}, {""label"": ""PERS"", ""text"": ""М . Г . Курлова"", ""start"": 60, ""end"": 75}]"
50025845b8441fd649784bf7695f05c0fbfcb2d54a5991f07f1d0566944885c8,"Якість води оцінювали за Державними санітарними нормами та правилами « Гігієнічні вимоги до води питної , призначеної для споживання людиною » ( ДСанПіН 2.2.4-171-10 ) .","[{""label"": ""MISC"", ""text"": ""Державними санітарними нормами та правилами « Гігієнічні вимоги до води питної , призначеної для споживання людиною »""}, {""label"": ""MISC"", ""text"": ""ДСанПіН 2.2.4-171-10""}]","[{""label"": ""PERS"", ""text"": ""людиною"", ""start"": 133, ""end"": 140}, {""label"": ""DOC"", ""text"": ""ДСанПіН 2.2.4-171-10"", ""start"": 145, ""end"": 165}]"
e3dafdaa7eea4140351a9b0f2efc6635a92aa2e8a23b2fb4299c471619c4c85a,Експериментальний матеріал було оброблено статистично . У Чернівцях завершилися змагання Кубка України з боксу серед жінок і чемпіонат країни серед молоді .,"[{""label"": ""LOC"", ""text"": ""Чернівцях""}, {""label"": ""MISC"", ""text"": ""Кубка України""}]","[{""label"": ""ART"", ""text"": ""Експериментальний матеріал"", ""start"": 0, ""end"": 26}, {""label"": ""LOC"", ""text"": ""Чернівцях"", ""start"": 58, ""end"": 67}, {""label"": ""ART"", ""text"": ""чемпіонат країни серед молоді"", ""start"": 125, ""end"": 154}]"
17e13f47cd00b47392956fdf908d9430c923c2b94e0a7b72d2e890f7b434357a,"П’ятиденний марафон жіночого боксу зібрав у ФОК « Олімпія » двісті кращих спортсменок України у трьох вікових категоріях : юніорки , молодь та дорослі .","[{""label"": ""ORG"", ""text"": ""ФОК « Олімпія »""}, {""label"": ""JOB"", ""text"": ""спортсменок""}, {""label"": ""LOC"", ""text"": ""України""}]","[{""label"": ""MISC"", ""text"": ""П’ятиденний марафон жіночого боксу"", ""start"": 0, ""end"": 34}, {""label"": ""ORG"", ""text"": ""ФОК « Олімпія »"", ""start"": 44, ""end"": 59}]"
7a92b01138bc8ea40d1547fcc81a9e5f916c6a620405039d3450391314e6c5cc,Вихованки заслуженого тренера України Віктора Рогатіна показали видовищні та напружені поєдинки .,"[{""label"": ""JOB"", ""text"": ""тренера""}, {""label"": ""LOC"", ""text"": ""України""}, {""label"": ""PERS"", ""text"": ""Віктора Рогатіна""}]","[{""label"": ""ORG"", ""text"": ""Вихованки заслуженого тренера України"", ""start"": 0, ""end"": 37}, {""label"": ""PERS"", ""text"": ""Віктора Рогатіна"", ""start"": 38, ""end"": 54}]"
0928f5ae6d3f1d6ba080afeca128cb539e36ac2054d9c999afab1d4c9d4569de,У ваговій категорії до 51 кг золоту нагороду виборола ковельчанка – заслужений майстер спорту України Тетяна Коб .,"[{""label"": ""QUANT"", ""text"": ""51 кг""}, {""label"": ""LOC"", ""text"": ""України""}, {""label"": ""PERS"", ""text"": ""Тетяна Коб""}]","[{""label"": ""QUANT"", ""text"": ""до 51 кг"", ""start"": 20, ""end"": 28}, {""label"": ""JOB"", ""text"": ""заслужений майстер спорту України"", ""start"": 68, ""end"": 101}, {""label"": ""PERS"", ""text"": ""Тетяна Коб"", ""start"": 102, ""end"": 112}]"
11141e20aa32cce02339dc1a8b433a6cd8301d72e654c5d3bd7fdca2456c9cdf,"Срібна медаль у ваговій категорії до 75 кг дісталась майстру спорту України Олександрі Федіс ( минулого року вона була володаркою Кубка України у своїй ваговій категорії ) , – повідомили у Ковельському міськвиконкомі . Тетяна Коб у фіналі зустрілась з киянкою Сніжаною Холодковою .","[{""label"": ""QUANT"", ""text"": ""75 кг""}, {""label"": ""JOB"", ""text"": ""майстру спорту""}, {""label"": ""LOC"", ""text"": ""України""}, {""label"": ""PERS"", ""text"": ""Олександрі Федіс""}, {""label"": ""MISC"", ""text"": ""Кубка України""}, {""label"": ""ORG"", ""text"": ""Ковельському міськвиконкомі""}, {""label"": ""PERS"", ""text"": ""Тетяна Коб""}, {""label"": ""PERS"", ""text"": ""Сніжаною Холодковою""}]","[{""label"": ""JOB"", ""text"": ""майстру спорту України"", ""start"": 53, ""end"": 75}, {""label"": ""PERS"", ""text"": ""Олександрі Федіс"", ""start"": 76, ""end"": 92}, {""label"": ""ORG"", ""text"": ""Кубка України"", ""start"": 130, ""end"": 143}, {""label"": ""ORG"", ""text"": ""Ковельському міськвиконкомі"", ""start"": 189, ""end"": 216}, {""label"": ""PERS"", ""text"": ""Тетяна Коб"", ""start"": 219, ""end"": 229}, {""label"": ""PERS"", ""text"": ""Сніжаною Холодковою"", ""start"": 260, ""end"": 279}]"
53b7dd46f9a08b3d9e364a0d8e16cb0667a0c7fa4c5d182254f1a10266ce3ba7,"Титулована ковельська спортсменка , призерка чемпіонатів Європи та світу , підтвердила свій високий рівень підготовки .","[{""label"": ""JOB"", ""text"": ""спортсменка""}, {""label"": ""LOC"", ""text"": ""Європи""}]","[{""label"": ""JOB"", ""text"": ""Титулована ковельська спортсменка"", ""start"": 0, ""end"": 33}, {""label"": ""JOB"", ""text"": ""призерка чемпіонатів Європи та світу"", ""start"": 36, ""end"": 72}]"
16c881cf4791be51c07635ef3a11d2d19ce476224d586bcf6f75d89535fbfe2a,Тож судді віддали перевагу Тетяні .,"[{""label"": ""JOB"", ""text"": ""судді""}, {""label"": ""PERS"", ""text"": ""Тетяні""}]","[{""label"": ""ORG"", ""text"": ""судді"", ""start"": 4, ""end"": 9}, {""label"": ""PERS"", ""text"": ""Тетяні"", ""start"": 27, ""end"": 33}]"
d72d3fa87385560263788dc3f570f6bfce1e63998a09aafde81ab1d6b1cfb634,"Нагадаємо , що вона є чемпіонкою Європи 2009 року , призеркою чемпіонату світу 2010 року , семиразовою чемпіонкою України та восьмиразовою володаркою Кубка України .","[{""label"": ""LOC"", ""text"": ""Європи""}, {""label"": ""DATE"", ""text"": ""2009 року""}, {""label"": ""DATE"", ""text"": ""2010 року""}, {""label"": ""LOC"", ""text"": ""України""}, {""label"": ""MISC"", ""text"": ""Кубка України""}]","[{""label"": ""JOB"", ""text"": ""призеркою чемпіонату світу 2010 року"", ""start"": 52, ""end"": 88}, {""label"": ""JOB"", ""text"": ""семиразовою чемпіонкою України"", ""start"": 91, ""end"": 121}, {""label"": ""JOB"", ""text"": ""восьмиразовою володаркою Кубка України"", ""start"": 125, ""end"": 163}]"
7bebe25c42ad0aafbf94ed95ebd89c707a44403eef28aee510864af4b9127797,Тож цьогорічна її перемога принесла черговий трофей .,[],"[{""label"": ""ART"", ""text"": ""трофей"", ""start"": 45, ""end"": 51}]"
9bcd6598765cd6956ab284a4400ab6000adda4392d30a6413094685f21d4ba1b,Усього впродовж п’яти днів змагань відбулося 122 поєдинки .,"[{""label"": ""PERIOD"", ""text"": ""п’яти днів""}]","[{""label"": ""PERIOD"", ""text"": ""п’яти днів"", ""start"": 16, ""end"": 26}, {""label"": ""QUANT"", ""text"": ""122"", ""start"": 45, ""end"": 48}]"
1a27676c5809423e7b85773955c626564acbaffd7d87f04ae916c548667f9583,"У загальнокомандному заліку перемогу здобула команда киян ( 7 перемог ) , на другій сходинці – Волинська та Харківська область ( по 5 ) , а на третій – Чернігівська область ( 4 ) . Цікаву і пізнавальну подорож місцями , де народився та виріс видатний український поет Тарас Шевченко , минулого тижня влаштував департамент культури і туризму Кіровоградської ОДА .","[{""label"": ""LOC"", ""text"": ""Волинська та Харківська область""}, {""label"": ""LOC"", ""text"": ""Чернігівська область""}, {""label"": ""JOB"", ""text"": ""поет""}, {""label"": ""PERS"", ""text"": ""Тарас Шевченко""}, {""label"": ""DATE"", ""text"": ""минулого тижня""}, {""label"": ""ORG"", ""text"": ""Кіровоградської ОДА""}]","[{""label"": ""ORG"", ""text"": ""команда киян"", ""start"": 45, ""end"": 57}, {""label"": ""QUANT"", ""text"": ""7 перемог"", ""start"": 60, ""end"": 69}, {""label"": ""LOC"", ""text"": ""Харківська область"", ""start"": 108, ""end"": 126}, {""label"": ""QUANT"", ""text"": ""5"", ""start"": 132, ""end"": 133}, {""label"": ""LOC"", ""text"": ""Чернігівська область"", ""start"": 152, ""end"": 172}, {""label"": ""QUANT"", ""text"": ""4"", ""start"": 175, ""end"": 176}, {""label"": ""PERS"", ""text"": ""Тарас Шевченко"", ""start"": 268, ""end"": 282}, {""label"": ""PERIOD"", ""text"": ""минулого тижня"", ""start"": 285, ""end"": 299}, {""label"": ""ORG"", ""text"": ""департамент культури і туризму Кіровоградської ОДА"", ""start"": 310, ""end"": 360}]"
07c959d1999181980a8edf39a399f7c3a1053ebcebe9edb566c9d186ee55773d,"Учасники туру мали змогу відвідати населені пункти Кіровоградщини і Черкащини , де свого часу побував Кобзар , а також ознайомитися з експозиціями місцевих музеїв , присвячених його пам’яті .","[{""label"": ""LOC"", ""text"": ""Кіровоградщини""}, {""label"": ""LOC"", ""text"": ""Черкащини""}, {""label"": ""PERS"", ""text"": ""Кобзар""}]","[{""label"": ""PERS"", ""text"": ""Учасники туру"", ""start"": 0, ""end"": 13}, {""label"": ""LOC"", ""text"": ""Кіровоградщини"", ""start"": 51, ""end"": 65}, {""label"": ""LOC"", ""text"": ""Черкащини"", ""start"": 68, ""end"": 77}, {""label"": ""PERS"", ""text"": ""Кобзар"", ""start"": 102, ""end"": 108}, {""label"": ""ORG"", ""text"": ""місцевих музеїв"", ""start"": 147, ""end"": 162}]"
9826707399fe2a9776b3199d75120d070aa11fb029dc3b06d78756362e1b106b,Першою зупинкою в мандрівці Шевченковими стежками стало село Моринці Черкаської області – мала батьківщина письменника .,"[{""label"": ""PERS"", ""text"": ""Шевченковими""}, {""label"": ""LOC"", ""text"": ""Моринці""}, {""label"": ""LOC"", ""text"": ""Черкаської області""}, {""label"": ""JOB"", ""text"": ""письменника""}]","[{""label"": ""LOC"", ""text"": ""Шевченковими стежками"", ""start"": 28, ""end"": 49}, {""label"": ""LOC"", ""text"": ""село Моринці Черкаської області"", ""start"": 56, ""end"": 87}, {""label"": ""PERS"", ""text"": ""письменника"", ""start"": 107, ""end"": 118}]"
2f4d57514531bad7c67c1991908108e30587a285f9181276645060a660402432,"Сьогодні тут розташований музейний комплекс , основою якого є реконструйована селянська хатина .",[],"[{""label"": ""DATE"", ""text"": ""Сьогодні"", ""start"": 0, ""end"": 8}, {""label"": ""ORG"", ""text"": ""музейний комплекс"", ""start"": 26, ""end"": 43}, {""label"": ""ART"", ""text"": ""реконструйована селянська хатина"", ""start"": 62, ""end"": 94}]"
11d8b39aca56e85315a083cf7a567a716f2e5e0ff2ed45e6baa027a7fbc9fd3c,Саме у такій хатці-мазанці під очеретяним дахом у 1814 році з’явився на світ Т . Шевченко .,"[{""label"": ""DATE"", ""text"": ""1814 році""}, {""label"": ""PERS"", ""text"": ""Т . Шевченко""}]","[{""label"": ""DATE"", ""text"": ""1814 році"", ""start"": 50, ""end"": 59}, {""label"": ""PERS"", ""text"": ""Т . Шевченко"", ""start"": 77, ""end"": 89}]"
8067ce409740d8f66457db4a7037852fa5bffd623f3f0ace383c0f6b06e827df,"Садиба відтворена за детальним описом шевченкознавця Олександра Кониського з ретельним дотриманням технологій й усіх особливостей народного будівництва , характерного для цієї місцевості й періоду .","[{""label"": ""PERS"", ""text"": ""Олександра Кониського""}]","[{""label"": ""ART"", ""text"": ""Садиба"", ""start"": 0, ""end"": 6}, {""label"": ""PERS"", ""text"": ""Олександра Кониського"", ""start"": 53, ""end"": 74}, {""label"": ""MISC"", ""text"": ""народного будівництва"", ""start"": 130, ""end"": 151}, {""label"": ""LOC"", ""text"": ""цієї місцевості"", ""start"": 171, ""end"": 186}, {""label"": ""PERIOD"", ""text"": ""періоду"", ""start"": 189, ""end"": 196}]"
7439b9457265c772c645c5ae00a03ebe74450b095e130c0d366e50c7bc9117be,Інтер’єр реалістично відтворює скромний побут багатодітної родини Шевченків .,"[{""label"": ""PERS"", ""text"": ""Шевченків""}]","[{""label"": ""ART"", ""text"": ""Інтер’єр"", ""start"": 0, ""end"": 8}]"
b616925887ef9c60c0d3879c40e08656299f666b418ef377657cbfa67a51009b,"А за хатою розгорнувся чудовий вид на яр , засаджений фруктовими деревами .",[],"[{""label"": ""LOC"", ""text"": ""яр"", ""start"": 38, ""end"": 40}, {""label"": ""MISC"", ""text"": ""фруктовими деревами"", ""start"": 54, ""end"": 73}]"
8ce5bd0e8c21286b9c6ae551a656075c413ce0cdc788f6ce4ceaf218394ffe19,"Тут же , біля садиби , встановлено пам’ятник Катерині Бойко ( мамі поета ) з малим Тарасом на руках .","[{""label"": ""PERS"", ""text"": ""Катерині Бойко""}, {""label"": ""JOB"", ""text"": ""поета""}, {""label"": ""PERS"", ""text"": ""Тарасом""}]","[{""label"": ""LOC"", ""text"": ""садиби"", ""start"": 14, ""end"": 20}, {""label"": ""PERS"", ""text"": ""Катерині Бойко"", ""start"": 45, ""end"": 59}]"
4809e572f76d38c881758f5f43bcc4bb52a207c5512e40a7d116f5eb8ffdc43f,Дитинство Кобзаря минуло у селі Кирилівка ( з 1929 року – село Шевченкове Звенигородського району ) .,"[{""label"": ""PERS"", ""text"": ""Кобзаря""}, {""label"": ""LOC"", ""text"": ""Кирилівка""}, {""label"": ""DATE"", ""text"": ""1929 року""}, {""label"": ""LOC"", ""text"": ""Шевченкове Звенигородського району""}]","[{""label"": ""LOC"", ""text"": ""Кирилівка"", ""start"": 32, ""end"": 41}, {""label"": ""DATE"", ""text"": ""1929 року"", ""start"": 46, ""end"": 55}, {""label"": ""LOC"", ""text"": ""село Шевченкове Звенигородського району"", ""start"": 58, ""end"": 97}]"
15ca212df85768fcd3ddd9f07b81a1297f583026d4b24fa1aaed8d24972188f3,"Тут , на місці хатини , в якій мешкала його родина , ще в 1908 році було встановлено перший пам’ятний знак – кам’яні жорна з написом « Тут стояла хата Тараса Шевченка » .","[{""label"": ""DATE"", ""text"": ""1908 році""}, {""label"": ""PERS"", ""text"": ""Тараса Шевченка""}]","[{""label"": ""LOC"", ""text"": ""Тут"", ""start"": 0, ""end"": 3}, {""label"": ""DATE"", ""text"": ""1908 році"", ""start"": 58, ""end"": 67}, {""label"": ""ART"", ""text"": ""кам’яні жорна"", ""start"": 109, ""end"": 122}, {""label"": ""PERS"", ""text"": ""Тараса Шевченка"", ""start"": 151, ""end"": 166}]"
c9d4ef260ac9787757df547d7f37b1f66f03aaad8fc869f2273ec9b3044259c7,А вже в 1939 році відкрився літературно-меморіальний музей .,"[{""label"": ""DATE"", ""text"": ""1939 році""}, {""label"": ""ORG"", ""text"": ""літературно-меморіальний музей""}]","[{""label"": ""DATE"", ""text"": ""1939 році"", ""start"": 8, ""end"": 17}, {""label"": ""ORG"", ""text"": ""літературно-меморіальний музей"", ""start"": 28, ""end"": 58}]"
8abab4ff04e574a04f7aae0bdd64c12f63887a12abc9547f88ec8457f9c9ff44,"Наразі в місцевих музейних залах представлені унікальні експонати , пов'язані з дитячими роками і творчими здобутками Шевченка - художника .","[{""label"": ""PERS"", ""text"": ""Шевченка""}, {""label"": ""JOB"", ""text"": ""художника""}]","[{""label"": ""ORG"", ""text"": ""місцевих музейних залах"", ""start"": 9, ""end"": 32}, {""label"": ""ART"", ""text"": ""унікальні експонати"", ""start"": 46, ""end"": 65}, {""label"": ""PERIOD"", ""text"": ""дитячими роками"", ""start"": 80, ""end"": 95}, {""label"": ""PERS"", ""text"": ""Шевченка - художника"", ""start"": 118, ""end"": 138}]"
06a4127bbf6ecc7a301e2e26483ef8803a877e7ba249418b62185ebfedecc931,"Зокрема — унікальні меблі з хати родини Шевченка та з маєтку пана Енгельгарта , у якого служив малий Тарас .","[{""label"": ""PERS"", ""text"": ""Шевченка""}, {""label"": ""PERS"", ""text"": ""Енгельгарта""}, {""label"": ""PERS"", ""text"": ""Тарас""}]","[{""label"": ""ART"", ""text"": ""унікальні меблі"", ""start"": 10, ""end"": 25}, {""label"": ""PERS"", ""text"": ""пана Енгельгарта"", ""start"": 61, ""end"": 77}, {""label"": ""PERS"", ""text"": ""малий Тарас"", ""start"": 95, ""end"": 106}]"
237dae96e325fbc2d98429752fd20f0bf7d6084dfbbdc7047ea811dc57e3672b,"А кожну музейну залу прикрашають репродукції картин Тараса Григоровича , у кожній з яких живе українське село і незламний народний дух .","[{""label"": ""PERS"", ""text"": ""Тараса Григоровича""}]","[{""label"": ""ORG"", ""text"": ""музейну залу"", ""start"": 8, ""end"": 20}, {""label"": ""PERS"", ""text"": ""Тараса Григоровича"", ""start"": 52, ""end"": 70}, {""label"": ""LOC"", ""text"": ""українське село"", ""start"": 94, ""end"": 109}, {""label"": ""MISC"", ""text"": ""незламний народний дух"", ""start"": 112, ""end"": 134}]"
a742b6879f3a8887825515ca0f1db1babe56109e8c00608ee49fafdc419b5686,У 1989 році на честь 175-р іччя від дня народження поета на подвір’ї музею було збудовано точну копію його рідної хати .,"[{""label"": ""DATE"", ""text"": ""1989 році""}, {""label"": ""JOB"", ""text"": ""поета""}]","[{""label"": ""DATE"", ""text"": ""1989 році"", ""start"": 2, ""end"": 11}, {""label"": ""PERS"", ""text"": ""поета"", ""start"": 51, ""end"": 56}, {""label"": ""ORG"", ""text"": ""музею"", ""start"": 69, ""end"": 74}, {""label"": ""ART"", ""text"": ""точну копію його рідної хати"", ""start"": 90, ""end"": 118}]"
8e4382575f834bd6c0382cf77a9130502275a214e3b2670bafdfe55ccf5b4dc8,"Детально відтворити садибу вдалося завдяки малюнку , автором якого був сам Тарас Шевченко .","[{""label"": ""PERS"", ""text"": ""Тарас Шевченко""}]","[{""label"": ""ORG"", ""text"": ""садибу"", ""start"": 20, ""end"": 26}, {""label"": ""ART"", ""text"": ""малюнку"", ""start"": 43, ""end"": 50}, {""label"": ""PERS"", ""text"": ""Тарас Шевченко"", ""start"": 75, ""end"": 89}]"
c781d1b95ecbdbbe116fe8ac20105c9cf9cf4abbe8472f57c242564ccac64bf9,"Свого часу , ще малим , побував Кобзар і на Кіровоградщині .","[{""label"": ""PERS"", ""text"": ""Кобзар""}, {""label"": ""LOC"", ""text"": ""Кіровоградщині""}]","[{""label"": ""PERS"", ""text"": ""Кобзар"", ""start"": 32, ""end"": 38}, {""label"": ""LOC"", ""text"": ""Кіровоградщині"", ""start"": 44, ""end"": 58}]"
cede0b87d0a4c718fd22eaa5049a0d7a2b48ba482c33598dbc6e5543c7083b95,"Подорожуючи з батьком- чумаком , він завітав до Єлисаветграду .","[{""label"": ""JOB"", ""text"": ""чумаком""}, {""label"": ""LOC"", ""text"": ""Єлисаветграду""}]","[{""label"": ""PERS"", ""text"": ""батьком"", ""start"": 14, ""end"": 21}, {""label"": ""PERS"", ""text"": ""він"", ""start"": 33, ""end"": 36}, {""label"": ""LOC"", ""text"": ""Єлисаветграду"", ""start"": 48, ""end"": 61}]"
f87764cc17090c7648e07c7ce07b2fc51829b6ded496d0e4552b7b650f70110d,Пізніше свої спогади про це Шевченко опише в поемі « Наймичка » .,"[{""label"": ""PERS"", ""text"": ""Шевченко""}, {""label"": ""ART"", ""text"": ""Наймичка""}]","[{""label"": ""PERS"", ""text"": ""Шевченко"", ""start"": 28, ""end"": 36}, {""label"": ""ART"", ""text"": ""Наймичка"", ""start"": 53, ""end"": 61}]"
05f8b9948644bc9c3465b3c49de60e9dfa6b294f4b8ea5ce9cd5b37b34e1ed7f,Сьогодні в Знам’янці проживають нащадки поета — родина Шкоди .,"[{""label"": ""LOC"", ""text"": ""Знам’янці""}, {""label"": ""PERS"", ""text"": ""Шкоди""}]","[{""label"": ""LOC"", ""text"": ""Знам’янці"", ""start"": 11, ""end"": 20}, {""label"": ""ORG"", ""text"": ""родина Шкоди"", ""start"": 48, ""end"": 60}]"
07d722ead4e93d0f7ab8ceb01699bc71bfbe127c4ba70b10850a6dcdc84d10de,На їх честь у краєзнавчому музеї в місті облаштовано спеціальний тематичну філію « Кобзарева світлиця » .,"[{""label"": ""MISC"", ""text"": ""Кобзарева світлиця""}]","[{""label"": ""ORG"", ""text"": ""краєзнавчому музеї"", ""start"": 14, ""end"": 32}, {""label"": ""LOC"", ""text"": ""місті"", ""start"": 35, ""end"": 40}, {""label"": ""ORG"", ""text"": ""Кобзарева світлиця"", ""start"": 83, ""end"": 101}]"
4094de2a9548b7a09da1e43e011893144daf407d6252260fea7b2e0b95f0c80d,"Варто зазначити , що нащадки Кобзаря , зокрема В’ячеслав і Євген Шкода , долучилися до створення музейної експозиції , допомігши музейникам створити генеалогічне дерево Тараса Шевченка , а також передавши на зберігання до фондів його книги та картини . Під стелею розгойдувалася потужна лампа , на стінах висіли вижовклі заводські плакати й кілька почесних грамот , отриманих за успіхи в греко-римській боротьбі .","[{""label"": ""PERS"", ""text"": ""Кобзаря""}, {""label"": ""PERS"", ""text"": ""В’ячеслав і Євген Шкода""}, {""label"": ""PERS"", ""text"": ""Тараса Шевченка""}]","[{""label"": ""PERS"", ""text"": ""нащадки Кобзаря"", ""start"": 21, ""end"": 36}, {""label"": ""PERS"", ""text"": ""В’ячеслав"", ""start"": 47, ""end"": 56}, {""label"": ""PERS"", ""text"": ""Євген Шкода"", ""start"": 59, ""end"": 70}, {""label"": ""ORG"", ""text"": ""музейної експозиції"", ""start"": 97, ""end"": 116}, {""label"": ""ORG"", ""text"": ""музейникам"", ""start"": 129, ""end"": 139}, {""label"": ""PERS"", ""text"": ""Тараса Шевченка"", ""start"": 169, ""end"": 184}, {""label"": ""ART"", ""text"": ""книги та картини"", ""start"": 234, ""end"": 250}, {""label"": ""ART"", ""text"": ""потужна лампа"", ""start"": 279, ""end"": 292}, {""label"": ""ART"", ""text"": ""вижовклі заводські плакати"", ""start"": 312, ""end"": 338}]"
0e4279a9482016788ff0a28eaaabbe41af1ce12bbb40d153b8aef9831f488080,"В майстерні пахло фарбою , лаком і старим деревом , а ще — чужими помешканнями , з яких притягувалися сюди для ремонту й реставрації крісла , стільці , шафи та книжкові полиці .",[],"[{""label"": ""LOC"", ""text"": ""майстерні"", ""start"": 2, ""end"": 11}, {""label"": ""LOC"", ""text"": ""чужими помешканнями"", ""start"": 59, ""end"": 78}, {""label"": ""ART"", ""text"": ""книжкові полиці"", ""start"": 160, ""end"": 175}]"
80d9a2426ca13e096ec80c1968a9d3eb9681cfeb2df14328c411b336bbe9a0c0,"Зранку в майстерні відчинялися вікна , що виходили на подвір’я , заросле травою та диким часником .",[],"[{""label"": ""PERIOD"", ""text"": ""Зранку"", ""start"": 0, ""end"": 6}, {""label"": ""ORG"", ""text"": ""майстерні"", ""start"": 9, ""end"": 18}, {""label"": ""LOC"", ""text"": ""подвір’я"", ""start"": 54, ""end"": 62}]"
3af84f0212e839e8bc9c531d4e9c25a33bd39de4bab6e55a92503517c354682d,Приміщення наповнювалося повітрям і глухими звуками вулиці .,[],"[{""label"": ""LOC"", ""text"": ""Приміщення"", ""start"": 0, ""end"": 10}, {""label"": ""LOC"", ""text"": ""вулиці"", ""start"": 52, ""end"": 58}]"
c327a73358a572184d735d93d9aa80e0e7a72bbf5a781d754a6aa3e838462c81,"На подвір’ї росли покручені яблуні , під ними робітники спорудили дві лавки , на яких також можна було спати .",[],"[{""label"": ""LOC"", ""text"": ""подвір’ї"", ""start"": 3, ""end"": 11}, {""label"": ""ART"", ""text"": ""покручені яблуні"", ""start"": 18, ""end"": 34}, {""label"": ""JOB"", ""text"": ""робітники"", ""start"": 46, ""end"": 55}, {""label"": ""ART"", ""text"": ""дві лавки"", ""start"": 66, ""end"": 75}]"
a3bc78757f8689bf0c1794be3e0a5c3ac7c363764657ed4a42efa91b28b9c649,"Ще далі , за деревами , стояли покинуті прибудови , втім , продертися туди за плющем і травою було не так просто .",[],"[{""label"": ""LOC"", ""text"": ""покинуті прибудови"", ""start"": 31, ""end"": 49}, {""label"": ""MISC"", ""text"": ""плющем і травою"", ""start"": 78, ""end"": 93}]"
10f1d9c715551cde9ba76f8c457ad6aab94feb0b2aba1cbb5811cb15d765928f,"А вже за ними громадилась цегляна стіна , частина давніших будівель , свого часу зруйнованих і забутих .",[],"[{""label"": ""ART"", ""text"": ""цегляна стіна"", ""start"": 26, ""end"": 39}, {""label"": ""MISC"", ""text"": ""частина давніших будівель"", ""start"": 42, ""end"": 67}]"
b2694accc5d518adbe080957444c71a79f6f24d570cd59dc543e99c82dd1301e,"Стіна обривалася на широку вулицю , що тяглася вгору , повз політехнічний , у бік центру .",[],"[{""label"": ""LOC"", ""text"": ""Стіна"", ""start"": 0, ""end"": 5}, {""label"": ""LOC"", ""text"": ""широку вулицю"", ""start"": 20, ""end"": 33}, {""label"": ""LOC"", ""text"": ""політехнічний"", ""start"": 60, ""end"": 73}, {""label"": ""LOC"", ""text"": ""центру"", ""start"": 82, ""end"": 88}]"
0906d9b206846e217f360bbd31d710f0df642c780a001edb0c2b32213c3c7f50,"Влітку квартал зовсім порожнів , і подвір’я стояли тихі , як церкви в понеділок .",[],"[{""label"": ""LOC"", ""text"": ""подвір’я"", ""start"": 35, ""end"": 43}, {""label"": ""ART"", ""text"": ""церкви"", ""start"": 61, ""end"": 67}]"
7e1cfdcc430f3d623c2730afcf850ab3bf32a8175c1719e7ae59a4013052397f,"Роботи ставало менше , працівники слухали радіо на мобільних телефонах . Маріо працював тут від зими .","[{""label"": ""PERS"", ""text"": ""Маріо""}]","[{""label"": ""MISC"", ""text"": ""Роботи"", ""start"": 0, ""end"": 6}, {""label"": ""JOB"", ""text"": ""працівники"", ""start"": 23, ""end"": 33}, {""label"": ""MISC"", ""text"": ""радіо"", ""start"": 42, ""end"": 47}, {""label"": ""PERS"", ""text"": ""Маріо"", ""start"": 73, ""end"": 78}, {""label"": ""LOC"", ""text"": ""тут"", ""start"": 88, ""end"": 91}, {""label"": ""PERIOD"", ""text"": ""зими"", ""start"": 96, ""end"": 100}]"
d5efd731d3e49dc6a8fc7fe1d7d32419623d370b3165b9c668b887d752c6edd5,"В березні приміщення було вогке , сніг лежав під вікнами до середини квітня , й вони з напарником закушували ним — темним і твердим — вино з паперових пакетів .","[{""label"": ""DATE"", ""text"": ""березні""}]","[{""label"": ""LOC"", ""text"": ""приміщення"", ""start"": 10, ""end"": 20}, {""label"": ""ART"", ""text"": ""сніг"", ""start"": 34, ""end"": 38}, {""label"": ""PERIOD"", ""text"": ""середини квітня"", ""start"": 60, ""end"": 75}, {""label"": ""PERS"", ""text"": ""вони"", ""start"": 80, ""end"": 84}, {""label"": ""PERS"", ""text"": ""напарником"", ""start"": 87, ""end"": 97}, {""label"": ""ART"", ""text"": ""вино з паперових пакетів"", ""start"": 134, ""end"": 158}]"
6dfc0bfe5248e751f3a2012e4eaac72ba534a74e9a7ad73ca701882a90ac9600,"Напарник , Яша , працював у майстерні від самого початку , шефа пам’ятав із вісімдесятих — разом працювали на велосипедному , разом пішли у вільне плавання , потім шеф сів , Яша його вірно чекав , як морячка на пірсі , років десять тому , на початку двохтисячних , шеф відбив підвал і влаштував у ньому реставраційну майстерню .","[{""label"": ""PERS"", ""text"": ""Яша""}, {""label"": ""JOB"", ""text"": ""шефа""}, {""label"": ""DATE"", ""text"": ""вісімдесятих""}, {""label"": ""JOB"", ""text"": ""шеф""}, {""label"": ""PERS"", ""text"": ""Яша""}, {""label"": ""DATE"", ""text"": ""років десять тому""}, {""label"": ""DATE"", ""text"": ""початку двохтисячних""}, {""label"": ""JOB"", ""text"": ""шеф""}]","[{""label"": ""PERS"", ""text"": ""Яша"", ""start"": 11, ""end"": 14}, {""label"": ""ORG"", ""text"": ""майстерні"", ""start"": 28, ""end"": 37}, {""label"": ""JOB"", ""text"": ""шефа"", ""start"": 59, ""end"": 63}, {""label"": ""PERIOD"", ""text"": ""вісімдесятих"", ""start"": 76, ""end"": 88}, {""label"": ""MISC"", ""text"": ""велосипедному"", ""start"": 110, ""end"": 123}, {""label"": ""JOB"", ""text"": ""шеф"", ""start"": 164, ""end"": 167}, {""label"": ""PERS"", ""text"": ""Яша"", ""start"": 174, ""end"": 177}, {""label"": ""PERIOD"", ""text"": ""початку двохтисячних"", ""start"": 242, ""end"": 262}, {""label"": ""JOB"", ""text"": ""шеф"", ""start"": 265, ""end"": 268}, {""label"": ""ORG"", ""text"": ""реставраційну майстерню"", ""start"": 303, ""end"": 326}]"
ca47f029d0df98dac6d1a20c354dc6d56c001d6ce999b573ee33ba35f62f5a81,"Сам знаходив замовників , сам щось перекуповував , завозив уночі виловлені речі , приходив зранку з підозрілими клієнтами , легковажно підіймав ціну на старі комоди , з кимось зідзвонювався , когось уникав , мало з ким товаришував , мало кому подобався , мало цим усім переймався .",[],"[{""label"": ""PERS"", ""text"": ""Сам"", ""start"": 0, ""end"": 3}, {""label"": ""PERS"", ""text"": ""сам"", ""start"": 26, ""end"": 29}, {""label"": ""PERIOD"", ""text"": ""уночі"", ""start"": 59, ""end"": 64}, {""label"": ""ART"", ""text"": ""виловлені речі"", ""start"": 65, ""end"": 79}, {""label"": ""PERIOD"", ""text"": ""зранку"", ""start"": 91, ""end"": 97}, {""label"": ""MON"", ""text"": ""ціну"", ""start"": 144, ""end"": 148}, {""label"": ""ART"", ""text"": ""старі комоди"", ""start"": 152, ""end"": 164}]"
412548bd1ad5819a015a2ce8543b175f085ed476ee2188dfd83db91990f17948,"Всю роботу робив Яша , який мав золоті руки й залізну печінку .","[{""label"": ""PERS"", ""text"": ""Яша""}]","[{""label"": ""PERS"", ""text"": ""Яша"", ""start"": 17, ""end"": 20}, {""label"": ""JOB"", ""text"": ""золоті руки"", ""start"": 32, ""end"": 43}, {""label"": ""MISC"", ""text"": ""залізну печінку"", ""start"": 46, ""end"": 61}]"
de56f7d3e83efe3d62dff2a8c0a0837f4798b34d00c60b8ada79657ff98b2941,"Роки , втім , не робили його молодшим , і Яша замовив собі помічника . Шеф чужих не брав , хоча й своїм не довіряв .","[{""label"": ""PERS"", ""text"": ""Яша""}, {""label"": ""JOB"", ""text"": ""Шеф""}]","[{""label"": ""PERS"", ""text"": ""Яша"", ""start"": 42, ""end"": 45}, {""label"": ""JOB"", ""text"": ""Шеф"", ""start"": 71, ""end"": 74}]"
9686ebefc952f7a0f4f952cf3ee42013465fe9de052f1bb44338b750a412a64e,"І тоді його близький приятель , Коля , порадив їм свого племінника , Маріо .","[{""label"": ""PERS"", ""text"": ""Коля""}, {""label"": ""PERS"", ""text"": ""Маріо""}]","[{""label"": ""PERS"", ""text"": ""Коля"", ""start"": 32, ""end"": 36}, {""label"": ""PERS"", ""text"": ""Маріо"", ""start"": 69, ""end"": 74}]"
27cd254e6c6ff5c239bac854c86f15ffab800786cd2e854bd6de3ac56809b782,"Сказав , що на роботу краще брати знайомих — вони , принаймні , не вступатимуть до профспілок . Шеф погодився , часто говорив потім , що зробив добре діло , але говорив так , ніби шкодував за вдіяним . « Марік , — звертався він до нового підмайстра , — потрібно завжди шанувати батьків .","[{""label"": ""JOB"", ""text"": ""Шеф""}, {""label"": ""PERS"", ""text"": ""Марік""}, {""label"": ""JOB"", ""text"": ""підмайстра""}]","[{""label"": ""ORG"", ""text"": ""профспілок"", ""start"": 83, ""end"": 93}, {""label"": ""JOB"", ""text"": ""Шеф"", ""start"": 96, ""end"": 99}, {""label"": ""PERS"", ""text"": ""Марік"", ""start"": 204, ""end"": 209}, {""label"": ""JOB"", ""text"": ""підмайстра"", ""start"": 238, ""end"": 248}]"
677db5ffb742183e6b160e4c4971e1ac65e1cb279e7d37168137228399f14384,"Навіть якщо їх у тебе немає » . Маріо справді ріс без тата , котрий свого часу виїхав із заготівельною бригадою на Північ і не повернувся , тож виховувала його мама , як уміла і могла , себто ніяк .","[{""label"": ""PERS"", ""text"": ""Маріо""}, {""label"": ""LOC"", ""text"": ""Північ""}]","[{""label"": ""PERS"", ""text"": ""Маріо"", ""start"": 32, ""end"": 37}, {""label"": ""PERS"", ""text"": ""тата"", ""start"": 54, ""end"": 58}, {""label"": ""ORG"", ""text"": ""заготівельною бригадою"", ""start"": 89, ""end"": 111}, {""label"": ""LOC"", ""text"": ""Північ"", ""start"": 115, ""end"": 121}, {""label"": ""PERS"", ""text"": ""мама"", ""start"": 160, ""end"": 164}]"
32b260ec86577cf1e5226526035f4a905f8f15cbd141bbf517dd48e66676653a,"В найбільш відповідальні моменти допомагав дядя Коля — він відмазав племінника від війська , він допоміг йому влаштуватися на заочне відділення , він час від часу підкидав роботу .","[{""label"": ""PERS"", ""text"": ""Коля""}]","[{""label"": ""PERIOD"", ""text"": ""В найбільш відповідальні моменти"", ""start"": 0, ""end"": 32}, {""label"": ""PERS"", ""text"": ""дядя Коля"", ""start"": 43, ""end"": 52}, {""label"": ""ORG"", ""text"": ""заочне відділення"", ""start"": 126, ""end"": 143}, {""label"": ""JOB"", ""text"": ""роботу"", ""start"": 172, ""end"": 178}]"
9bca9cbd8905b8c0319ac837efb10af8616b1db82bce1b842ac49b881d56c4fc,"Але ставився до малого з підозрою , тримаючи на відстані . Маріо це розумів , тож у свої тридцять довіряв лише провидінню .","[{""label"": ""PERS"", ""text"": ""Маріо""}]","[{""label"": ""PERS"", ""text"": ""Маріо"", ""start"": 59, ""end"": 64}]"
39c16995c07ef2eaa3c75ac0c970a05ee7187bbeb6b2c2838398d8b6436723f8,Хоча довіри воно відверто не заслуговувало .,[],[]
a8419e10b127b913d8135b3b31d56424107d0c3d10a9277c673c00459f5ec076,"Робота не була цікавою , проте й особливих зусиль від підмайстра не вимагала — Маріо тягав меблі , лакував деталі , зачищав дерево .","[{""label"": ""JOB"", ""text"": ""підмайстра""}, {""label"": ""PERS"", ""text"": ""Маріо""}]","[{""label"": ""JOB"", ""text"": ""підмайстра"", ""start"": 54, ""end"": 64}, {""label"": ""PERS"", ""text"": ""Маріо"", ""start"": 79, ""end"": 84}, {""label"": ""ART"", ""text"": ""меблі"", ""start"": 91, ""end"": 96}, {""label"": ""ART"", ""text"": ""лакував деталі"", ""start"": 99, ""end"": 113}]"
275621547785e9d8a5001da5d8b4527becd2577c41abc74874eb3dc80b546fe8,"Коли шеф вибігав у справах , Яша йшов за вином , а Маріо валявся на канапі й гортав старі газети , дивуючись прочитаному .","[{""label"": ""JOB"", ""text"": ""шеф""}, {""label"": ""PERS"", ""text"": ""Яша""}, {""label"": ""PERS"", ""text"": ""Маріо""}]","[{""label"": ""JOB"", ""text"": ""шеф"", ""start"": 5, ""end"": 8}, {""label"": ""PERS"", ""text"": ""Яша"", ""start"": 29, ""end"": 32}, {""label"": ""MISC"", ""text"": ""вином"", ""start"": 41, ""end"": 46}, {""label"": ""PERS"", ""text"": ""Маріо"", ""start"": 51, ""end"": 56}, {""label"": ""LOC"", ""text"": ""канапі"", ""start"": 68, ""end"": 74}, {""label"": ""ART"", ""text"": ""старі газети"", ""start"": 84, ""end"": 96}]"
35c1365ab63de6c014a22dd17eefb5be5d68a4d401e560f8e75b11f307ec2478,"Магазин із вином знаходився напроти майстерні , вмурований у заводську прохідну . Яшу там знали й не любили .","[{""label"": ""PERS"", ""text"": ""Яшу""}]","[{""label"": ""ORG"", ""text"": ""Магазин із вином"", ""start"": 0, ""end"": 16}, {""label"": ""LOC"", ""text"": ""майстерні"", ""start"": 36, ""end"": 45}, {""label"": ""LOC"", ""text"": ""заводську прохідну"", ""start"": 61, ""end"": 79}, {""label"": ""PERS"", ""text"": ""Яшу"", ""start"": 82, ""end"": 85}]"
a58758ca528bbaca6691214345ef5009bffa314561affe5cd66f0e4a5ba7df66,"До учня свого Яша ставився з педагогічною ніжністю , навіть за вином бігав сам .","[{""label"": ""PERS"", ""text"": ""Яша""}]","[{""label"": ""PERS"", ""text"": ""Яша"", ""start"": 14, ""end"": 17}, {""label"": ""MISC"", ""text"": ""вином"", ""start"": 63, ""end"": 68}]"
cb33b14468d540b82adbefe824ddb6a2e40aea659036fb361161d40f80fa4724,"Випивши , майстер багато розповідав про життя , Маріо слухав неуважно , а почутому не надто вірив , бо коли вірити Яші , виходило так , що в світі не лишилося жінок , з якими він не спав , і чоловіків , з якими він не пив .","[{""label"": ""JOB"", ""text"": ""майстер""}, {""label"": ""PERS"", ""text"": ""Маріо""}, {""label"": ""PERS"", ""text"": ""Яші""}]","[{""label"": ""PERS"", ""text"": ""майстер"", ""start"": 10, ""end"": 17}, {""label"": ""PERS"", ""text"": ""Маріо"", ""start"": 48, ""end"": 53}, {""label"": ""PERS"", ""text"": ""Яші"", ""start"": 115, ""end"": 118}, {""label"": ""LOC"", ""text"": ""світі"", ""start"": 141, ""end"": 146}]"
7ee3c6be45e2837a0a18a38a2677adb1e3d8bffb9212863fb641e6f997904498,"На роботу Маріо приходив у кедах , перемащених лаком , широких білих джинсах , так само залитих кольоровою хімією , й волонтерських швейцарських футболках , яких його мама тримала вдома цілий набір .","[{""label"": ""PERS"", ""text"": ""Маріо""}]","[{""label"": ""PERS"", ""text"": ""Маріо"", ""start"": 10, ""end"": 15}, {""label"": ""ART"", ""text"": ""кедах , перемащених лаком"", ""start"": 27, ""end"": 52}, {""label"": ""ART"", ""text"": ""широких білих джинсах"", ""start"": 55, ""end"": 76}, {""label"": ""ART"", ""text"": ""так само залитих кольоровою хімією"", ""start"": 79, ""end"": 113}, {""label"": ""ART"", ""text"": ""волонтерських швейцарських футболках"", ""start"": 118, ""end"": 154}, {""label"": ""PERS"", ""text"": ""мама"", ""start"": 167, ""end"": 171}]"
33cf24c963af90940d4e50ba3fd24effeb4689b6150e1400bdbd2c3c7738774b,"Мав спокійний , дещо замкнутий характер і добру натуру , роботою не переймався , давно би звільнився , якби не Коля . Колю він боявся , Коля пригнічував його своєю нав’язливою байдужістю .","[{""label"": ""PERS"", ""text"": ""Коля""}, {""label"": ""PERS"", ""text"": ""Колю""}, {""label"": ""PERS"", ""text"": ""Коля""}]","[{""label"": ""MISC"", ""text"": ""роботою"", ""start"": 57, ""end"": 64}, {""label"": ""PERS"", ""text"": ""Коля"", ""start"": 111, ""end"": 115}, {""label"": ""PERS"", ""text"": ""Колю"", ""start"": 118, ""end"": 122}, {""label"": ""PERS"", ""text"": ""Коля"", ""start"": 136, ""end"": 140}]"
47799dbe6bd9699416c74a34e607cbbb0366220ec69ca698ab8bcc8f80e7aa18,"З усім іншим у Маріо проблем не було — друзів не мав , з мамою жив разом , але розмовляв рідко , оскільки нічого нового мама йому не розповідала , а зі старого й давно відомого йому мало що подобалось .","[{""label"": ""PERS"", ""text"": ""Маріо""}]","[{""label"": ""MISC"", ""text"": ""З усім іншим"", ""start"": 0, ""end"": 12}, {""label"": ""PERS"", ""text"": ""Маріо"", ""start"": 15, ""end"": 20}, {""label"": ""PERS"", ""text"": ""мамою"", ""start"": 57, ""end"": 62}, {""label"": ""PERS"", ""text"": ""мама"", ""start"": 120, ""end"": 124}]"
deb18fcb24cf3efb50fb69afdd9decfb9f51da44260e033cc335170d13cb6abf,"Любив спати вдень , під час сієсти йому зазвичай снилось щось екзотичне та загрозливе — змії з головами жінок , лисиці , що співали оперними голосами , будинки у вогні , й ріки , над якими літали веселі дракони .",[],"[{""label"": ""PERIOD"", ""text"": ""під час сієсти"", ""start"": 20, ""end"": 34}, {""label"": ""MISC"", ""text"": ""змії з головами жінок"", ""start"": 88, ""end"": 109}, {""label"": ""MISC"", ""text"": ""лисиці , що співали оперними голосами"", ""start"": 112, ""end"": 149}, {""label"": ""MISC"", ""text"": ""будинки у вогні"", ""start"": 152, ""end"": 167}, {""label"": ""LOC"", ""text"": ""ріки"", ""start"": 172, ""end"": 176}, {""label"": ""MISC"", ""text"": ""веселі дракони"", ""start"": 196, ""end"": 210}]"
2a608ecef0b42b59b9f414d1498ef469f391a9b8052aa01e68c8b8c50e6fcf2f,"Прокинувшись по обіді , вилізав через вікно на подвір’я й сидів на лаві .",[],"[{""label"": ""LOC"", ""text"": ""подвір’я"", ""start"": 47, ""end"": 55}, {""label"": ""ART"", ""text"": ""лаві"", ""start"": 67, ""end"": 71}]"
6ebd78cfa3ed3b726ca7414f377386b5ae61b47ad06ddecd4279ef9d9bfe1d22,"Його обступали пси , втім , без особливого завзяття — що можна взяти з такого дивного пасажира , який пахне лаком і деревом , що в нього може бути в кишенях , окрім цвяхів , мотузок , схожих на кулеметні набої металевих прямовисів і гострих циркулів ?",[],"[{""label"": ""PERS"", ""text"": ""Його"", ""start"": 0, ""end"": 4}, {""label"": ""PERS"", ""text"": ""пасажира"", ""start"": 86, ""end"": 94}, {""label"": ""ART"", ""text"": ""цвяхів"", ""start"": 165, ""end"": 171}, {""label"": ""ART"", ""text"": ""мотузок"", ""start"": 174, ""end"": 181}, {""label"": ""ART"", ""text"": ""кулеметні набої"", ""start"": 194, ""end"": 209}, {""label"": ""ART"", ""text"": ""металевих прямовисів"", ""start"": 210, ""end"": 230}, {""label"": ""ART"", ""text"": ""гострих циркулів"", ""start"": 233, ""end"": 249}]"
a2b8e7e742cddbaaf2c74a747be90d102ea0e4357bb7e68fd22b341ea142ec80,Іноді Маріо лишався працювати вночі .,"[{""label"": ""PERS"", ""text"": ""Маріо""}]","[{""label"": ""PERS"", ""text"": ""Маріо"", ""start"": 6, ""end"": 11}, {""label"": ""PERIOD"", ""text"": ""вночі"", ""start"": 30, ""end"": 35}]"
e6a130f661494697085012dee5147304b96f24dff92e0ba217627425953c1741,"Вмикав настільні лампи , й до кімнати відразу ж тяглися комахи та жуки , обпікаючись і падаючи на підлогу . Маріо блукав кімнатою й жуки весело хрускотіли під його ногами , ніби горіхи .","[{""label"": ""PERS"", ""text"": ""Маріо""}]","[{""label"": ""ART"", ""text"": ""настільні лампи"", ""start"": 7, ""end"": 22}, {""label"": ""LOC"", ""text"": ""кімнати"", ""start"": 30, ""end"": 37}, {""label"": ""MISC"", ""text"": ""жуки"", ""start"": 66, ""end"": 70}, {""label"": ""PERS"", ""text"": ""Маріо"", ""start"": 108, ""end"": 113}, {""label"": ""LOC"", ""text"": ""кімнатою"", ""start"": 121, ""end"": 129}, {""label"": ""MISC"", ""text"": ""жуки"", ""start"": 132, ""end"": 136}]"
197b9ed749644ef654b0a2cc90d4ecea2e0dbc752a6e20c3ee26e2fa0868df29,"Тієї ночі він теж не спав , тримаючи в собі цей стан довгого безсоння , втому , що приходила на ранок , відчуття неприв’язаності до руху планет у небесах .",[],"[{""label"": ""PERIOD"", ""text"": ""Тієї ночі"", ""start"": 0, ""end"": 9}, {""label"": ""PERS"", ""text"": ""він"", ""start"": 10, ""end"": 13}]"
7af8f5e2caa85f6df3a19f8cbb70f6e1ed209c9c1590a7cb1079789dcd70530d,"Тридцять років — найкращий вік , аби тішитись часом , який минає , і не шкодувати , що він минає так швидко .",[],"[{""label"": ""PERIOD"", ""text"": ""Тридцять років"", ""start"": 0, ""end"": 14}]"
054c6b5693734470a8885e6f9e9106af263e2e43977ae1e4eaf3a8fecad45639,"Звички його давно склалися , неспокій розсмоктався , залежності набули чіткості .",[],"[{""label"": ""MISC"", ""text"": ""Звички"", ""start"": 0, ""end"": 6}, {""label"": ""MISC"", ""text"": ""залежності"", ""start"": 53, ""end"": 63}]"
d9b4a95df54659bc80765cc8cb9c35827a4a28cef45d7b17efb5699dbebc14ba,"Влітку особливо гостро хотілося не засинати , зберігаючи в собі примарність і минучість усієї темряви світу .",[],"[{""label"": ""PERIOD"", ""text"": ""Влітку"", ""start"": 0, ""end"": 6}]"
f080fc72356fa150d558813131e37debd77f6cbcf827aaeb82e6da722be02f61,"Десь о шостій ранку Маріо кінцево втратив орієнтацію в часі — сонце вже стояло над деревами , але й місяць так само висів угорі , відчуття було таке , що місто давно прокинулося й усі займаються важливими справами , від чого Маріо охопив незрозумілий неспокій , якесь передчуття , ніби планети вишикувались над ним , натякаючи на початок чогось важливого й неймовірного в його житті , чогось , що має початися саме цими дивними днями , наприкінці червня , коли сонця й місяці множаться й ховаються в повітрі , мов лисиці в теплій траві .","[{""label"": ""TIME"", ""text"": ""шостій ранку""}, {""label"": ""PERS"", ""text"": ""Маріо""}, {""label"": ""PERS"", ""text"": ""Маріо""}]","[{""label"": ""PERS"", ""text"": ""Маріо"", ""start"": 20, ""end"": 25}, {""label"": ""ART"", ""text"": ""сонце"", ""start"": 62, ""end"": 67}, {""label"": ""ART"", ""text"": ""місяць"", ""start"": 100, ""end"": 106}, {""label"": ""LOC"", ""text"": ""місто"", ""start"": 154, ""end"": 159}, {""label"": ""PERS"", ""text"": ""Маріо"", ""start"": 225, ""end"": 230}, {""label"": ""MISC"", ""text"": ""планети"", ""start"": 286, ""end"": 293}, {""label"": ""ART"", ""text"": ""місяці"", ""start"": 469, ""end"": 475}]"
ed79db3ec8845888f88be360fd85deeca98664718e173418e9b99a1ad6f2cabc,"Він зачинив вікна , вийшов на вулицю , дістав телефон , аби подивитись , котра година .",[],"[{""label"": ""PERS"", ""text"": ""Він"", ""start"": 0, ""end"": 3}, {""label"": ""LOC"", ""text"": ""вулицю"", ""start"": 30, ""end"": 36}, {""label"": ""ART"", ""text"": ""телефон"", ""start"": 46, ""end"": 53}, {""label"": ""TIME"", ""text"": ""котра година"", ""start"": 73, ""end"": 85}]"
d64d5e583db28dad684cedbcb4c0746db569aee7ed45119560221fcdc9faee63,"Саме тоді йому зателефонував Коля . Коля торгував овочами , мав два кіоски на Кінному , два в місті .","[{""label"": ""PERS"", ""text"": ""Коля""}, {""label"": ""PERS"", ""text"": ""Коля""}, {""label"": ""LOC"", ""text"": ""Кінному""}]","[{""label"": ""PERS"", ""text"": ""Коля"", ""start"": 29, ""end"": 33}, {""label"": ""PERS"", ""text"": ""Коля"", ""start"": 36, ""end"": 40}, {""label"": ""MISC"", ""text"": ""овочами"", ""start"": 50, ""end"": 57}, {""label"": ""LOC"", ""text"": ""Кінному"", ""start"": 78, ""end"": 85}, {""label"": ""LOC"", ""text"": ""місті"", ""start"": 94, ""end"": 99}]"
2ded4a804d270f978e29de2400b46234cd1a110485699bfa6a40aebc851dac3a,В одному з них працювала мама Маріо .,"[{""label"": ""PERS"", ""text"": ""Маріо""}]","[{""label"": ""ORG"", ""text"": ""В одному з них"", ""start"": 0, ""end"": 14}, {""label"": ""PERS"", ""text"": ""мама Маріо"", ""start"": 25, ""end"": 35}]"
b282655d2404b979138601f12eb60f70a2f1ba297982cece2dfc4dc6260db219,"На початку літа спробував відкрити ще один , п’ятий , і прогорів .",[],"[{""label"": ""PERIOD"", ""text"": ""початку літа"", ""start"": 3, ""end"": 15}]"
851c72505aff717a85dd8b684ff43412541d50a654f69653f87feef824a70da0,Від нервів сіла підшлункова .,[],[]
25f927714c5884cab754ee4e4420946dd912c267345590b59f7e9d35786a3d07,"До лікарів Коля вирішив не звертатись , традиційно лікуючись алкоголем .","[{""label"": ""JOB"", ""text"": ""лікарів""}, {""label"": ""PERS"", ""text"": ""Коля""}]","[{""label"": ""PERS"", ""text"": ""Коля"", ""start"": 11, ""end"": 15}, {""label"": ""MISC"", ""text"": ""алкоголем"", ""start"": 61, ""end"": 70}]"
368c76e35852dc028feab09b0633992111729fb8c06388edc36a35e47889b40b,"Вчора зранку попхався на весілля до доньки однієї своєї однокласниці , що пару років тому померла , лишивши по собі добру пам’ять і дорослу спадкоємицю .",[],"[{""label"": ""DATE"", ""text"": ""Вчора зранку"", ""start"": 0, ""end"": 12}, {""label"": ""PERS"", ""text"": ""доньки"", ""start"": 36, ""end"": 42}, {""label"": ""PERS"", ""text"": ""однієї своєї однокласниці"", ""start"": 43, ""end"": 68}, {""label"": ""MISC"", ""text"": ""добру пам’ять"", ""start"": 116, ""end"": 129}]"
1099fc0396cb694d3df34723be591adc745d49879fac94429dfc2115348c3c38,"Вітав молодих , говорив про сімейні обов’язки , чіплявся до жінок , сварився з чоловіками .",[],"[{""label"": ""MISC"", ""text"": ""сімейні обов’язки"", ""start"": 28, ""end"": 45}]"
cb6a391dbfb1d9e71b622b1f5a5b990290e015647c5684809846ed30e8687ea8,Поночі його скрутило .,[],"[{""label"": ""PERS"", ""text"": ""Поночі"", ""start"": 0, ""end"": 6}]"
06a430df5fcc2ba590746bd094d80c17766836df182a5640407bb26950c057da,Опинився в лікарні .,[],"[{""label"": ""ORG"", ""text"": ""лікарні"", ""start"": 11, ""end"": 18}]"
cf0e08a89a758ce7b1baf2c8a63528a8af2daf32d395d310d2d2769f15689366,Гнівався .,[],"[{""label"": ""PERS"", ""text"": ""Гнівався"", ""start"": 0, ""end"": 8}]"
64487ee76589e0c91180f88c403e4181853c2f8ee8932de89e4f4e716d370b16,Сварився з лікаркою .,"[{""label"": ""JOB"", ""text"": ""лікаркою""}]","[{""label"": ""JOB"", ""text"": ""лікаркою"", ""start"": 11, ""end"": 19}]"
3e0dba7d01d2134bd6df043ab9b8cb79035020853f5b2b0280773870812ce628,"Щойно та пішла , набрав племінника .",[],"[{""label"": ""JOB"", ""text"": ""племінника"", ""start"": 24, ""end"": 34}]"
17c6d97c8076aa7ba06aeea057053a73d599cf5b4e0a4881c4adac95e7fd33d1,"— Марічек , — обережно й сухо добирав слова , аби не видатися надто безпомічним , — говорити не можу — тут сплять .","[{""label"": ""PERS"", ""text"": ""Марічек""}]","[{""label"": ""PERS"", ""text"": ""Марічек"", ""start"": 2, ""end"": 9}, {""label"": ""LOC"", ""text"": ""тут сплять"", ""start"": 103, ""end"": 113}]"
ec23d0345e7baf76b23cdc6bc7de360c8f9c60427faf66de36568a8bc13dd664,"Зроби так — сходи до мене , ключі в тебе є , візьми зубну щітку , візьми бритву , візьми фен , візьми домашнє взуття , візьми рушники , білизну , журнали , грілку , карти ( я зараз про гральні говорю , ти розумієш ) , миску , ложку , набір ножів , кілька свіжих сорочок , краватки , носові хустинки , чайник , термос , тостер …",[],"[{""label"": ""PERS"", ""text"": ""мене"", ""start"": 21, ""end"": 25}, {""label"": ""MISC"", ""text"": ""ключі"", ""start"": 28, ""end"": 33}, {""label"": ""ART"", ""text"": ""зубну щітку"", ""start"": 52, ""end"": 63}, {""label"": ""ART"", ""text"": ""бритву"", ""start"": 73, ""end"": 79}, {""label"": ""ART"", ""text"": ""фен"", ""start"": 89, ""end"": 92}, {""label"": ""ART"", ""text"": ""домашнє взуття"", ""start"": 102, ""end"": 116}, {""label"": ""ART"", ""text"": ""рушники"", ""start"": 126, ""end"": 133}, {""label"": ""ART"", ""text"": ""білизну"", ""start"": 136, ""end"": 143}, {""label"": ""ART"", ""text"": ""журнали"", ""start"": 146, ""end"": 153}, {""label"": ""ART"", ""text"": ""грілку"", ""start"": 156, ""end"": 162}, {""label"": ""ART"", ""text"": ""карти"", ""start"": 165, ""end"": 170}, {""label"": ""MISC"", ""text"": ""гральні"", ""start"": 185, ""end"": 192}, {""label"": ""ART"", ""text"": ""миску"", ""start"": 218, ""end"": 223}, {""label"": ""ART"", ""text"": ""ложку"", ""start"": 226, ""end"": 231}, {""label"": ""ART"", ""text"": ""набір ножів"", ""start"": 234, ""end"": 245}, {""label"": ""ART"", ""text"": ""краватки"", ""start"": 272, ""end"": 280}, {""label"": ""ART"", ""text"": ""носові хустинки"", ""start"": 283, ""end"": 298}, {""label"": ""ART"", ""text"": ""чайник"", ""start"": 301, ""end"": 307}, {""label"": ""ART"", ""text"": ""термос"", ""start"": 310, ""end"": 316}, {""label"": ""ART"", ""text"": ""тостер"", ""start"": 319, ""end"": 325}]"
e4bcafdef620158db2acac48b425278ed7163f202f1c961f640a9b3b901c4033,— Ви що — переїжджаєте ? — перебив його Маріо .,"[{""label"": ""PERS"", ""text"": ""Маріо""}]","[{""label"": ""PERS"", ""text"": ""Маріо"", ""start"": 40, ""end"": 45}]"
cecfc48a0bd1e04120edfaab93b6992ea1a89b99a299e5f8fadac16a0b94dafa,"— Я в палаті , — жорстко відповів Коля . Маріо злякався .","[{""label"": ""PERS"", ""text"": ""Коля""}, {""label"": ""PERS"", ""text"": ""Маріо""}]","[{""label"": ""LOC"", ""text"": ""палаті"", ""start"": 6, ""end"": 12}, {""label"": ""PERS"", ""text"": ""Коля"", ""start"": 34, ""end"": 38}, {""label"": ""PERS"", ""text"": ""Маріо"", ""start"": 41, ""end"": 46}]"
287d8525952b0473e4b0ea6b493cb2642f6e5d57daa83b4fd89b65abd3d04b58,А Коля продовжив :,"[{""label"": ""PERS"", ""text"": ""Коля""}]","[{""label"": ""PERS"", ""text"": ""Коля"", ""start"": 2, ""end"": 6}]"
ac76491c3d252b0e2e0615bd04a5371c5b88eb28432213b1ca45fff4bef0ead8,— Мене прямо з весілля забрали .,[],"[{""label"": ""PERS"", ""text"": ""Мене"", ""start"": 2, ""end"": 6}]"
d8fda71d397368a76e3398ae91b908da565fbb76d9b15277d6e5dd3361060aac,Вночі .,[],"[{""label"": ""PERIOD"", ""text"": ""Вночі"", ""start"": 0, ""end"": 5}]"
67e493e9007c0886b3aa008f8bf6db6f11b09236c071891f1932df7cab6608ba,"Навіть переодягнутись не маю в що . — Давай , Марічек , давай , — тиснув на племінника холодно , — рухайся , рухайся .","[{""label"": ""PERS"", ""text"": ""Марічек""}]","[{""label"": ""PERS"", ""text"": ""Марічек"", ""start"": 46, ""end"": 53}, {""label"": ""PERS"", ""text"": ""племінника"", ""start"": 76, ""end"": 86}]"
ef1d787819ed8f6e31518662453a0877825460e087af99f1e953e35ad0d36dec,"Нервовість його передалася Маріо . Коля вмів напружити , любив тримати все під контролем , монтував систему родинних стосунків , ніби липку павутину , й страшенно ображався , якщо комусь траплялося вирватись із його ніжних чіпких обіймів .","[{""label"": ""PERS"", ""text"": ""Маріо""}, {""label"": ""PERS"", ""text"": ""Коля""}]","[{""label"": ""PERS"", ""text"": ""Маріо"", ""start"": 27, ""end"": 32}, {""label"": ""PERS"", ""text"": ""Коля"", ""start"": 35, ""end"": 39}]"
fd47c80f3dc4bd7481a52ecb73f8537a2cc3758be8c222361c492ce4c614c035,"Багато говорив про рідних , говорив загалом добре , але ставився до них при цьому ніби до боржників .",[],[]
0a007a716e5ad1f7ab44f901bc9eba1107ce75b02eb54abaa8b42756ea251dad,"Мешкав Коля в двоповерховому будинку неподалік , йому належав цілий перший поверх .","[{""label"": ""PERS"", ""text"": ""Коля""}]","[{""label"": ""PERS"", ""text"": ""Коля"", ""start"": 7, ""end"": 11}, {""label"": ""ORG"", ""text"": ""двоповерховому будинку"", ""start"": 14, ""end"": 36}]"
2acf0207152a85a3c369c44bebf214a249d1216bb8f223bda62ad4596269a2eb,"Будинок стояв у глибині двору , з вулиці його навіть не було видно .",[],"[{""label"": ""ART"", ""text"": ""Будинок"", ""start"": 0, ""end"": 7}, {""label"": ""LOC"", ""text"": ""глибині двору"", ""start"": 16, ""end"": 29}, {""label"": ""LOC"", ""text"": ""вулиці"", ""start"": 34, ""end"": 40}]"
5e0e3e9838d18dbbe4cddd5e330eebf8959e592f95b7a645b5c2d7634de42113,"Стіни пропускали вологу , балкони провисали , стеля могла давно обвалитись , проте трималась на якихось невидимих кріпленнях та опорах .",[],"[{""label"": ""ART"", ""text"": ""Стіни"", ""start"": 0, ""end"": 5}, {""label"": ""ART"", ""text"": ""балкони"", ""start"": 26, ""end"": 33}, {""label"": ""ART"", ""text"": ""стеля"", ""start"": 46, ""end"": 51}]"
ec21406f76d40fbe3f868db190964cb4b5423f21ab46dd3b524c375362e60e68,"Кімнатами Коля вміло розставляв відра та баняки , наче хитромудрі пастки , до яких намагався піймати коштовні дощові краплі .","[{""label"": ""PERS"", ""text"": ""Коля""}]","[{""label"": ""ORG"", ""text"": ""Кімнатами"", ""start"": 0, ""end"": 9}, {""label"": ""PERS"", ""text"": ""Коля"", ""start"": 10, ""end"": 14}, {""label"": ""ART"", ""text"": ""відра та баняки"", ""start"": 32, ""end"": 47}, {""label"": ""MON"", ""text"": ""коштовні дощові краплі"", ""start"": 101, ""end"": 123}]"
43a7150ede3bfe5b45b8bed6d9cb95a9a984be8cb398b2ae6582557c2361967c,"За радянської влади в будинку жили чотири родини — Коліна родина займала дві кімнати на першому поверсі , поруч із ними жили Павлови — Павлов -тато , інженер , Павлова мама , теж інженер , і їхня донька — істеричка й інтриганка .","[{""label"": ""PERS"", ""text"": ""Коліна""}, {""label"": ""PERS"", ""text"": ""Павлови""}, {""label"": ""PERS"", ""text"": ""Павлов""}, {""label"": ""JOB"", ""text"": ""інженер""}, {""label"": ""PERS"", ""text"": ""Павлова""}, {""label"": ""JOB"", ""text"": ""інженер""}]","[{""label"": ""PERS"", ""text"": ""Коліна родина"", ""start"": 51, ""end"": 64}, {""label"": ""LOC"", ""text"": ""першому поверсі"", ""start"": 88, ""end"": 103}, {""label"": ""PERS"", ""text"": ""Павлови"", ""start"": 125, ""end"": 132}, {""label"": ""PERS"", ""text"": ""Павлов"", ""start"": 135, ""end"": 141}, {""label"": ""JOB"", ""text"": ""інженер"", ""start"": 150, ""end"": 157}, {""label"": ""PERS"", ""text"": ""Павлова мама"", ""start"": 160, ""end"": 172}, {""label"": ""JOB"", ""text"": ""інженер"", ""start"": 179, ""end"": 186}, {""label"": ""JOB"", ""text"": ""інтриганка"", ""start"": 217, ""end"": 227}]"
accf55fa50917deda360e298e3b570283866b5df33000e5f5cc090f7e781c3cd,"Нагорі , прямо над ними , жив Шалва Шотович — грузинського роду , начальник цеху на Шевченка , самотній джигіт із купою зв’язків .","[{""label"": ""PERS"", ""text"": ""Шалва Шотович""}, {""label"": ""JOB"", ""text"": ""начальник""}, {""label"": ""LOC"", ""text"": ""Шевченка""}]","[{""label"": ""PERS"", ""text"": ""Шалва Шотович"", ""start"": 30, ""end"": 43}, {""label"": ""JOB"", ""text"": ""начальник цеху на Шевченка"", ""start"": 66, ""end"": 92}, {""label"": ""JOB"", ""text"": ""самотній джигіт"", ""start"": 95, ""end"": 110}, {""label"": ""MISC"", ""text"": ""купою зв’язків"", ""start"": 114, ""end"": 128}]"
c08ba6e4f3223e30207d3727ce06ff1ce920921342c164dd44b04950f0454bdd,"В іншому кутку на тому ж поверсі жили старі більшовики , Коля їх розрізняти так і не навчився .","[{""label"": ""PERS"", ""text"": ""Коля""}]","[{""label"": ""LOC"", ""text"": ""В іншому кутку на тому ж поверсі"", ""start"": 0, ""end"": 32}, {""label"": ""ORG"", ""text"": ""старі більшовики"", ""start"": 38, ""end"": 54}, {""label"": ""PERS"", ""text"": ""Коля"", ""start"": 57, ""end"": 61}]"
ce3760abd34e90527105347f4ef908ff73c7de31176e5d24f9835d66487c3047,"Можливо , вони просто добре конспірувалися .",[],"[{""label"": ""PERS"", ""text"": ""вони"", ""start"": 10, ""end"": 14}]"
6049e618af6bde5bf065b60fd0ae112915eba2ec5c3dfce64a9b7a4c8398ccbd,На початку дев’яностих Павлови виявились євреями й виїхали .,"[{""label"": ""PERS"", ""text"": ""Павлови""}]","[{""label"": ""PERIOD"", ""text"": ""початку дев’яностих"", ""start"": 3, ""end"": 22}, {""label"": ""PERS"", ""text"": ""Павлови"", ""start"": 23, ""end"": 30}]"
f8306c98a3acff2852cc728a473366666cd8a7d09590d84da01b6cc31dbb4249,Квартиру за копійки продали Колі .,"[{""label"": ""PERS"", ""text"": ""Колі""}]","[{""label"": ""ART"", ""text"": ""Квартиру"", ""start"": 0, ""end"": 8}, {""label"": ""MON"", ""text"": ""копійки"", ""start"": 12, ""end"": 19}, {""label"": ""PERS"", ""text"": ""Колі"", ""start"": 28, ""end"": 32}]"
0627a9f089bb2c44c05ae19b63411e1f92fbab97d49ece2c336db9cd084a38bd,Більшовиків ставало все менше .,[],"[{""label"": ""ORG"", ""text"": ""Більшовиків"", ""start"": 0, ""end"": 11}]"
c20a1da30de4e0181ec26c410520bf5cc7c140ccf65fc160260ac57f3986ed31,"Врешті , лишилась якась старенька .",[],"[{""label"": ""PERS"", ""text"": ""старенька"", ""start"": 24, ""end"": 33}]"
4c2ff93c1f474fe1de89cf0e8a7c1493e423f7f23d5c8135d4fc2e4fc1ccb332,Почувалась не найкращим чином .,[],[]
8d2e45f81beb0857059d5d5ca6524f2606dc989d95f18757afce2d73c807500d,"Іноді , побачивши себе в дзеркалі , лякалась . Коля її підгодовував . Шалва теж виїхав .","[{""label"": ""PERS"", ""text"": ""Коля""}, {""label"": ""PERS"", ""text"": ""Шалва""}]","[{""label"": ""PERS"", ""text"": ""Коля"", ""start"": 47, ""end"": 51}, {""label"": ""PERS"", ""text"": ""Шалва"", ""start"": 70, ""end"": 75}]"
8ae6285c86eea1e4f3321a1e8a6cc838284f7091513fec001e66aeab23d1f614,Але квартиру не продав .,[],"[{""label"": ""ART"", ""text"": ""квартиру"", ""start"": 4, ""end"": 12}]"
6ad103c9712ee52b54665d148a64dc670863117da04c2ba7b2f57a5f3095721e,"Час від часу , раз на два роки , прилітав звідкись із Гамбурга , де працював у порту .","[{""label"": ""PERIOD"", ""text"": ""два роки""}, {""label"": ""LOC"", ""text"": ""Гамбурга""}]","[{""label"": ""PERIOD"", ""text"": ""раз на два роки"", ""start"": 15, ""end"": 30}, {""label"": ""LOC"", ""text"": ""Гамбурга"", ""start"": 54, ""end"": 62}, {""label"": ""LOC"", ""text"": ""порту"", ""start"": 79, ""end"": 84}]"
e96a6388a2d956660bf5ee41d2fc1dcd399c0a8bf46892b57090d6ab1ba1f9c5,"Провітрював кімнати , сидів вечорами з Колею , розповідав про новий побут , не скаржився , хоча Коля все одно його втішав .","[{""label"": ""PERS"", ""text"": ""Колею""}, {""label"": ""PERS"", ""text"": ""Коля""}]","[{""label"": ""LOC"", ""text"": ""кімнати"", ""start"": 12, ""end"": 19}, {""label"": ""PERIOD"", ""text"": ""вечорами"", ""start"": 28, ""end"": 36}, {""label"": ""PERS"", ""text"": ""Колею"", ""start"": 39, ""end"": 44}, {""label"": ""MISC"", ""text"": ""новий побут"", ""start"": 62, ""end"": 73}, {""label"": ""PERS"", ""text"": ""Коля"", ""start"": 96, ""end"": 100}]"
ba982ed71a5f8fa37569ba2c014080d06fc128f49dee2257c72d52e847673fd3,"Квартиру Шалва продавати відмовлявся , незрозуміло чому , мовби тримав у запасі варіант відступу , ілюзію того , що все можна повернути , що все знову може бути добре .","[{""label"": ""PERS"", ""text"": ""Шалва""}]","[{""label"": ""ART"", ""text"": ""Квартиру"", ""start"": 0, ""end"": 8}, {""label"": ""PERS"", ""text"": ""Шалва"", ""start"": 9, ""end"": 14}]"
87b6a1b7274c72fdff8d7cc557c73e8ebb35532533e40ba15b053c704cb5c372,"На той час Коля лишився сам : батьки померли , сестри — Зіна й Марина — вийшли заміж , народили , розлучились , але повертатись до родинного гнізда не поспішали . Марина виховувала Маріо й працювала на брата . Зіна жила коло моря , приїздила рідко . Маріо бачив у цьому сімейне прокляття — мама його вийшла заміж , але невдало .","[{""label"": ""PERS"", ""text"": ""Коля""}, {""label"": ""PERS"", ""text"": ""Зіна""}, {""label"": ""PERS"", ""text"": ""Марина""}, {""label"": ""PERS"", ""text"": ""Марина""}, {""label"": ""PERS"", ""text"": ""Маріо""}, {""label"": ""PERS"", ""text"": ""Зіна""}, {""label"": ""PERS"", ""text"": ""Маріо""}]","[{""label"": ""PERS"", ""text"": ""Коля"", ""start"": 11, ""end"": 15}, {""label"": ""PERS"", ""text"": ""Зіна"", ""start"": 56, ""end"": 60}, {""label"": ""PERS"", ""text"": ""Марина"", ""start"": 63, ""end"": 69}, {""label"": ""PERS"", ""text"": ""Марина"", ""start"": 163, ""end"": 169}, {""label"": ""PERS"", ""text"": ""Маріо"", ""start"": 181, ""end"": 186}, {""label"": ""PERS"", ""text"": ""Зіна"", ""start"": 210, ""end"": 214}, {""label"": ""LOC"", ""text"": ""моря"", ""start"": 225, ""end"": 229}, {""label"": ""PERS"", ""text"": ""Маріо"", ""start"": 250, ""end"": 255}, {""label"": ""PERS"", ""text"": ""мама"", ""start"": 290, ""end"": 294}]"
14189cbdf56e474724d797d0b8c62b920f9ff91725cbbc9640ed36530251645f,"І тьотя Зіна вийшла заміж , але теж невдало . Маріо припускав , що якби Коля раптом теж надумав вийти заміж , у нього б теж нічого не вийшло .","[{""label"": ""PERS"", ""text"": ""Зіна""}, {""label"": ""PERS"", ""text"": ""Маріо""}, {""label"": ""PERS"", ""text"": ""Коля""}]","[{""label"": ""PERS"", ""text"": ""Зіна"", ""start"": 8, ""end"": 12}, {""label"": ""PERS"", ""text"": ""Маріо"", ""start"": 46, ""end"": 51}, {""label"": ""PERS"", ""text"": ""Коля"", ""start"": 72, ""end"": 76}]"
42763b74b3a4211aca0afa952c045d0ffcd87d3c7a8aae6a8d02c01a4fe48081,"Ховав у холодильнику великі суми грошей , тримав у коридорах привезені гуртовиками овочі , спав на двомісному дивані , розкинувшись і забувшись .",[],"[{""label"": ""ART"", ""text"": ""холодильнику"", ""start"": 8, ""end"": 20}, {""label"": ""MON"", ""text"": ""великі суми грошей"", ""start"": 21, ""end"": 39}, {""label"": ""LOC"", ""text"": ""коридорах"", ""start"": 51, ""end"": 60}, {""label"": ""ART"", ""text"": ""овочі"", ""start"": 83, ""end"": 88}, {""label"": ""ART"", ""text"": ""двомісному дивані"", ""start"": 99, ""end"": 116}]"
6d37b7e7616a057f791bf6b7732331b3433a3a583a8544d608901c5479cea69b,"З жінками йому не щастило , їм із ним — так само .",[],"[{""label"": ""PERS"", ""text"": ""йому"", ""start"": 10, ""end"": 14}, {""label"": ""PERS"", ""text"": ""ним"", ""start"": 34, ""end"": 37}]"
0e6397600d1f72404e6ad7e2d3559bf015cbdc20baf4e9e3bbcb7c9228744afd,"Мав оливкового кольору шкіру , вузькі очі , недовірливий важкий погляд , невиразну усмішку , жовті зуби старого вуличного пса , слабкі легені й заплиле жиром серце .",[],[]
71055903fe123c64934a6f0d0662c22f720c2cbd83383316a459347d5e976e82,Сніданки Коля готував собі сам .,"[{""label"": ""PERS"", ""text"": ""Коля""}]","[{""label"": ""ART"", ""text"": ""Сніданки"", ""start"": 0, ""end"": 8}, {""label"": ""PERS"", ""text"": ""Коля"", ""start"": 9, ""end"": 13}]"
04da8255d2e3d08071dec62270fc5474b011f1a10a11151b9b6eca0b5f30cf09,Все так чи інакше мало закінчитись підшлунковою .,[],[]
bb878aa41e4e82b1125ecccc257a8f2e89cd1b331decd6ccc8d59bc33708ee37,"Він знайшов ключі , відчинив двері , пройшов коридором , потрапив до обжитих Колею кімнат .","[{""label"": ""PERS"", ""text"": ""Колею""}]","[{""label"": ""PERS"", ""text"": ""Він"", ""start"": 0, ""end"": 3}, {""label"": ""ART"", ""text"": ""ключі"", ""start"": 12, ""end"": 17}, {""label"": ""PERS"", ""text"": ""Колею"", ""start"": 77, ""end"": 82}]"
b53e286f0976dacded9e11d70bb9066ee9ee2190d1609de2b9574b3918c84525,"В помешканні горою лежала зелень і стояв пил , дещо зарізко відгонило ліками , дещо приглушено — горілою їжею .",[],"[{""label"": ""LOC"", ""text"": ""В помешканні горою"", ""start"": 0, ""end"": 18}, {""label"": ""MISC"", ""text"": ""зелень"", ""start"": 26, ""end"": 32}, {""label"": ""MISC"", ""text"": ""пил"", ""start"": 41, ""end"": 44}, {""label"": ""MISC"", ""text"": ""ліками"", ""start"": 70, ""end"": 76}, {""label"": ""ART"", ""text"": ""горілою їжею"", ""start"": 97, ""end"": 109}]"
214032cf417d0dfcb71c4a9ac3a1bd4bd95840aab3870972214af05c7a1e072d,"В першій кімнаті над столом зависала нова модна люстра , з кількома світильниками .",[],"[{""label"": ""LOC"", ""text"": ""першій кімнаті"", ""start"": 2, ""end"": 16}, {""label"": ""ART"", ""text"": ""нова модна люстра"", ""start"": 37, ""end"": 54}]"
8c8d8f477aa0e996728552d89e6e01630ed78116329ecb96830f155c96a7e8a2,"Світив , утім , лише один .",[],"[{""label"": ""PERS"", ""text"": ""Світив"", ""start"": 0, ""end"": 6}]"
e11c8fcd1848cb46a55b8eb08f36bbc612eeaa5319e800505d508983a612fb8b,"В кутку стояли дві пральні машини — в одній Коля прав , в іншій зберігав випране .","[{""label"": ""PERS"", ""text"": ""Коля""}]","[{""label"": ""LOC"", ""text"": ""В кутку"", ""start"": 0, ""end"": 7}, {""label"": ""PERS"", ""text"": ""Коля прав"", ""start"": 44, ""end"": 53}, {""label"": ""ART"", ""text"": ""випране"", ""start"": 73, ""end"": 80}]"
1496a2bd18da1b03d4a2d33188d517606e7158af945c29a9c3cacb1ed16f5a96,В наступній кімнаті стояли шафи з новим фірмовим одягом і старими дитячими книгами .,[],"[{""label"": ""LOC"", ""text"": ""В наступній кімнаті"", ""start"": 0, ""end"": 19}, {""label"": ""ART"", ""text"": ""новим фірмовим одягом"", ""start"": 34, ""end"": 55}, {""label"": ""ART"", ""text"": ""старими дитячими книгами"", ""start"": 58, ""end"": 82}]"
7f506f8eafbfc244c529fdc0ae4c73e82bea443c8c7c2ddb43238cec9b40420c,"На підлозі лежали килими , густо посипані чіпсами .",[],"[{""label"": ""LOC"", ""text"": ""На підлозі"", ""start"": 0, ""end"": 10}, {""label"": ""ART"", ""text"": ""килими"", ""start"": 18, ""end"": 24}, {""label"": ""ART"", ""text"": ""чіпсами"", ""start"": 42, ""end"": 49}]"
2c194f7a1ccb26e60f0f64f6d9a38b8d8dc36c88deec5d6dc825fa221a829015,"Далі Маріо наткнувся на непід’єднаний дріт кабельного й невимкнений подовжувач із тостером на кінці . Коля любив хай-тек , але мав проблеми з проводкою .","[{""label"": ""PERS"", ""text"": ""Маріо""}, {""label"": ""PERS"", ""text"": ""Коля""}]","[{""label"": ""PERS"", ""text"": ""Маріо"", ""start"": 5, ""end"": 10}, {""label"": ""ART"", ""text"": ""непід’єднаний дріт кабельного"", ""start"": 24, ""end"": 53}, {""label"": ""PERS"", ""text"": ""Коля"", ""start"": 102, ""end"": 106}, {""label"": ""MISC"", ""text"": ""хай-тек"", ""start"": 113, ""end"": 120}]"
412d93b2839be7f3b919aa0fd9da3ad649c44a1aa2f2c9e7d56d433c7f557ac2,"Кімнати огортав присмерк від зачинених жалюзі , й повітря тримало в собі стільки запахів та встояного тепла , що Маріо не витримав і відчинив вікно .","[{""label"": ""PERS"", ""text"": ""Маріо""}]","[{""label"": ""LOC"", ""text"": ""Кімнати"", ""start"": 0, ""end"": 7}, {""label"": ""ART"", ""text"": ""жалюзі"", ""start"": 39, ""end"": 45}, {""label"": ""PERS"", ""text"": ""Маріо"", ""start"": 113, ""end"": 118}, {""label"": ""ART"", ""text"": ""вікно"", ""start"": 142, ""end"": 147}]"
6231163c4d0b7b3dddf2082656eb9ed7d92af75769548ce226ef500565519c0f,"Дістав пакет , почав збирати речі .",[],"[{""label"": ""ART"", ""text"": ""пакет"", ""start"": 7, ""end"": 12}, {""label"": ""ART"", ""text"": ""речі"", ""start"": 29, ""end"": 33}]"
2b33ca1e5a5d72bd9ad90a18b156cd432cdd6117cf54f8ed2cf9bc4e5bbcde3a,"Покопавшись , знайшов термос , рушники , білизну .",[],"[{""label"": ""ART"", ""text"": ""термос"", ""start"": 22, ""end"": 28}, {""label"": ""ART"", ""text"": ""рушники"", ""start"": 31, ""end"": 38}, {""label"": ""ART"", ""text"": ""білизну"", ""start"": 41, ""end"": 48}]"
4ff48773d70eccbacc095dc27bf25eeb53cc8141e9a079df2e1f6055cce9e8ac,"Згадав про зубну щітку . І це було так , як у невдашливого наїзника , котрий знову й знову стрибає на того ж коня , аж поки почав через нього перелітати .",[],"[{""label"": ""ART"", ""text"": ""зубну щітку"", ""start"": 11, ""end"": 22}, {""label"": ""PERS"", ""text"": ""невдашливого наїзника"", ""start"": 46, ""end"": 67}, {""label"": ""MISC"", ""text"": ""коня"", ""start"": 109, ""end"": 113}]"
56ea137687a1d4e5eebc957d16d1af3e0b80b6c595ad0eefa9527879cb9c1420,"І він , Теодор , добророзумно ті вправи припинив .","[{""label"": ""PERS"", ""text"": ""Теодор""}]","[{""label"": ""PERS"", ""text"": ""Теодор"", ""start"": 8, ""end"": 14}]"
6396ccbf06b9fde381517e6f1b844a95a516f261701617930ab0fb325f937752,"Отож жив собі , хліб свій їв , воду пив і виконував старатливо належну канцелярську роботу , не забуваючи помолитися Богові та святому Макарію , якому також , очевидно , набридло слухати його мольби , адже ті помалу перетворювались у вицвілу й висушену формулу , а все , в що не вкладається частка живого духу , стає мертве і недійове .","[{""label"": ""PERS"", ""text"": ""Богові""}, {""label"": ""PERS"", ""text"": ""святому Макарію""}]","[{""label"": ""PERS"", ""text"": ""святому Макарію"", ""start"": 127, ""end"": 142}]"
7dd4d57cfab989c155a91f237f1e9895e942b7e1d22c194f1857e3ebda2265b4,І про цю вельми серйозну рацію Теодор Петровський легковажно забувся й занадто вже покладався на прихильність до нього святого Макарія .,"[{""label"": ""PERS"", ""text"": ""Теодор Петровський""}, {""label"": ""PERS"", ""text"": ""святого Макарія""}]","[{""label"": ""PERS"", ""text"": ""Теодор Петровський"", ""start"": 31, ""end"": 49}, {""label"": ""PERS"", ""text"": ""святого Макарія"", ""start"": 119, ""end"": 134}]"
979fcf5ff74498fa284084898dba70f5b890e5c4f8328617db99b5ba71ca972a,"Відтак надійшов той фатальний день , який і додав до його історії належний кінець , тобто витворено композиційного кільця .",[],"[{""label"": ""DATE"", ""text"": ""фатальний день"", ""start"": 20, ""end"": 34}, {""label"": ""MISC"", ""text"": ""композиційного кільця"", ""start"": 100, ""end"": 121}]"
c47d0426085bebceec221dca42498bb84dec6dca49754c854e0da7e54eac11d6,"Осмислюючи це , Микола Лико , очевидно , захопившись , не зовсім науково почав доводити , ніби Г . Сковорода знав , як усе закінчилося з Теодором Петровським , і саме тому твір , до якого введено притчу про іноземців , що мандрували Індією , також назвав « Кільце » , але я , хоч титулований істориком тільки в дипломі , в цьому засумнівався , тобто ми ніби помінялися з приятелем місцями .","[{""label"": ""PERS"", ""text"": ""Микола Лико""}, {""label"": ""PERS"", ""text"": ""Г . Сковорода""}, {""label"": ""PERS"", ""text"": ""Теодором Петровським""}, {""label"": ""LOC"", ""text"": ""Індією""}, {""label"": ""ART"", ""text"": ""Кільце""}]","[{""label"": ""PERS"", ""text"": ""Микола Лико"", ""start"": 16, ""end"": 27}, {""label"": ""PERS"", ""text"": ""Г . Сковорода"", ""start"": 95, ""end"": 108}, {""label"": ""PERS"", ""text"": ""Теодором Петровським"", ""start"": 137, ""end"": 157}, {""label"": ""LOC"", ""text"": ""Індією"", ""start"": 233, ""end"": 239}, {""label"": ""ART"", ""text"": ""Кільце"", ""start"": 257, ""end"": 263}, {""label"": ""JOB"", ""text"": ""істориком"", ""start"": 292, ""end"": 301}]"
2ca262b33a38b2a83a0d55ebce01dc55e26ce8c837f9d6d72e968841b49ea967,"Але професор М . Лико звелів мені нагадати читачеві , що твір Г . Сковороди « Кільце » має підназву : « Дружня розмова про душевний мир » , хоч мені це уточнення здалося без особливого значення .","[{""label"": ""PERS"", ""text"": ""М . Лико""}, {""label"": ""PERS"", ""text"": ""Г . Сковороди""}, {""label"": ""ART"", ""text"": ""Кільце""}, {""label"": ""MISC"", ""text"": ""Дружня розмова про душевний мир""}]","[{""label"": ""PERS"", ""text"": ""професор М . Лико"", ""start"": 4, ""end"": 21}, {""label"": ""PERS"", ""text"": ""Г . Сковороди"", ""start"": 62, ""end"": 75}, {""label"": ""ART"", ""text"": ""Кільце"", ""start"": 78, ""end"": 84}, {""label"": ""ART"", ""text"": ""Дружня розмова про душевний мир"", ""start"": 104, ""end"": 135}]"
ef9177a5cbeb963cf53c9a5e86c5ff49430641ac5f09e133e673ca5aa1d4f7a3,"Пізніше я признав : щось тут є , адже справді — хіба після перебутої історії Теодор Петровський не шукав « душевного миру » ?","[{""label"": ""PERS"", ""text"": ""Теодор Петровський""}]","[{""label"": ""PERIOD"", ""text"": ""Пізніше"", ""start"": 0, ""end"": 7}, {""label"": ""PERS"", ""text"": ""Теодор Петровський"", ""start"": 77, ""end"": 95}, {""label"": ""MISC"", ""text"": ""душевного миру"", ""start"": 107, ""end"": 121}]"
7f85cce881c3202be7eb89e08e58ded401d9c94fb876e50c11f1eb790aec40dd,"Скільки ж минуло часу перебування нашого канцеляристи в « душевному мирі » , ні я , ні професор сказати не можемо , бо не відаємо , але обидва погодилися , що долі возом не об’їдеш , як би не об’їжджав її десятою дорогою чи й двадцятою , і то тому , що « спадок — се фатум » , як зазначила Леся Українка .","[{""label"": ""PERS"", ""text"": ""Леся Українка""}]","[{""label"": ""JOB"", ""text"": ""канцеляристи"", ""start"": 41, ""end"": 53}, {""label"": ""PERS"", ""text"": ""я"", ""start"": 80, ""end"": 81}, {""label"": ""PERS"", ""text"": ""професор"", ""start"": 87, ""end"": 95}, {""label"": ""MISC"", ""text"": ""спадок"", ""start"": 255, ""end"": 261}, {""label"": ""PERS"", ""text"": ""Леся Українка"", ""start"": 290, ""end"": 303}]"
4a298b5daff45f0540c007b062d3c206b025073d7f3030b338acf3b6df07b369,"Канцеляристу Теодора якось було послано зі службовою оборудкою , судовою , бо тоді він служив у полковому суді , до речі , не здобуваючи вищих посад , хоча обов’язки виконував вельми старатливо .","[{""label"": ""PERS"", ""text"": ""Теодора""}]","[{""label"": ""JOB"", ""text"": ""Канцеляристу"", ""start"": 0, ""end"": 12}, {""label"": ""PERS"", ""text"": ""Теодора"", ""start"": 13, ""end"": 20}, {""label"": ""MISC"", ""text"": ""судовою"", ""start"": 65, ""end"": 72}, {""label"": ""ORG"", ""text"": ""полковому суді"", ""start"": 96, ""end"": 110}]"
42bb8a6525612eabf93d6ce9b54508b6b1140788042007a472dc7d5c407cac41,"Поїхав бідкою на два колеса , сам нею й управляв .",[],"[{""label"": ""PERS"", ""text"": ""бідкою"", ""start"": 7, ""end"": 13}]"
c72ba9a0f572c21bd9a7e703b415db559ffada71a16db60f9163e013339751bf,"І ось десь у полях , де й досі стриміли стародавні могили , між яруг на нього звалилася така буря , якої він ще не переживав .",[],"[{""label"": ""LOC"", ""text"": ""полях"", ""start"": 13, ""end"": 18}, {""label"": ""ART"", ""text"": ""стародавні могили"", ""start"": 40, ""end"": 57}, {""label"": ""PERS"", ""text"": ""нього"", ""start"": 72, ""end"": 77}, {""label"": ""PERS"", ""text"": ""він"", ""start"": 105, ""end"": 108}]"
6ab85ee3f25aac38e87dd60a41c1ecc7f9d9293828d4f3452e5bc938c8cffb1e,"Угорі мигало й блимотіло , грім струшував не лише повітря , а й землю , потемніло так , ніби це був пізній вечір , хоча трохи світла залишалося .",[],"[{""label"": ""ART"", ""text"": ""мигало й блимотіло"", ""start"": 6, ""end"": 24}, {""label"": ""ART"", ""text"": ""грім"", ""start"": 27, ""end"": 31}, {""label"": ""LOC"", ""text"": ""землю"", ""start"": 64, ""end"": 69}, {""label"": ""PERIOD"", ""text"": ""пізній вечір"", ""start"": 100, ""end"": 112}]"
036e0ce5cb485948f352a1e52b553e5e25f3df88ae8695d489327a9eeb797f1f,"І йому здавалося , що могили в полях почали прочинятись і з них поставали сторч сірі стовпи , трохи ясніші барвою від неба й повітря , і ті стовпи ніби зводили догори руки й молилися чи проклинали .",[],"[{""label"": ""PERS"", ""text"": ""йому"", ""start"": 2, ""end"": 6}, {""label"": ""LOC"", ""text"": ""могили в полях"", ""start"": 22, ""end"": 36}, {""label"": ""ART"", ""text"": ""сторч сірі стовпи"", ""start"": 74, ""end"": 91}, {""label"": ""ART"", ""text"": ""стовпи"", ""start"": 140, ""end"": 146}]"
e97844c5d961b071e1e05a94e0cae1d026881bc44864a34a5a2fe5372e174710,"Вдалині йшов уже дощ , власне , злива , бо звідтіля долинав шум , який катастрофічно швидко наростав .",[],"[{""label"": ""LOC"", ""text"": ""Вдалині"", ""start"": 0, ""end"": 7}, {""label"": ""MISC"", ""text"": ""дощ"", ""start"": 17, ""end"": 20}, {""label"": ""MISC"", ""text"": ""злива"", ""start"": 32, ""end"": 37}, {""label"": ""ART"", ""text"": ""шум"", ""start"": 60, ""end"": 63}]"
5d4e38aa8ea676d135a317b19fc0921a1f545b3950ebf6c38375f032728d09bb,"Сховатися було ніде , бо , бувши лякливим , молодик дерев біля дороги остерігався — саме в такі бурі і спадають на їхні верхівки лискавки .",[],"[{""label"": ""PERS"", ""text"": ""молодик"", ""start"": 44, ""end"": 51}, {""label"": ""ART"", ""text"": ""лискавки"", ""start"": 129, ""end"": 137}]"
3481629a5ba4cee18ce69ed0e87e93422d18ae4c37228a2f5a7c213d5820c1d4,Принаймні в нутрі цього мерху кілька дерев уже горіло .,[],[]
f431c2ff52cfd4503e6a9dd2cee676d2c997b66853bfa4e55632963c8774b136,"Саме тоді Теодор і згадав про твердого свого приписа не їздити навпрошки і звернув зі шляху на путівця , а проїхавши ним якусь відстань і ще й досі не потрапивши під зливу , завернув ще раз .","[{""label"": ""PERS"", ""text"": ""Теодор""}]","[{""label"": ""PERS"", ""text"": ""Теодор"", ""start"": 10, ""end"": 16}, {""label"": ""LOC"", ""text"": ""путівця"", ""start"": 95, ""end"": 102}]"
fcf41a6fcaa4e8d9aad9f16f1ca9087e8dee72b4bb0ea87d584f518400f10d5a,"І хоча злива ярісно шуміла навкруги , йому вдавалося вишуковувати просвіти й шугати в них . Теодор зовсім не вичислював : чи це третя , чи п’ята , шоста чи восьма дорога ( всі вони , зрештою , мали б його кудись вивести ) , від частих завертань йому в голові запаморочилося , відтак , щоб освіжити ту голову , злива вже його не помилувала , а звалилася й на нього .","[{""label"": ""PERS"", ""text"": ""Теодор""}]","[{""label"": ""PERS"", ""text"": ""Теодор"", ""start"": 92, ""end"": 98}]"
f8ef7a34cfe6e72978d00a44596900b081a7553d9fd8bc04bb59fa98cb3046b0,"Зупинив коня й заліз під бідку , накрившись киреєю , і закоцюб , трусячись і наслухаючи , як хлющить над ним і навколо і як кирея наливається водою , відтак починає її пропускати .",[],"[{""label"": ""ART"", ""text"": ""коня"", ""start"": 8, ""end"": 12}, {""label"": ""ART"", ""text"": ""киреєю"", ""start"": 44, ""end"": 50}, {""label"": ""ART"", ""text"": ""кирея"", ""start"": 124, ""end"": 129}]"
7b030a8af399c51bdfc36673416d0d72c40282348fc6ff22f5ac8d355bd79a37,"Ще посидів під тим непевним прикриттям , дригочучи , бо вже був мокрий понікуди .",[],[]
6429b02213f92ebb0486249025eab669abbeaa537b166a9d05025025712ce472,"Відтак вирішив , що ліпше їхати , і знов пустив коня дорогою , яка не знати куди вела .",[],"[{""label"": ""LOC"", ""text"": ""дорогою"", ""start"": 53, ""end"": 60}]"
24f95b0c261277e7eb1c3d6f68cdd0ebb7f4c7f1ecab19415a5eae83fca0d102,"А довкола махали хвостами і гривами вогняні коні й лунко іржали , і від того жахкого іржання молодик мимоволі вбирав голову в плечі , бо йому здавалося , що те іржання — мов батоги , що лускають по мокрій наскрізь киреї .",[],"[{""label"": ""ART"", ""text"": ""вогняні коні"", ""start"": 36, ""end"": 48}, {""label"": ""PERS"", ""text"": ""молодик"", ""start"": 93, ""end"": 100}, {""label"": ""ART"", ""text"": ""батоги"", ""start"": 174, ""end"": 180}]"
fea617b82364b012fba21f2adc1620a9a3a69271caf05e59f2ab2175fec2f102,"Тоскно дивився з-під відлоги у сколочений Простір , і в голові майнула думка , що це його останній день , отже , ні за цапову душу тут і пропаде .",[],"[{""label"": ""PERS"", ""text"": ""Тоскно"", ""start"": 0, ""end"": 6}, {""label"": ""LOC"", ""text"": ""сколочений Простір"", ""start"": 31, ""end"": 49}, {""label"": ""TIME"", ""text"": ""останній день"", ""start"": 90, ""end"": 103}]"
c653bc5f28620900dd6e96519237c03c59d11ffbcbc53e229a4bf74ad0d718c2,"А може , це метафізично явилася йому на мить цапова душа від того козла , що на ньому колись їздив його героїчний предок і бабовал князь Семен Лико ; правда , про ту пригоду з князем нічого не знав , адже була прифантазована з використанням поеми С . Кленовича , яку він навряд чи читав .","[{""label"": ""PERS"", ""text"": ""Семен Лико""}, {""label"": ""PERS"", ""text"": ""С . Кленовича""}]","[{""label"": ""ART"", ""text"": ""козла"", ""start"": 66, ""end"": 71}, {""label"": ""PERS"", ""text"": ""князь Семен Лико"", ""start"": 131, ""end"": 147}, {""label"": ""PERS"", ""text"": ""С . Кленовича"", ""start"": 247, ""end"": 260}]"
6a353e03cd7cee1e072231a05b391e053dd3cd388e1f385515b0a6938405fc6a,"Але під цю містичну хвилю почувся також блудієм , однак інакшим , бо князь Семен блудив із жіночками та дівками , а Теодор блудив , бо згубив скерунок у дорозі .","[{""label"": ""PERS"", ""text"": ""Семен""}, {""label"": ""PERS"", ""text"": ""Теодор""}]","[{""label"": ""PERS"", ""text"": ""князь Семен"", ""start"": 69, ""end"": 80}, {""label"": ""MISC"", ""text"": ""жіночками та дівками"", ""start"": 91, ""end"": 111}, {""label"": ""PERS"", ""text"": ""Теодор"", ""start"": 116, ""end"": 122}]"
607f1f8ec6e78a4a12d98964c43cd380066927a23670638fe3fdd3b375b740ca,"Однак нам , авторам цих оповідок і читачеві , вже добре відома історія із цапом у прифантазованих пригодах князя Лика , отож я , автор , певний , що душа того цапа , який став дивним конем для князя , в цих полях напевне блукала ; зрештою , існували й інші аналогії , адже й Теодор літав , як і Семен Лико , а оця мандрівка в бурю хіба не подобала до князевого блукання , коли він , напившись малмазії , шукав воріт до міста й до власного дому .","[{""label"": ""PERS"", ""text"": ""Лика""}, {""label"": ""PERS"", ""text"": ""Теодор""}, {""label"": ""PERS"", ""text"": ""Семен Лико""}]","[{""label"": ""ART"", ""text"": ""цапом"", ""start"": 74, ""end"": 79}, {""label"": ""PERS"", ""text"": ""князя Лика"", ""start"": 107, ""end"": 117}, {""label"": ""PERS"", ""text"": ""автор"", ""start"": 129, ""end"": 134}, {""label"": ""ART"", ""text"": ""цапа"", ""start"": 159, ""end"": 163}, {""label"": ""PERS"", ""text"": ""Теодор"", ""start"": 275, ""end"": 281}, {""label"": ""PERS"", ""text"": ""Семен Лико"", ""start"": 295, ""end"": 305}, {""label"": ""MISC"", ""text"": ""малмазії"", ""start"": 393, ""end"": 401}, {""label"": ""LOC"", ""text"": ""міста"", ""start"": 419, ""end"": 424}]"
1ce14b5e692275eafa4de02717bf0608f57eb84e9694dad87d1700f430c8c797,"Отож : можна ствердити , що якихось воріт цього разу шукав і канцеляриста Петровський , тоскно дивлячись з-під кобки киреї , а в цьому світі існує непереступний закон : хто шукає , той знаходить .","[{""label"": ""PERS"", ""text"": ""Петровський""}]","[{""label"": ""JOB"", ""text"": ""канцеляриста"", ""start"": 61, ""end"": 73}, {""label"": ""PERS"", ""text"": ""Петровський"", ""start"": 74, ""end"": 85}]"
167519690144ae0e3581f5f073a17855f3e35201d8f1df1731f157cfb2c1bc9e,"Тим-то мойри мали посприяти , і то напевне , щоб він своє в тій буремній варвітні таки віднайшов .",[],"[{""label"": ""PERS"", ""text"": ""мойри"", ""start"": 7, ""end"": 12}, {""label"": ""PERS"", ""text"": ""він"", ""start"": 49, ""end"": 52}, {""label"": ""LOC"", ""text"": ""буремній варвітні"", ""start"": 64, ""end"": 81}]"
9c22d0f21d42ef4832ed19260c54cb3de64efda528953fdf4726b1259dcfc85b,І він те своє знайшов .,[],"[{""label"": ""PERS"", ""text"": ""він"", ""start"": 2, ""end"": 5}]"
8b2ded2cf45761274112adeae7576c545f2e721091d369133a8f1f4d1c756cc8,"У глибині зливного мороку уздрів щось таке , як мерехтіння кволого вогняти , що спалахував і пригасав , ніби говорячи до нього таємною світловою мовою .",[],"[{""label"": ""LOC"", ""text"": ""У глибині зливного мороку"", ""start"": 0, ""end"": 25}, {""label"": ""ART"", ""text"": ""мерехтіння кволого вогняти"", ""start"": 48, ""end"": 74}]"
b484266a3f027de44da05ce2951947a32df0296466f5dec82a03f83dfa31c6bf,"А блимало вогнятко з темного накописька — здається , це був хутір із садком , але пси звідтіля не гавкотіли ; очевидно , поховалися від бурі та спалахів і позаклякали .",[],"[{""label"": ""ART"", ""text"": ""вогнятко"", ""start"": 10, ""end"": 18}, {""label"": ""LOC"", ""text"": ""хутір із садком"", ""start"": 60, ""end"": 75}]"
ab7c06a4799ba30accd36af2f0787229a28d810265951f6fb3c45ee30867e326,"Від шляху до хутірця звертав мало в’їжджений путівець , на якому понуро поблимувало немало калюж більших і менших , у яких раз по раз відбивалися блискавичні спалахи .",[],"[{""label"": ""LOC"", ""text"": ""шляху до хутірця"", ""start"": 4, ""end"": 20}, {""label"": ""PERS"", ""text"": ""путівець"", ""start"": 45, ""end"": 53}, {""label"": ""MISC"", ""text"": ""блискавичні спалахи"", ""start"": 146, ""end"": 165}]"
4298149739eb09990931c037d643fceeaf3dd816f8265c771828100253dfb808,"Відтак молодикові здалося , що ті земляні ока підморгують йому ; при тому Теодор міг подумати , що й мерехке вогненя , що бачив удалині , могло бути блиманням такої ж калюжі .","[{""label"": ""PERS"", ""text"": ""Теодор""}]","[{""label"": ""PERS"", ""text"": ""молодикові"", ""start"": 7, ""end"": 17}, {""label"": ""MISC"", ""text"": ""земляні ока"", ""start"": 34, ""end"": 45}, {""label"": ""PERS"", ""text"": ""Теодор"", ""start"": 74, ""end"": 80}, {""label"": ""ART"", ""text"": ""мерехке вогненя"", ""start"": 101, ""end"": 116}, {""label"": ""LOC"", ""text"": ""удалині"", ""start"": 128, ""end"": 135}]"
a98a187d89cdd023b529803b91c5caafef99b6a5140d520648eb4d206a30f85c,"І мав рацію , але не в буденному розумінні , а в метафоричному , бо в буденному рація була первинною — до нього й справді таки присунувся хутір , але хлопакові здавалося , що не він до нього наближається , а той до нього .",[],"[{""label"": ""PERS"", ""text"": ""нього"", ""start"": 106, ""end"": 111}, {""label"": ""LOC"", ""text"": ""хутір"", ""start"": 138, ""end"": 143}, {""label"": ""PERS"", ""text"": ""хлопакові"", ""start"": 150, ""end"": 159}, {""label"": ""PERS"", ""text"": ""він"", ""start"": 178, ""end"": 181}, {""label"": ""PERS"", ""text"": ""той"", ""start"": 208, ""end"": 211}]"
b0684d028303b1229946974ca01fd685f72ec5b3b5bd19348ba79e07f43a7fd4,"Чому ж на метафоричному рівні можна трактувати вогника як відбиток од калюжі , збагнемо , дочитавши цього скрипта .",[],"[{""label"": ""ART"", ""text"": ""вогника"", ""start"": 47, ""end"": 54}]"
d5a4c87935c38c9236f0f80bf321fe55b45360e6c3fe3dd6cc901c7262811504,"Хутір був не бідний і не багатий , але господарчих прибудов ( клуня , стайня , обора , комора , спіжарня тощо ) було достатньо .",[],"[{""label"": ""PERS"", ""text"": ""Хутір"", ""start"": 0, ""end"": 5}, {""label"": ""MISC"", ""text"": ""господарчих прибудов"", ""start"": 39, ""end"": 59}, {""label"": ""ART"", ""text"": ""клуня"", ""start"": 62, ""end"": 67}, {""label"": ""MISC"", ""text"": ""стайня"", ""start"": 70, ""end"": 76}, {""label"": ""MISC"", ""text"": ""обора"", ""start"": 79, ""end"": 84}, {""label"": ""MISC"", ""text"": ""комора"", ""start"": 87, ""end"": 93}, {""label"": ""MISC"", ""text"": ""спіжарня"", ""start"": 96, ""end"": 104}]"
329a1b2d1c06a54f00de7b8e9550ce0fa6f33e3c0c9c3a74946bf2ca7c1ebc05,"Пси й досі до нього не вискочили , і молодик , прив’язавши коня з бідкою до тину , захопив коляку й поплескав узувачкою по калюжах до дверей .",[],"[{""label"": ""ART"", ""text"": ""Пси"", ""start"": 0, ""end"": 3}, {""label"": ""PERS"", ""text"": ""молодик"", ""start"": 37, ""end"": 44}, {""label"": ""ART"", ""text"": ""коня"", ""start"": 59, ""end"": 63}, {""label"": ""LOC"", ""text"": ""тину"", ""start"": 76, ""end"": 80}, {""label"": ""ART"", ""text"": ""коляку"", ""start"": 91, ""end"": 97}]"
a9ea08ffb513593bafb5f95c80fe3bac9b2864e4c0e4a24a5f255e1bc56b357c,"Дістався ж до них щасливо , бо собаки й тепер себе не виявили .",[],[]
249e9871473aa831ea5f64e59e7851a0e5ecbe62b5eaababa23feb90a0c36851,"Хотів застукати в двері , але від натиску руки вони прочинилися з іржавим хрипом . Теодор покинув дрючка на ґанку і сміливо вступив у кромішню темряву присінків .","[{""label"": ""PERS"", ""text"": ""Теодор""}]","[{""label"": ""PERS"", ""text"": ""Теодор"", ""start"": 83, ""end"": 89}, {""label"": ""ART"", ""text"": ""дрючка"", ""start"": 98, ""end"": 104}, {""label"": ""LOC"", ""text"": ""ґанку"", ""start"": 108, ""end"": 113}, {""label"": ""LOC"", ""text"": ""кромішню темряву присінків"", ""start"": 134, ""end"": 160}]"
032f92313f955753d66a3f17dd8ee9c643272acce1d9c703e00ac3c5ac8c615c,"Двері мали бути ліворуч , він їх вимацав і потяг до себе не за ручку , якої не було , а за зав’язаного кільцем повороза ( вважаю , що не треба цього кільця символізувати ) .",[],"[{""label"": ""ART"", ""text"": ""Двері"", ""start"": 0, ""end"": 5}, {""label"": ""LOC"", ""text"": ""ліворуч"", ""start"": 16, ""end"": 23}, {""label"": ""PERS"", ""text"": ""він"", ""start"": 26, ""end"": 29}, {""label"": ""ART"", ""text"": ""ручку"", ""start"": 63, ""end"": 68}, {""label"": ""ART"", ""text"": ""кільцем повороза"", ""start"": 103, ""end"": 119}]"
a3b494b026b2a6c6cfdd95796988689063779a3c852652b96d47737c43c5f1ea,"І ці двері немилосердно зарипіли , відтак Теодор став на порозі , ніби правцем битий , було ж бо від чого .","[{""label"": ""PERS"", ""text"": ""Теодор""}]","[{""label"": ""PERS"", ""text"": ""Теодор"", ""start"": 42, ""end"": 48}]"
95d10c0ad3c61baf419384085fd0d89b39ddb1d068ff77fd720a7d1ad8d4fa04,"Покій був освітлений трійником зі свічками , він стояв на столі , засланім обрусом , на якому — миски , полумиски , мисочки й немала сулійка із зеленого скла .",[],"[{""label"": ""PERS"", ""text"": ""Покій"", ""start"": 0, ""end"": 5}, {""label"": ""ART"", ""text"": ""трійником зі свічками"", ""start"": 21, ""end"": 42}, {""label"": ""LOC"", ""text"": ""столі"", ""start"": 58, ""end"": 63}, {""label"": ""ART"", ""text"": ""миски"", ""start"": 96, ""end"": 101}, {""label"": ""ART"", ""text"": ""полумиски"", ""start"": 104, ""end"": 113}, {""label"": ""ART"", ""text"": ""мисочки"", ""start"": 116, ""end"": 123}, {""label"": ""ART"", ""text"": ""немала сулійка із зеленого скла"", ""start"": 126, ""end"": 157}]"
f9ed57732e1ff91e2565964889bbe2e428b4df6e11dc4b5309c0e2cc396c1ddb,"А за столом мирно сиділи й на рип дверей одночасно озирнулися не хто , як Дід і Гусак , які приязно ошкірилися до судового канцеляристи Теодора Петровського-Лика , котрий , здавалося , проковтнув власного язика .","[{""label"": ""PERS"", ""text"": ""Дід""}, {""label"": ""PERS"", ""text"": ""Гусак""}, {""label"": ""PERS"", ""text"": ""Теодора Петровського-Лика""}]","[{""label"": ""LOC"", ""text"": ""рип дверей"", ""start"": 30, ""end"": 40}, {""label"": ""PERS"", ""text"": ""Дід"", ""start"": 74, ""end"": 77}, {""label"": ""PERS"", ""text"": ""Гусак"", ""start"": 80, ""end"": 85}, {""label"": ""JOB"", ""text"": ""судового канцеляристи"", ""start"": 114, ""end"": 135}, {""label"": ""PERS"", ""text"": ""Теодора Петровського-Лика"", ""start"": 136, ""end"": 161}]"
0ebb6d8073d676664f7f2c5c1bf904d0c631aff274b0855890b3adf0ce60eef5,"— Довго ж ти бігав , хлопче , аж зачекалися ! — просто сказав Дід , а Гусак захихикав , поводячи головою , а тоді додав од себе шиплячим голосом :","[{""label"": ""PERS"", ""text"": ""Дід""}, {""label"": ""PERS"", ""text"": ""Гусак""}]","[{""label"": ""PERS"", ""text"": ""хлопче"", ""start"": 21, ""end"": 27}, {""label"": ""PERS"", ""text"": ""Дід"", ""start"": 62, ""end"": 65}, {""label"": ""PERS"", ""text"": ""Гусак"", ""start"": 70, ""end"": 75}]"
c2ed8c2d369f529e34f48ddf2a88d7aa1a836bb01e320904748e345004f06ada,— Чого закляк ?,[],"[{""label"": ""PERS"", ""text"": ""Чого закляк"", ""start"": 2, ""end"": 13}]"
dc583f5fdaa40811e75bd1d5b4c666394429438921536f8191babe2073c600ca,Скидай кирею і сідай обігрієшся .,[],[]
2050724ebc6cde89be7b07ab695bed329d8f22949e15a5baaca3d63132e446a3,"Ще не перестала злива ? Теодор хотів сказати , що злива ще не закінчилася , але не зумів навіть привітатися як належить .","[{""label"": ""PERS"", ""text"": ""Теодор""}]","[{""label"": ""MISC"", ""text"": ""злива"", ""start"": 16, ""end"": 21}, {""label"": ""PERS"", ""text"": ""Теодор"", ""start"": 24, ""end"": 30}, {""label"": ""MISC"", ""text"": ""злива"", ""start"": 50, ""end"": 55}]"
d6f1561b2eb0d492e66a8fba9db7375e3679c9a5056b073ddba8cbf870da484a,"Отож мовчки стікав водою , невідривно дивлячись на тих , до кого привели його мойри , і зміркувавши лише одне : об’їжджати когось десятою дорогою — це не завжди шукати манівців задля безпеки , буває , що , сідаючи на коня і надто стараючись , через нього перелітаєш , а в цьому разі виїжджаєш з десятої дороги на одинадцяту , а вона й поведе навпрошки , знову ставши першою .",[],"[{""label"": ""LOC"", ""text"": ""десятою дорогою"", ""start"": 130, ""end"": 145}, {""label"": ""ART"", ""text"": ""коня"", ""start"": 217, ""end"": 221}, {""label"": ""LOC"", ""text"": ""десятої дороги"", ""start"": 295, ""end"": 309}, {""label"": ""LOC"", ""text"": ""одинадцяту"", ""start"": 313, ""end"": 323}]"
6ea386e8c03063c5502f375a1538947558e46035bce6d8b81539c05ceacb973b,"Але побіч нього не було Григорія Сковороди , щоб ретельніше обмислити з ним складнощі цієї фігури , і піп зирнув собі під ноги та й побачив , що стоїть у калюжі і що та все більшає .","[{""label"": ""PERS"", ""text"": ""Григорія Сковороди""}]","[{""label"": ""PERS"", ""text"": ""Григорія Сковороди"", ""start"": 24, ""end"": 42}, {""label"": ""PERS"", ""text"": ""піп"", ""start"": 102, ""end"": 105}, {""label"": ""ART"", ""text"": ""калюжі"", ""start"": 154, ""end"": 160}]"
f7c6be94f66ab51d55f3d0d70e4dc6370d48492c328206c43054a2891a681117,"Отож не зовсім розумно подумав , що коли задляється , то калюжа перетвориться у ставка , в якому й утопитися недовго .",[],"[{""label"": ""ART"", ""text"": ""калюжа"", ""start"": 57, ""end"": 63}, {""label"": ""ART"", ""text"": ""ставка"", ""start"": 80, ""end"": 86}]"
9d60986f6bda6fd3676a412a3e7d74820d29ec0f924f3e634b0077aef253cfe8,"Тому кирею скинув і рушив до столу , саме до того місця , де колись сидів давніше , розмовляючи зі звідниками , воднораз очима вимацував покій , щоб переконатися : чи це та сама хата , а чи не та ? Міністерство охорони здоров'я України впроваджує Всеукраїнський електронний реєстр пацієнтів ( ЕРП ) , після чого паперові медичні картки стануть історією , заявив заступник міністра охорони здоров'я Роман БОГАЧОВ .","[{""label"": ""ORG"", ""text"": ""Міністерство охорони здоров'я України""}, {""label"": ""DOC"", ""text"": ""Всеукраїнський електронний реєстр пацієнтів""}, {""label"": ""DOC"", ""text"": ""ЕРП""}, {""label"": ""JOB"", ""text"": ""заступник міністра""}, {""label"": ""PERS"", ""text"": ""Роман БОГАЧОВ""}]","[{""label"": ""ORG"", ""text"": ""Міністерство охорони здоров'я України"", ""start"": 198, ""end"": 235}, {""label"": ""ORG"", ""text"": ""Всеукраїнський електронний реєстр пацієнтів ( ЕРП )"", ""start"": 247, ""end"": 298}, {""label"": ""ART"", ""text"": ""паперові медичні картки"", ""start"": 312, ""end"": 335}, {""label"": ""JOB"", ""text"": ""заступник міністра охорони здоров'я"", ""start"": 362, ""end"": 397}, {""label"": ""PERS"", ""text"": ""Роман БОГАЧОВ"", ""start"": 398, ""end"": 411}]"
f97d0e3e87645f6fccae20a7958f39a06e449954dd337498c0d0d5337623e404,"« З переходом на електронну систему збору та зберігання інформації відійдуть у минуле і проблеми , пов'язані з паперовими медичними картками .",[],"[{""label"": ""ORG"", ""text"": ""електронну систему збору та зберігання інформації"", ""start"": 17, ""end"": 66}, {""label"": ""ART"", ""text"": ""паперовими медичними картками"", ""start"": 111, ""end"": 140}]"
77e070e9546137fc3a2119099a3fcb9caa8a0608587055680fb1b845a1394f51,"Зараз картки зберігаються за місцем проживання пацієнта , і з цим пов'язані довготривалі бюрократичні процедури .",[],"[{""label"": ""ART"", ""text"": ""картки"", ""start"": 6, ""end"": 12}, {""label"": ""PERS"", ""text"": ""пацієнта"", ""start"": 47, ""end"": 55}]"
68c8b45ae58535247254281487a25904d021519a96b95a247b1d916dba09ea6a,"Також виникають труднощі в процесі збору анамнезу , наприклад , коли пацієнт потрапляє в установу охорони здоров'я у невідкладному стані без медичної картки .",[],"[{""label"": ""MISC"", ""text"": ""анамнезу"", ""start"": 41, ""end"": 49}, {""label"": ""PERS"", ""text"": ""пацієнт"", ""start"": 69, ""end"": 76}, {""label"": ""ORG"", ""text"": ""установу охорони здоров'я"", ""start"": 89, ""end"": 114}, {""label"": ""ART"", ""text"": ""медичної картки"", ""start"": 141, ""end"": 156}]"
9441aa0b94748bfa85478475526a36fc5b8aace37ff09207aeb09e00e85da777,Часом через людський фактор бувають випадки втрати медичної інформації .,[],"[{""label"": ""ART"", ""text"": ""медичної інформації"", ""start"": 51, ""end"": 70}]"
d9b3e7c2998d6974acc949530a62811ec6f3befbcb490de9892f03c808dd4101,"Централізований ЕРП дозволить вирішити ці питання , що , безумовно , підвищить доступність медичної допомоги » , - цитує прес-служба Міністерства охорони здоров’я .","[{""label"": ""ORG"", ""text"": ""ЕРП""}, {""label"": ""ORG"", ""text"": ""Міністерства охорони здоров’я""}]","[{""label"": ""ORG"", ""text"": ""Централізований ЕРП"", ""start"": 0, ""end"": 19}, {""label"": ""ORG"", ""text"": ""Міністерства охорони здоров’я"", ""start"": 133, ""end"": 162}]"
ead2f600225e3caa323035ff41f605504c00d488d54bc7f71e758877219e9c36,"Персональні дані пацієнтів будуть розміщуватися на серверному обладнанні МОЗ України , що дозволить централізовано забезпечувати контроль за їх збереженням .","[{""label"": ""ORG"", ""text"": ""МОЗ України""}]","[{""label"": ""ORG"", ""text"": ""МОЗ України"", ""start"": 73, ""end"": 84}]"
0d51dd49fe00be0bed9d7c47d4fc5bcda9b0d3bb357e875280ecc434ff63c6ed,"Таке рішення було ухвалено на основі аналізу роботи ЕРП в тестовому режимі в пілотних регіонах : Вінницькій , Дніпропетровській , Донецькій областях та місті Києві .","[{""label"": ""DOC"", ""text"": ""ЕРП""}, {""label"": ""LOC"", ""text"": ""Вінницькій , Дніпропетровській , Донецькій областях""}, {""label"": ""LOC"", ""text"": ""Києві""}]","[{""label"": ""ORG"", ""text"": ""ЕРП"", ""start"": 52, ""end"": 55}, {""label"": ""LOC"", ""text"": ""Вінницькій , Дніпропетровській , Донецькій областях"", ""start"": 97, ""end"": 148}, {""label"": ""LOC"", ""text"": ""місті Києві"", ""start"": 152, ""end"": 163}]"
f47695fa3ecc5b6bad8fa43a3a0cf3437ea6511855ea0fcac0a6e983e2f86e20,"« Впровадження електронного реєстру пацієнтів автоматично модернізує службу медичної статистики , завдяки якій буде вестися облік обсягів та моніторинг якості фактично наданих населенню медичних послуг .",[],"[{""label"": ""ART"", ""text"": ""електронного реєстру пацієнтів"", ""start"": 15, ""end"": 45}, {""label"": ""ORG"", ""text"": ""службу медичної статистики"", ""start"": 69, ""end"": 95}]"
b0de8793ad30508c53455aef2fac560da506ca260c1dfb9afee322992fe9bace,"А це одна із умов комфортного переходу до страхової медицини » , - зазначив заступник міністра .","[{""label"": ""JOB"", ""text"": ""заступник міністра""}]","[{""label"": ""ORG"", ""text"": ""страхової медицини"", ""start"": 42, ""end"": 60}, {""label"": ""JOB"", ""text"": ""заступник міністра"", ""start"": 76, ""end"": 94}]"
0d9054ae31b2d13a75ec89d6c257117263c505856e3be3d81bb47560415edba5,"Разом з тим у прес-службі міністерства зазначили , що впровадження електронного реєстру пацієнтів – це лише один із етапів інформатизації системи охорони здоров'я , який здійснюється за допомогою залучення інвестицій .",[],"[{""label"": ""ORG"", ""text"": ""прес-службі міністерства"", ""start"": 14, ""end"": 38}, {""label"": ""ART"", ""text"": ""електронного реєстру пацієнтів"", ""start"": 67, ""end"": 97}]"
1899006da8def279365664977d802b9246f0b404dec6492903b6218cd3292781,"« Головним інвестором цього напрямку є Світовий банк , який не тільки фінансово , але й ідеологічно підтримує Міністерство охорони здоров'я України в нових перетвореннях » , - зазначили в прес-службі МОЗ . ШОКОЛАДНИЦЯ Усе змінилося того дня , коли вона прийшла до міста .","[{""label"": ""ORG"", ""text"": ""Світовий банк""}, {""label"": ""ORG"", ""text"": ""Міністерство охорони здоров'я України""}, {""label"": ""ORG"", ""text"": ""МОЗ""}, {""label"": ""JOB"", ""text"": ""ШОКОЛАДНИЦЯ""}]","[{""label"": ""ORG"", ""text"": ""Світовий банк"", ""start"": 39, ""end"": 52}, {""label"": ""ORG"", ""text"": ""Міністерство охорони здоров'я України"", ""start"": 110, ""end"": 147}, {""label"": ""ORG"", ""text"": ""прес-службі МОЗ"", ""start"": 188, ""end"": 203}, {""label"": ""LOC"", ""text"": ""міста"", ""start"": 264, ""end"": 269}]"
abaa4d487e0c0e43908247800a2f6e6ef51f57d065b7699ff0cd93834936774c,"У повітрі з’явився загадковий аромат донині чогось невідомого , солодкого , спокусливого .",[],[]
cb0a3b5746b76f34285ee03028a3422efbcdeeae53b3e42722174ac52cc0f3de,"І навіть люди почали більше всміхатися , відчуваючи , що диво поряд , – у затишному будиночку вродливої Шоколадниці .","[{""label"": ""JOB"", ""text"": ""Шоколадниці""}]","[{""label"": ""PERS"", ""text"": ""люди"", ""start"": 9, ""end"": 13}, {""label"": ""ART"", ""text"": ""диво"", ""start"": 57, ""end"": 61}, {""label"": ""ORG"", ""text"": ""Шоколадниці"", ""start"": 104, ""end"": 115}]"
0a33ef38449939881a7f1025a23ae59e0409056781d11c996aa8952adf7b830b,Один за одним злітають із її поличок духмяні цукати ; легкою хмаринкою здіймається в повітря запашна кориця .,[],"[{""label"": ""LOC"", ""text"": ""її поличок"", ""start"": 26, ""end"": 36}, {""label"": ""ART"", ""text"": ""духмяні цукати"", ""start"": 37, ""end"": 51}, {""label"": ""ART"", ""text"": ""запашна кориця"", ""start"": 93, ""end"": 107}]"
6a127a19856b9cab7dd00ebc0e3677584d9a89959293aa25f160964590ddbe1a,У казанку на малому вогні закипає-парує свіже молоко .,[],"[{""label"": ""ART"", ""text"": ""казанку"", ""start"": 2, ""end"": 9}, {""label"": ""ART"", ""text"": ""свіже молоко"", ""start"": 40, ""end"": 52}]"
65063eccf0f640eb1fbbdcee7edab8d92c05ad0c39f3f4e915d541b8de4abce5,Невеличкий дерев’яний млинок весело перемелює кавові зерна .,[],"[{""label"": ""ORG"", ""text"": ""Невеличкий дерев’яний млинок"", ""start"": 0, ""end"": 28}, {""label"": ""ART"", ""text"": ""кавові зерна"", ""start"": 46, ""end"": 58}]"
a0837662c0852ae68681b87c45b353c821f6d31b74d7d8aa067e88b671442ca6,"Неземний , спокусливо-солодкий аромат наповнює собою всі вулиці міста .",[],"[{""label"": ""ART"", ""text"": ""Неземний , спокусливо-солодкий аромат"", ""start"": 0, ""end"": 37}, {""label"": ""LOC"", ""text"": ""вулиці міста"", ""start"": 57, ""end"": 69}]"
f13d0d789045fe1854a8a7eacf4d6588180787ae92c057b6334442e9076ff60e,Дзвінко лунає сміх чарівниці .,[],"[{""label"": ""PERS"", ""text"": ""чарівниці"", ""start"": 19, ""end"": 28}]"
c5e8580b5ce4f810685e71010995d85530d122cbe2107abe19df2b8625cea06a,Кілька дрібних родзинок .,[],[]
5cef3771d686f64e653f9193db440c279692d16287e8489db1ccb39d671b64e8,Одна сльозинка – для гіркоти .,[],"[{""label"": ""ART"", ""text"": ""Одна сльозинка"", ""start"": 0, ""end"": 14}]"
85704ae1f8f375149824ce2bc3bc94bf61c0888fcc3a3b20f74f4dbfcb685659,Стародавня книга рецептів стиха нашіптує свою магію .,[],"[{""label"": ""ART"", ""text"": ""Стародавня книга рецептів стиха"", ""start"": 0, ""end"": 31}]"
b3a9cf7fe951ac2f5c7b1fbf4e18dd805ebbafbe113e8872b487c6bc01e1fd66,Так народжується божественний смак .,[],"[{""label"": ""ART"", ""text"": ""божественний смак"", ""start"": 17, ""end"": 34}]"
c799d1570bc0b2498f914f6b7544c2cdc7a1714e4d60b64ca3461cf5d40f8c1d,І спокуса .,[],[]
55017451ac98049c0722d14a0e422c706af0f1e23c01f7670c2e08e12003350f,І чорний шоколад .,[],"[{""label"": ""ART"", ""text"": ""І чорний шоколад"", ""start"": 0, ""end"": 16}]"
47f4fd3acd0b63cb6b548b7274ff871366329829171325e867185b5ba1a8e997,ЖОВТИЙ БАНАН НА СІРОМУ АСФАЛЬТІ,[],"[{""label"": ""PERS"", ""text"": ""ЖОВТИЙ БАНАН"", ""start"": 0, ""end"": 12}, {""label"": ""LOC"", ""text"": ""СІРОМУ АСФАЛЬТІ"", ""start"": 16, ""end"": 31}]"
558a3d1122e463510b73697a07f2ee2730e49e3eeb721f49bbb835251106222e,"Він лежав посеред тротуару і , здавалося , кричав про свою присутність .",[],"[{""label"": ""PERS"", ""text"": ""Він"", ""start"": 0, ""end"": 3}, {""label"": ""LOC"", ""text"": ""тротуару"", ""start"": 18, ""end"": 26}]"
d023d2b27d34eedcc0cbc17dc650d05aae3aa232ce8481ab0d5a6c0216a7a23b,"Десятки ніг відстукували свій ритм зовсім поряд : цокали витончені підбори , впевнено дубасили тротуаром дорогі лаковані черевики , дріботіли дитячі кросівки , іноді сновигали зношені скрипучі туфлі , плавно пропливали тендітні « човники » .",[],"[{""label"": ""QUANT"", ""text"": ""Десятки ніг"", ""start"": 0, ""end"": 11}, {""label"": ""LOC"", ""text"": ""зовсім поряд"", ""start"": 35, ""end"": 47}, {""label"": ""ART"", ""text"": ""витончені підбори"", ""start"": 57, ""end"": 74}, {""label"": ""LOC"", ""text"": ""тротуаром"", ""start"": 95, ""end"": 104}, {""label"": ""ART"", ""text"": ""дорогі лаковані черевики"", ""start"": 105, ""end"": 129}, {""label"": ""ART"", ""text"": ""дитячі кросівки"", ""start"": 142, ""end"": 157}, {""label"": ""ART"", ""text"": ""зношені скрипучі туфлі"", ""start"": 176, ""end"": 198}, {""label"": ""ART"", ""text"": ""човники"", ""start"": 230, ""end"": 237}]"
4ead035f13f8f15a0dd6f90dcda2f97376b8def2662586fd66f2d3c6e448f3d2,"Повз нього проходило життя , а він лежав осторонь .",[],"[{""label"": ""PERS"", ""text"": ""нього"", ""start"": 5, ""end"": 10}, {""label"": ""PERS"", ""text"": ""він"", ""start"": 31, ""end"": 34}]"
944935559f6d3f6c672e690b8162e53c9a86a132ffe7d2fb6be4f3f5c314cf93,Яскраво-жовтий банан на сірому асфальті .,[],"[{""label"": ""ART"", ""text"": ""Яскраво-жовтий банан"", ""start"": 0, ""end"": 20}, {""label"": ""LOC"", ""text"": ""сірому асфальті"", ""start"": 24, ""end"": 39}]"
d28b90970ac7a65bab6f57bae13fea2c785e5c0b64f0956b8633e807bef2e516,Вона сиділа неподалік .,[],"[{""label"": ""PERS"", ""text"": ""Вона"", ""start"": 0, ""end"": 4}, {""label"": ""LOC"", ""text"": ""неподалік"", ""start"": 12, ""end"": 21}]"
ad08bd153f71062a34b5db270ff7b8a84ffba373db930c8c0cfc6de89d5a861c,"У сквері , на лавочці .",[],"[{""label"": ""LOC"", ""text"": ""У сквері"", ""start"": 0, ""end"": 8}, {""label"": ""LOC"", ""text"": ""на лавочці"", ""start"": 11, ""end"": 21}]"
afa08d79cca03b1f64fc3c0c58d510c4ea915d64f3c163d5c9a673ddc26bacd7,Самотня душа серед великого сірого натовпу .,[],"[{""label"": ""PERS"", ""text"": ""Самотня душа"", ""start"": 0, ""end"": 12}]"
54d22ee4756780cce398e281ee52b5e939d06fb98ed26c7867e65fe71b2c4270,"Благенька курточка , старі джинси ; кросівки , у зморшках яких навік осів пил великого шляху .",[],"[{""label"": ""ART"", ""text"": ""Благенька курточка"", ""start"": 0, ""end"": 18}, {""label"": ""ART"", ""text"": ""старі джинси"", ""start"": 21, ""end"": 33}, {""label"": ""ART"", ""text"": ""кросівки"", ""start"": 36, ""end"": 44}, {""label"": ""PERS"", ""text"": ""навік"", ""start"": 63, ""end"": 68}]"
5f6d864d68ff18d01f9e74482020805259cdee679fb7fd19e33fe4797c243e21,"І глибокі , ясні очі ...",[],[]
1deec140aaa0be8943fd2ac3622aefb6679d668a1ce4e63bfb61922710e5f45d,Вона його бачила .,[],"[{""label"": ""PERS"", ""text"": ""Вона"", ""start"": 0, ""end"": 4}]"
5bcec800f683819ab2f0f0164dc981b1a98ad9e9429c75c081207f9656f3c8ca,І вагалась .,[],"[{""label"": ""PERS"", ""text"": ""І"", ""start"": 0, ""end"": 1}]"
a9b261dbc5ecbd5a26c33ebe5fff0522a978f6c166ba14e3426e6c15af8bc5ea,За мить – різко підвелася .,[],"[{""label"": ""PERIOD"", ""text"": ""За мить"", ""start"": 0, ""end"": 7}, {""label"": ""PERS"", ""text"": ""різко підвелася"", ""start"": 10, ""end"": 25}]"
e3345badc9fffc9b6f8554fa47fb3793e6cf0a4ef075a6e819656e35fd11ebc8,Уже через декілька секунд банан був у неї в кишені .,[],"[{""label"": ""ART"", ""text"": ""банан"", ""start"": 26, ""end"": 31}, {""label"": ""PERS"", ""text"": ""неї"", ""start"": 38, ""end"": 41}]"
8888bc97d0e03ed2be890e2d19c1dbca623a422c787cb9190f9ac426b0384ebe,КЛОУН,[],"[{""label"": ""LOC"", ""text"": ""КЛОУН"", ""start"": 0, ""end"": 5}]"
16d31f1544ccfbe4f43a67696c4753b5f1651f5b2a1eb98a72117105e6706dbc,Він запустив пальці до кишені .,[],"[{""label"": ""PERS"", ""text"": ""Він"", ""start"": 0, ""end"": 3}]"
2d45cac2a89f003dd64f98c2791d2878da562606e473156dc7c944c0418761ff,Червоний клоунський ніс боляче обпік руку .,[],"[{""label"": ""ART"", ""text"": ""Червоний клоунський ніс"", ""start"": 0, ""end"": 23}]"
707d57b82bdb66c1b5a590d0053d9d9cb907d33a92744e79e1c47323851d8ab5,"Сумно всміхнувшись , дістав червону кульку на світ Божий і сів перед дзеркалом .","[{""label"": ""PERS"", ""text"": ""Божий""}]","[{""label"": ""ART"", ""text"": ""червону кульку"", ""start"": 28, ""end"": 42}, {""label"": ""LOC"", ""text"": ""світ Божий"", ""start"": 46, ""end"": 56}]"
15b41ccee0b2d17f1763f1ab94ba0d412c38547dca1b119904888b4ed6e7280d,Час гриму .,[],"[{""label"": ""TIME"", ""text"": ""Час гриму"", ""start"": 0, ""end"": 9}]"
a27611cde9f4966515bbc549fd60b93cca88932da013bf85a7a7d1a8a0a6278a,Час клоунади .,[],[]
6193b50f0e063b3c1306f9f800636d514fef082e39c93c4bdda7c08d90efe0f3,"Поволі на сіре , змучене обличчя лягали білі мазки .",[],"[{""label"": ""PERS"", ""text"": ""сіре , змучене обличчя"", ""start"": 10, ""end"": 32}]"
a003adce9fee2030e46bea540d0b16594d0d75dd7490626d71469464a029ac93,Щоки набули неприродного рум’янку .,[],"[{""label"": ""PERS"", ""text"": ""Щоки"", ""start"": 0, ""end"": 4}, {""label"": ""MISC"", ""text"": ""рум’янку"", ""start"": 25, ""end"": 33}]"
9755898df18f03e47d0e87d23bad2d16bdb1cbec09b2e769a0a068ce1a3d9190,Кумедна волохата перука кольору яскравого соняшника прикрасила лису голову .,[],"[{""label"": ""ART"", ""text"": ""Кумедна волохата перука"", ""start"": 0, ""end"": 23}]"
ba556add3350754038ff8111e8cbe8fea5f73dd195cd817637dee441e73e7be7,"Із дзеркала на нього подивилося незнайоме обличчя . « Я мушу » , – твердо промовив , надягаючи усмішку .",[],"[{""label"": ""PERS"", ""text"": ""незнайоме обличчя"", ""start"": 32, ""end"": 49}]"
63ed966799e05394287ab1ab721a9742a4910b77b7a81a7719190c13f3b3168c,Того вечора клоун перевершив самого себе .,[],"[{""label"": ""TIME"", ""text"": ""Того вечора"", ""start"": 0, ""end"": 11}, {""label"": ""PERS"", ""text"": ""клоун"", ""start"": 12, ""end"": 17}]"
bd41fa8601b07e5683f599b744587dbb048c6f42f37d4b9ca33e3736a82d6f48,Діти вищали від задоволення й щастя .,[],"[{""label"": ""PERS"", ""text"": ""Діти"", ""start"": 0, ""end"": 4}]"
2b99820eddff0eb656726c6d1b4781f2fbdbe504300b4f0f4b16dfc2123bea33,"Клоун реготав , жонглював , показував карколомні фокуси .",[],"[{""label"": ""PERS"", ""text"": ""Клоун"", ""start"": 0, ""end"": 5}]"
0054bdbf15c85d21168caaa7fa6be4dcbe18e61a2227c959ac65f70c45e95944,Внесли святковий торт .,[],"[{""label"": ""ART"", ""text"": ""святковий торт"", ""start"": 7, ""end"": 21}]"
1a3bedd0137925dfc3cb366871c12c07d2534ac6bfcf93180110ba82160264c5,"Під шумні овації гостей іменинник радісно задмухував свічки , приймав подарунки .",[],"[{""label"": ""PERS"", ""text"": ""іменинник"", ""start"": 24, ""end"": 33}, {""label"": ""ART"", ""text"": ""свічки"", ""start"": 53, ""end"": 59}, {""label"": ""ART"", ""text"": ""подарунки"", ""start"": 70, ""end"": 79}]"
d8ae2d8c545130771947f12a3112fc4efed76c093a0fcd8fb8cf4ac22d9c9694,А в кутку сидів і тихо плакав клоун .,[],"[{""label"": ""LOC"", ""text"": ""кутку"", ""start"": 4, ""end"": 9}, {""label"": ""PERS"", ""text"": ""клоун"", ""start"": 30, ""end"": 35}]"
a4d0c9ee1f9844531e22b5fd017a08aa2e0f87cd4bccc5d695d0374d08b48d5a,ЇЇ ТЕМРЯВА,[],[]
9d903d85533264d2a577db9a7e07bdf63e81c6af8d21a7556e15a4ad5db5dcf8,Гаряча сльоза тихо впала на білий холод клавіш .,[],"[{""label"": ""PERS"", ""text"": ""Гаряча сльоза"", ""start"": 0, ""end"": 13}]"
e3fc9a43d83bd1fd6d5ea278a1a4bce69b099671ad4d352bb60c972749eea67a,Тужливо озвалося її серце .,[],[]
6b40717860271ba6a4bd4cb7b98c55037e4eac3f5260fb7c5d046a871096eda6,Сьогодні вона вперше за стільки часу наважилася відкрити кришку роялю .,[],"[{""label"": ""DATE"", ""text"": ""Сьогодні"", ""start"": 0, ""end"": 8}, {""label"": ""PERS"", ""text"": ""вона"", ""start"": 9, ""end"": 13}, {""label"": ""ART"", ""text"": ""кришку роялю"", ""start"": 57, ""end"": 69}]"
21923c95a387a1536409f810a5ce28de4618e1a666daf43d7a7cf64988cc4738,Хотіла згадати цей звук .,[],[]
4695215d28c679918de885e5c61df08cc40b878fa79b3a4e9a68951aaf1630dc,Знову відчути його на дотик .,[],[]
c5b584566cc1bfc5576916a769db1eca5de5470e16b963f30b14224230583fa8,Уже декілька місяців вона живе в суцільній темряві .,"[{""label"": ""PERIOD"", ""text"": ""декілька місяців""}]","[{""label"": ""PERS"", ""text"": ""вона"", ""start"": 21, ""end"": 25}, {""label"": ""LOC"", ""text"": ""суцільній темряві"", ""start"": 33, ""end"": 50}]"
f2f3b5037e0b865d3e0edc968bca488a600787bf41b46bed5656383d9834b86b,Широко відкритими очима дивиться на світ і ... нічого не бачить .,[],[]
f67545df6a8e950c83e66bee49d9a7ea641112f53b162d22dc64224abe9f4acc,Із того злопам’ятного дня довкола неї лише морок .,[],"[{""label"": ""MISC"", ""text"": ""морок"", ""start"": 43, ""end"": 48}]"
f59d808b43d65a4776f3131d3548189771353b031b300092f846e338667fe716,Руки мимоволі потягнулися до інструменту .,[],"[{""label"": ""PERS"", ""text"": ""Руки"", ""start"": 0, ""end"": 4}, {""label"": ""ART"", ""text"": ""інструменту"", ""start"": 29, ""end"": 40}]"
c54ee647a33e357e9c785b695b7b63fe29516b09cb4418fcf9c1c6f64cd4b9f6,"Невпевнено , ніби ступаючи крихким льодом , пальці сором’язливо ковзнули поверхнею чорного та білого .",[],[]
92b38cf9d2203eda9ddfd710e51f8b8417b451d7e75cb003e42a58eb01a3f7a2,"За мить повітря пронизав тонкий , глибокий звук , немов промінь ясного світла .",[],"[{""label"": ""PERIOD"", ""text"": ""За мить"", ""start"": 0, ""end"": 7}]"
fc0fa5e4226578627a2a3d54c99862bf9f243bcf46b3ec38bbc7c979c1bd0d8b,Прозвучала перша нота .,[],[]
734a1dfccde840aec09ab95ff21e530231a579942eedd71c38b24b00a315e525,"Поволі музика , народжена серцем , наповнювала її темряву життям .",[],"[{""label"": ""ART"", ""text"": ""музика"", ""start"": 7, ""end"": 13}]"
097926329f1bae7886f994e3692d786a8b0ccad5f226762e153a040773118f30,Сьогодні вона вперше всміхнулася .,[],"[{""label"": ""DATE"", ""text"": ""Сьогодні"", ""start"": 0, ""end"": 8}, {""label"": ""PERS"", ""text"": ""вона"", ""start"": 9, ""end"": 13}]"
4cf3f18719247b9c5bafd385ff8346ead89f07c75a18b5bd5638a8774867343c,ЙОГО РУКИ,[],"[{""label"": ""PERS"", ""text"": ""ЙОГО РУКИ"", ""start"": 0, ""end"": 9}]"
94b39115b13307f525482d8b11bf21429e4d8e6473ead9ab0eac903e65279f9d,То були надзвичайно красиві чоловічі руки .,[],[]
7edb3cdc4e9075e263fa75add075647e20827dd28542b603608c1761db52a46d,"Довгі , бездоганні пальці .",[],"[{""label"": ""ART"", ""text"": ""Довгі , бездоганні пальці"", ""start"": 0, ""end"": 25}]"
20f8887cc0e822654d9b8c2285b1991fbd7367ea18e4832a791d8990f3117aa7,В міру широкі долоні .,[],[]
66a87a36edc099f6194ebba9a73dc15cd3575f118a70011c36a2fd56aa4c8fc7,Правильної форми нігті з білуватими напівмісяцями .,[],"[{""label"": ""ART"", ""text"": ""Правильної форми нігті з білуватими напівмісяцями"", ""start"": 0, ""end"": 49}]"
3b9e52d2848ab83d261ace0f3dea02d855863d8e6affc2e1d4ace03e2b465d09,"Руки , яких хотілося торкатися , легкий дотик котрих бажалося відчувати на собі .",[],"[{""label"": ""ART"", ""text"": ""Руки"", ""start"": 0, ""end"": 4}]"
217d05d5b6a30ce1f611c6761cf97c14a262f17fc5c41de2cf5918a0b3f2fa57,Довіритися їм .,[],[]
826a5b4b159c4832d141408b230930b96a53e90e0bfc301d101dcf69a796b73c,Відчувати їхнє тепло .,[],[]
ebaaaba1ccd9289ee622701e7a2dc821119698dd231dada16d7438f030713acc,"Вплітатися в них своїми пальцями , тілом .",[],[]
69fbf9cb8c6e2c819c19016b94a3c100140f99602ba61936cadf737174e18ea0,"Вивчати їх , як незвідану книгу .",[],"[{""label"": ""MISC"", ""text"": ""незвідану книгу"", ""start"": 16, ""end"": 31}]"
c177ba5dfb0c7964f0e9b121fd0b8658c91c8c19f052e6ba02d91f74592238c9,"Читати дрібні рисочки , вдивлятися у химерні схрещення ліній .",[],[]
f85a9918fcaff0e7717dd03cbdae62b34fbe04b2ba42b32c011dd5b4a0aaf033,"Відчувати їхню силу , ніжність .",[],[]
9af9593bc7bc4b9565150ae894519ddb248aa452a005b37126bb2af949c3218d,Такі руки не могли заподіяти шкоди .,[],"[{""label"": ""PERS"", ""text"": ""руки"", ""start"": 5, ""end"": 9}]"
8558d25ec2a5fa9770e423a152bc69942da660f97fbdac86e95ff71a4f2a0f44,Вони були здатні дарувати їй лише насолоду .,[],"[{""label"": ""PERS"", ""text"": ""Вони"", ""start"": 0, ""end"": 4}]"
9b8b8c7b1954e25df0893aeb1b85aea32a8794eed435e48e54d6d5a5832e0936,"Подавати каву зранку , масажувати її мініатюрні ніжки , обіймати , підносити її до вершин блаженства . « Хочете , я прочитаю ваші руки ? » – запитала обережно .",[],"[{""label"": ""ART"", ""text"": ""каву"", ""start"": 9, ""end"": 13}]"
658a2dff7c600e503a14a1ad998928d8f74a9d25497d30fba849a70ed55a2f6d,"Усміхаючись , він простягнув їй свої долоні ...",[],"[{""label"": ""PERS"", ""text"": ""він"", ""start"": 14, ""end"": 17}]"
ff82c2cfee748e24ca67d11d6af7f74353b2195edc9737fe5fc78c1686ba13b4,І став рабом .,[],"[{""label"": ""PERS"", ""text"": ""І"", ""start"": 0, ""end"": 1}]"
c9298326a74cc75ef1854f479b9dba05b58416b4be2c1d6e5fbaf0da3cb855ea,МОВЧАТИ,[],"[{""label"": ""PERS"", ""text"": ""МОВЧАТИ"", ""start"": 0, ""end"": 7}]"
eabc99c6f5c20f51e0e5fe3233ba85a908b3a02597a6f7056ea1c4a7df82d7bf,"Я знаю , коли зранку має бути дощ , уночі голосно плачуть поїзди , повітря проціджує крізь себе тонкі гострі звуки , а самотні люди довго не можуть заснути і все слухають , слухають , слухають голос нічного міста .",[],"[{""label"": ""PERS"", ""text"": ""Я"", ""start"": 0, ""end"": 1}, {""label"": ""PERIOD"", ""text"": ""зранку"", ""start"": 14, ""end"": 20}, {""label"": ""PERIOD"", ""text"": ""уночі"", ""start"": 36, ""end"": 41}, {""label"": ""ART"", ""text"": ""поїзди"", ""start"": 58, ""end"": 64}, {""label"": ""MISC"", ""text"": ""повітря проціджує крізь себе тонкі гострі звуки"", ""start"": 67, ""end"": 114}, {""label"": ""PERS"", ""text"": ""самотні люди"", ""start"": 119, ""end"": 131}, {""label"": ""LOC"", ""text"": ""нічного міста"", ""start"": 199, ""end"": 212}]"
3a5f87da5d4e3d71323d253114c88528757df94625b93185ae3a00cb3227ba09,"Я знаю , якщо у кватирку залітає осінній листок і тихо завмирає на підвіконні , час іти молоти кавові зерна .",[],"[{""label"": ""PERS"", ""text"": ""Я"", ""start"": 0, ""end"": 1}, {""label"": ""ART"", ""text"": ""кватирку"", ""start"": 16, ""end"": 24}, {""label"": ""ART"", ""text"": ""осінній листок"", ""start"": 33, ""end"": 47}, {""label"": ""LOC"", ""text"": ""підвіконні"", ""start"": 67, ""end"": 77}, {""label"": ""ART"", ""text"": ""кавові зерна"", ""start"": 95, ""end"": 107}]"
bc3fa1e991a49c852d263da3cb5c723a508063a1dedb5491128c6a06f1bea511,З гірким присмаком осені .,[],[]
b2c203ac82b0ee522fee24fbdaa402994512992fc43d43a3a0a26eae25cadd11,"Знаю , є дні , коли небо чує мене .",[],"[{""label"": ""PERS"", ""text"": ""Знаю"", ""start"": 0, ""end"": 4}, {""label"": ""PERIOD"", ""text"": ""дні"", ""start"": 9, ""end"": 12}, {""label"": ""LOC"", ""text"": ""небо"", ""start"": 20, ""end"": 24}, {""label"": ""PERS"", ""text"": ""мене"", ""start"": 29, ""end"": 33}]"
ecd1c770f012dc057a3d7174ebe6f18ca1095b4f8709f7827de41303b8fe3da1,"А є чорнильні ночі , коли блискавки збивають додолу зірки , і ті стрімко падають .",[],"[{""label"": ""ART"", ""text"": ""блискавки"", ""start"": 26, ""end"": 35}]"
102d6fb8a3c7469e2fde9fbae98ec554fdadbca42a3372a5a3a32b9359668bb7,"І гаснуть , обпікаючи мої долоні .",[],[]
df7f94d0f0ab6da23d282d42564c65883165ea5f106a12fd4fc15d704605dd4a,А сови скімлять і крилами своїми величезними ховають місяць .,[],[]
23ce71a815dad3178d7b0b73b8c0e21ac837659a1bcdfa706a686607991fca94,Тоді я випускаю в небо світлячків .,[],"[{""label"": ""PERS"", ""text"": ""я"", ""start"": 5, ""end"": 6}, {""label"": ""LOC"", ""text"": ""небо"", ""start"": 18, ""end"": 22}, {""label"": ""ART"", ""text"": ""світлячків"", ""start"": 23, ""end"": 33}]"
75381ce5efeac527659b8c9ed0d72e22859fe33e03678463bb1f53904cb78a28,Я знаю таємниці .,[],[]
eb890bb9a256625f15b6e3d342008f17fe2e661bc4941c523eb34de879d53369,Але мовчатиму ...,[],[]
cc4010de61b9a5ec5bf049f48ecc022cc5c065534e13f1e5bd63b54e01b8de72,СОЛОД,[],[]
a0164046aebaec7283dd87b995a3c52ae88d2b2dd690f3c260f7f27dc00cb37e,"Медовими пряниками , пухкими пирогами щойно з печі , кольоровими півниками на паличці .",[],"[{""label"": ""ART"", ""text"": ""Медовими пряниками"", ""start"": 0, ""end"": 18}, {""label"": ""ART"", ""text"": ""пухкими пирогами щойно з печі"", ""start"": 21, ""end"": 50}, {""label"": ""ART"", ""text"": ""кольоровими півниками"", ""start"": 53, ""end"": 74}]"
fbc306849eec18634862b6376f425eb7c3c5a21ede58d8d677d10eedb44001b5,"Молочними ірисками , фісташковим морозивом , бубликами з маком , пухкими ванільними бісквітами .",[],"[{""label"": ""ART"", ""text"": ""Молочними ірисками"", ""start"": 0, ""end"": 18}, {""label"": ""MISC"", ""text"": ""фісташковим морозивом"", ""start"": 21, ""end"": 42}, {""label"": ""MISC"", ""text"": ""бубликами з маком"", ""start"": 45, ""end"": 62}, {""label"": ""ART"", ""text"": ""пухкими ванільними бісквітами"", ""start"": 65, ""end"": 94}]"
79934e9974495bf052c162cd21ee2bdd7f9931f997ce004cf3b81770e6b3200e,"Ароматними кексами , солодкими родзинками , кольоровим цукровим мармеладом , невагомо-повітряно-легким , ефірним зефіром у шоколаді .",[],"[{""label"": ""MISC"", ""text"": ""Ароматними кексами"", ""start"": 0, ""end"": 18}, {""label"": ""MISC"", ""text"": ""солодкими родзинками"", ""start"": 21, ""end"": 41}, {""label"": ""MISC"", ""text"": ""кольоровим цукровим мармеладом"", ""start"": 44, ""end"": 74}, {""label"": ""ART"", ""text"": ""невагомо-повітряно-легким , ефірним зефіром у шоколаді"", ""start"": 77, ""end"": 131}]"
6d90530a7348e286820d73df073ac74e1d6744004f494316b2225691f0b18f6c,"Смачними льодяниками , халвою , пахучою ромовою бабою .",[],"[{""label"": ""ART"", ""text"": ""Смачними льодяниками"", ""start"": 0, ""end"": 20}, {""label"": ""MISC"", ""text"": ""пахучою ромовою бабою"", ""start"": 32, ""end"": 53}]"
5e99329ccfdde6ad4b398f15eebf97596da7b12783361cde56fa3045af2ab9fb,"Вишуканими кремовими тістечками , свіжими духмяними ватрушками , завиванцями із сиром .",[],"[{""label"": ""ART"", ""text"": ""Вишуканими кремовими тістечками"", ""start"": 0, ""end"": 31}, {""label"": ""ART"", ""text"": ""свіжими духмяними ватрушками"", ""start"": 34, ""end"": 62}, {""label"": ""MISC"", ""text"": ""завиванцями із сиром"", ""start"": 65, ""end"": 85}]"
891ab0e937cca04ed5a24e37c208109754b92e7264fb05df4830864c1987c0cf,"Яблучним штрудлем , п’яною вишнею з післясмаком вишневих кісточок .",[],"[{""label"": ""ART"", ""text"": ""Яблучним штрудлем"", ""start"": 0, ""end"": 17}, {""label"": ""ART"", ""text"": ""п’яною вишнею з післясмаком вишневих кісточок"", ""start"": 20, ""end"": 65}]"
7e00e33cb29d1b49a437c37bb4cfa61b7ed453fff0a21d80dce84f901f1e100a,Я кличу тебе .,[],"[{""label"": ""PERS"", ""text"": ""Я кличу тебе"", ""start"": 0, ""end"": 12}]"
da49f2dc808430df178fcef87fc88e0a68e49affe82018b47f8d04046c0e5955,Маню тебе .,[],"[{""label"": ""PERS"", ""text"": ""Маню тебе ."", ""start"": 0, ""end"": 11}]"
2d0a6ffc013bbbe2f094fcbe2e4c48c23dd63e79dbfbc6850b0de5c30784b8e7,Зваблюю тебе у солод .,[],[]
b6b1092dc4ba2a3d9e4531e7fc4154d85c8cc3891437079ccc3a1cfdd6601f0b,І несила тобі пручатися .,[],[]
a43e07d70c08a230a5e00ab6da2b586341f4fcfc1f7a4e9549d1096d2ec40f5f,"П’янкий туман огортає тебе , і ти йдеш до мене .",[],"[{""label"": ""MISC"", ""text"": ""П’янкий туман"", ""start"": 0, ""end"": 13}, {""label"": ""PERS"", ""text"": ""ти"", ""start"": 31, ""end"": 33}]"
8768783e78734cd82641970432c4871e82c8b04bd5ff1bf3702bdcc88ea35600,Тому що знаєш : у нашому домі тобі добре .,[],"[{""label"": ""LOC"", ""text"": ""нашому домі"", ""start"": 18, ""end"": 29}]"
b42b191dd5c4fee5eee3d096d7a66c9cc8a08e007eaf390ce59e5f83a7bb065a,"Ти переступаєш поріг і потрапляєш в солодку казку , де є ти , я ... і солод .",[],"[{""label"": ""PERS"", ""text"": ""Ти"", ""start"": 0, ""end"": 2}, {""label"": ""LOC"", ""text"": ""солодку казку"", ""start"": 36, ""end"": 49}, {""label"": ""PERS"", ""text"": ""ти"", ""start"": 57, ""end"": 59}, {""label"": ""PERS"", ""text"": ""я"", ""start"": 62, ""end"": 63}, {""label"": ""ART"", ""text"": ""солод"", ""start"": 70, ""end"": 75}]"
0e7966766346ea1268c021456ae10eb5b4c111978c8dae94d19add46a466a388,БУЛЬБАШКИ,[],"[{""label"": ""LOC"", ""text"": ""БУЛЬБАШКИ"", ""start"": 0, ""end"": 9}]"
a275bf7e04e531a63adbbb1c9a101e2bee5886813a469e505135c68d16f41059,"Скільки днів минуло відтоді , як вона зачинилася у своїй кімнаті , не пам’ятала .",[],"[{""label"": ""PERIOD"", ""text"": ""Скільки днів"", ""start"": 0, ""end"": 12}, {""label"": ""PERS"", ""text"": ""вона"", ""start"": 33, ""end"": 37}, {""label"": ""LOC"", ""text"": ""своїй кімнаті"", ""start"": 51, ""end"": 64}]"
b74908df1868b9f50ac133c2f5224b7ef76ca3a3dabef2a982ce4f98ba210313,Сиділа простоволоса на постелі .,[],[]
e86c4047667d9e3cf848d9f43a7c02967c05fd64e88dd635acdf6c1c10f973c9,Спала .,[],[]
097586a93ea2aae121b1847dd73e5bc3242529063f403cd85323e5e57f060b48,Переглядала чорно-білі світлини .,[],"[{""label"": ""ART"", ""text"": ""чорно-білі світлини"", ""start"": 12, ""end"": 31}]"
2196e584ea2121992de538858c41a99badf8e7fbcd4250518a9ce17b0e9e231b,"Чистила апельсини , здираючи з них товсту соковиту шкірку .",[],"[{""label"": ""ART"", ""text"": ""апельсини"", ""start"": 8, ""end"": 17}]"
221635921c7d73d5affc873629f7b700aaf11857974ad78329826a60a715d1cf,І багато плакала .,[],[]
84cc1eadf90f656bf029e952b3cf3f47de1a1285fe90adf85e81bc0f142fbcc9,Мовчки плакала разом із апельсинами у напівтемряві .,[],"[{""label"": ""PERS"", ""text"": ""Мовчки"", ""start"": 0, ""end"": 6}, {""label"": ""ART"", ""text"": ""апельсинами"", ""start"": 24, ""end"": 35}, {""label"": ""LOC"", ""text"": ""напівтемряві"", ""start"": 38, ""end"": 50}]"
53aa9d73e80780d7efebe8a03faa50eacd5f5fb9e1cb0467b4c188eb0453f993,"У густому повітрі , просякнутому її слізьми та гірким соком помаранчевих шкірок , зависли прозорі безколірні бульбашки .",[],"[{""label"": ""ART"", ""text"": ""прозорі безколірні бульбашки"", ""start"": 90, ""end"": 118}]"
a460b793d295fc66f8572bfa998f165928500522bba3c73473b0c3cfe5ff0735,"Вона дивилася на них , розглядала , доки їй не забракло повітря .",[],"[{""label"": ""PERS"", ""text"": ""Вона"", ""start"": 0, ""end"": 4}]"
72d61f280e699e58bb0eea2c761617aea4263e8e8b360d5a9354719cabe2f862,"Раптово відчула , що мусить позбутися їх .",[],"[{""label"": ""PERS"", ""text"": ""Раптово"", ""start"": 0, ""end"": 7}]"
5ae848171ea26eb5ac0e5a96c563e7bf6865e3cc770341b9ea167312c0fd384d,"Схопилася на ноги , підбігла до вікна й різко його відчинила .",[],[]
ea8ab88188cec73221cdcaaa5f7a41af56654235a769b98d73ec91cc5197cb81,Засліплена сонцем кімната вдихнула свіжість .,[],"[{""label"": ""LOC"", ""text"": ""Засліплена сонцем кімната"", ""start"": 0, ""end"": 25}]"
1c76960ae808baedeaf7d77dbede690f0a4f90788c083dfca4e38cdb94d4ac06,Бульбашки полетіли високо до сонця й розчинилися в блакитному небі .,[],"[{""label"": ""ART"", ""text"": ""Бульбашки"", ""start"": 0, ""end"": 9}, {""label"": ""LOC"", ""text"": ""блакитному небі"", ""start"": 51, ""end"": 66}]"
f0d0bcee3603e03b6d83640ced8f40c3b1464ae44fbcb8697bd47c33719801a7,За вікном був ранок нового дня . ТІСТО,[],"[{""label"": ""ORG"", ""text"": ""ТІСТО"", ""start"": 33, ""end"": 38}]"
16b48b854b90dcf4c0836ceb7dfca94cc3853860b7e085f53614a2f91408e175,"Розколочуємо у міксері чи в мисці яйця , молоко , борошно і сіль .",[],"[{""label"": ""ART"", ""text"": ""яйця"", ""start"": 34, ""end"": 38}, {""label"": ""MISC"", ""text"": ""молоко"", ""start"": 41, ""end"": 47}, {""label"": ""MISC"", ""text"": ""борошно"", ""start"": 50, ""end"": 57}, {""label"": ""MISC"", ""text"": ""сіль"", ""start"": 60, ""end"": 64}]"
0f102904f20eab4415df61ee6a35262ca1eec7c53fb90274a01335145c66e841,"Якщо налисники мають бути солодкі , то додаємо ще велику ложку цукру або рідкого меду .",[],"[{""label"": ""ART"", ""text"": ""налисники"", ""start"": 5, ""end"": 14}]"
0ec3ccc8586b7740c3b7ae63157048c22c83c50e23fc77d9e8e106bfd7af2460,"Тісто на налисники краще розводити молоком наполовину з водою , а готове тісто слід залишити на 30 хвилин , щоб « відпочило » .","[{""label"": ""PERIOD"", ""text"": ""30 хвилин""}]","[{""label"": ""ART"", ""text"": ""Тісто на налисники"", ""start"": 0, ""end"": 18}, {""label"": ""ART"", ""text"": ""готове тісто"", ""start"": 66, ""end"": 78}, {""label"": ""PERIOD"", ""text"": ""30 хвилин"", ""start"": 96, ""end"": 105}]"
57e18b8cb0991af9b890156cc0a508856eeb165453e954ebaf5d93834450ea7f,"Наші бабусі смажили налисники на пательні , натертій шкуринкою сала , але зручніше відразу влити до тіста ложку олії .",[],"[{""label"": ""PERS"", ""text"": ""Наші бабусі"", ""start"": 0, ""end"": 11}, {""label"": ""ART"", ""text"": ""налисники"", ""start"": 20, ""end"": 29}, {""label"": ""LOC"", ""text"": ""пательні"", ""start"": 33, ""end"": 41}]"
70c528389930ce7ebb12acfd7fafd2e48970d56377509c0684e2c334ec559ecc,"Тісто має бути таке загусте , як сметана , а пропорції складників можна змінювати : наприклад , не 3 , а 2 яйця , але тоді трохи більше борошна .",[],"[{""label"": ""MISC"", ""text"": ""Тісто"", ""start"": 0, ""end"": 5}, {""label"": ""MISC"", ""text"": ""сметана"", ""start"": 33, ""end"": 40}, {""label"": ""QUANT"", ""text"": ""3"", ""start"": 99, ""end"": 100}, {""label"": ""QUANT"", ""text"": ""2 яйця"", ""start"": 105, ""end"": 111}]"
382301a2287819cb0f4481c6118400d11100afcdca9265bd903120e8b34d021b,"Для налисників не конче брати свіже молоко , підійде і трішки прикисле , але не кисляк , а також протермінований кефір або сметана , які слід розвести водою .",[],"[{""label"": ""MISC"", ""text"": ""свіже молоко"", ""start"": 30, ""end"": 42}, {""label"": ""MISC"", ""text"": ""сметана"", ""start"": 123, ""end"": 130}]"
48f7e9ec828347f2d1d85a35036194cc3417a3ce957dc711665c7e4251a6439c,"Пательню добре розігріваємо , крапаємо на неї олію ( досить і кількох крапель ) , набираємо ложкою чи краще кохлею тісто і виливаємо на пательню так , аби воно повністю вкрило її поверхню .",[],"[{""label"": ""ART"", ""text"": ""Пательню"", ""start"": 0, ""end"": 8}, {""label"": ""ART"", ""text"": ""пательню"", ""start"": 136, ""end"": 144}]"
f467cf099945a84b861f17cd8ef473eb1beb2e64bfdf6d148d6478bea2b720e3,Для смаження наступних налисників олію на пательню вже не даємо .,[],"[{""label"": ""ART"", ""text"": ""налисників"", ""start"": 23, ""end"": 33}]"
4154baaac0bf2de24fea7cb6b7fdec5d55ad34083ec8e8b2b241eb3a65e72763,"Налисники треба смажити на великому вогні , не відходячи від плити .",[],"[{""label"": ""ART"", ""text"": ""Налисники"", ""start"": 0, ""end"": 9}, {""label"": ""LOC"", ""text"": ""великому вогні"", ""start"": 27, ""end"": 41}]"
a7d92692d781df39fef858b4a294f696cb77e74840b2b37a497aa444b5ce2794,"З одного боку смажимо на золотистий колір , а з другого тільки ледь-ледь припікаємо і викладаємо на дошку .",[],[]
cbf65bd204a02830aaa59c4d90f2052e90d22c09ce437b549d66408d5a87dcef,"Далі перевертаємо купку налисників і намащуємо їх начинкою з того боку , який був більше припечений , та скручуємо рурочкою чи складаємо конвертиком .",[],"[{""label"": ""ART"", ""text"": ""купку налисників"", ""start"": 18, ""end"": 34}]"
c9705c3445f1cafcdc341e6bd7b20cf92233e6cdef9f4e36add99e9ba0a8d8da,"Після цього наливаємо на пательню ложку олії , додаємо ложку масла , розтоплюємо і смажимо налисники на середньому вогні з обох боків .",[],"[{""label"": ""ART"", ""text"": ""налисники"", ""start"": 91, ""end"": 100}]"
c27afd121f52390e3328994546c8b38064a949687eef1a1802fe168fffc45332,НАЧИНКА,[],[]
b1352c6bceecff113f0d48938fb59320d031e6c9b8825704ba0f71d0fec5e5a3,"Масло розтираємо , поступово додаючи жовтки та перемелений на м’ясорубці сир , цукор або сіль ( залежно від того , яку хочемо отримати начинку , – солодку чи солону ) .",[],"[{""label"": ""MISC"", ""text"": ""Масло"", ""start"": 0, ""end"": 5}, {""label"": ""ART"", ""text"": ""жовтки"", ""start"": 37, ""end"": 43}, {""label"": ""MISC"", ""text"": ""сир"", ""start"": 73, ""end"": 76}, {""label"": ""MISC"", ""text"": ""цукор"", ""start"": 79, ""end"": 84}, {""label"": ""MISC"", ""text"": ""сіль"", ""start"": 89, ""end"": 93}]"
a423901f98fb110a267ce608bc058cf7613c2abafb7901bbda684d1bee03535d,Білок збиваємо на густу піну і легко вимішуємо з цією масою .,[],"[{""label"": ""MISC"", ""text"": ""Білок"", ""start"": 0, ""end"": 5}]"
04d6cae5c20d7124a71f1e4a8b87afdc5a1fd9c47a5f27c837ed71e4fd51794c,"До солодкої начинки додаємо родзинки та ванільний цукор . На початку 2000-х в українській літературі відбувалося багато цікавого , багато перспективних дебютів сталося саме тоді .","[{""label"": ""DATE"", ""text"": ""початку 2000-х""}]","[{""label"": ""PERIOD"", ""text"": ""початку 2000-х"", ""start"": 61, ""end"": 75}, {""label"": ""ORG"", ""text"": ""українській літературі"", ""start"": 78, ""end"": 100}]"
096a92e706630f9960725533b1bf0f6753e085d7f14629a81e68ecfc020a41a1,"Але навіть на тому тлі поява Кіяновської справила особливе враження : занадто незвичайний голос , занадто справжній і по-своєму нахабний .","[{""label"": ""PERS"", ""text"": ""Кіяновської""}]","[{""label"": ""PERS"", ""text"": ""Кіяновської"", ""start"": 29, ""end"": 40}]"
c24df0e0b87f932346c85556a931c0cd9010bcf7b736bd3d048131feb1ff5dd7,Подальші роки лише підтвердили здогад – одним першокласним поетом стало більше .,[],"[{""label"": ""PERIOD"", ""text"": ""Подальші роки"", ""start"": 0, ""end"": 13}, {""label"": ""PERS"", ""text"": ""одним першокласним поетом"", ""start"": 40, ""end"": 65}, {""label"": ""QUANT"", ""text"": ""більше"", ""start"": 72, ""end"": 78}]"
b13473312482c99d58d41f427e3e20f96d72971577421c0206bc62b391f2474a,"Хоча Кіяновська відома не лише цим : вона одна з найавторитетніших в Україні перекладачів з польської ( особливо – поезія , особливо – Тувім ) , є засновницею премії в царині дитячої літератури « Великий Їжак » , а в 2008-му видала книгу оповідань « Стежка вздовж ріки » , що про неї потім ще довго говорили – міцна , вкрай цікава річ . INSIDER поговорив з Маріанною напередодні Нового року , коли одночасно вийшли друком дві її поетичні книги .","[{""label"": ""PERS"", ""text"": ""Кіяновська""}, {""label"": ""LOC"", ""text"": ""Україні""}, {""label"": ""PERS"", ""text"": ""Тувім""}, {""label"": ""ART"", ""text"": ""Великий Їжак""}, {""label"": ""DATE"", ""text"": ""2008-му""}, {""label"": ""ART"", ""text"": ""Стежка вздовж ріки""}, {""label"": ""ORG"", ""text"": ""INSIDER""}, {""label"": ""PERS"", ""text"": ""Маріанною""}, {""label"": ""MISC"", ""text"": ""Нового року""}]","[{""label"": ""PERS"", ""text"": ""Кіяновська"", ""start"": 5, ""end"": 15}, {""label"": ""ORG"", ""text"": ""Великий Їжак"", ""start"": 196, ""end"": 208}, {""label"": ""DATE"", ""text"": ""2008-му"", ""start"": 217, ""end"": 224}, {""label"": ""ART"", ""text"": ""Стежка вздовж ріки"", ""start"": 250, ""end"": 268}, {""label"": ""ART"", ""text"": ""міцна , вкрай цікава річ"", ""start"": 310, ""end"": 334}, {""label"": ""ORG"", ""text"": ""INSIDER"", ""start"": 337, ""end"": 344}, {""label"": ""PERS"", ""text"": ""Маріанною"", ""start"": 357, ""end"": 366}]"
6ed9cb8e05d7224219e372393041eb73566aaba76646ce17239d2eb5e687e7c8,"- Маріанно , « ДО ЕР » і « 373 » - це ваші восьма і дев’ята поетичні збірки .","[{""label"": ""PERS"", ""text"": ""Маріанно""}, {""label"": ""ART"", ""text"": ""ДО ЕР""}, {""label"": ""ART"", ""text"": ""373""}]","[{""label"": ""PERS"", ""text"": ""Маріанно"", ""start"": 2, ""end"": 10}, {""label"": ""ART"", ""text"": ""ДО ЕР"", ""start"": 15, ""end"": 20}, {""label"": ""ART"", ""text"": ""373"", ""start"": 27, ""end"": 30}]"
e6561c765028cb94a8d8b23cbaa7c36fd56e14c95f5be80019bcb50f57582623,"Що з часів « Інкарнації » змінилось принципово ? « Напевно я росту , стаюся тихою » , « я вже вмію знаходити шлях – іще не смиренно та вже без гордині » - це про себе , це точний сьогоднішній зліпок з поета Кіяновської ?","[{""label"": ""ART"", ""text"": ""Інкарнації""}, {""label"": ""JOB"", ""text"": ""поета""}, {""label"": ""PERS"", ""text"": ""Кіяновської""}]","[{""label"": ""PERS"", ""text"": ""я"", ""start"": 59, ""end"": 60}, {""label"": ""PERS"", ""text"": ""Кіяновської"", ""start"": 207, ""end"": 218}]"
b9486a7a088969c39269a217f65cf9b3108c1931b1547d9ab19ddc06ea2588b7,А починалося ж усе з « Я одаліска .,[],"[{""label"": ""PERS"", ""text"": ""Я одаліска"", ""start"": 23, ""end"": 33}]"
15db9d19bb8a15f3b04ca73f28335c1d7de7256b59f64dcb447b2712e0b82534,Тіло і печаль .,[],[]
33175bd2bc59079a34282486651484fe7c75b40323e7677fb3ea51914ecc916b,"Душі нема , лиш очі , повні шалу » .",[],[]
d2ad231217fcaeb630a2d3ad22bc8bf8026f693981780857a566c47f20c4f91d,- Дякую за в такий спосіб сформульоване запитання .,[],[]
44c10c786dcc668cb124085e630b7cffe4cf076d9149b38456ed790c41d3a125,"Річ у тому , що « Інкарнація » теж була збіркою вибраних віршів : приблизно з 1989 року , може , з 1988 року - і до 1997 року , тексти , що ввійшли до « Інкарнації » , писалися приблизно дев’ять років .","[{""label"": ""ART"", ""text"": ""Інкарнація""}, {""label"": ""DATE"", ""text"": ""1989 року""}, {""label"": ""PERIOD"", ""text"": ""1988 року - і до 1997 року""}, {""label"": ""ART"", ""text"": ""Інкарнації""}, {""label"": ""PERIOD"", ""text"": ""дев’ять років""}]","[{""label"": ""ORG"", ""text"": ""« Інкарнація »"", ""start"": 16, ""end"": 30}, {""label"": ""DATE"", ""text"": ""1989 року"", ""start"": 78, ""end"": 87}, {""label"": ""TIME"", ""text"": ""1988 року"", ""start"": 99, ""end"": 108}, {""label"": ""TIME"", ""text"": ""1997 року"", ""start"": 116, ""end"": 125}, {""label"": ""ART"", ""text"": ""тексти , що ввійшли до « Інкарнації »"", ""start"": 128, ""end"": 165}, {""label"": ""PERIOD"", ""text"": ""дев’ять років"", ""start"": 187, ""end"": 200}]"
028e6c22e5c4115598811b434b43b784e8a93baaaf7928d2136f2f24943a205e,"У той час я витворила собі своєрідну « внутрішню міфологію » умовної « Магдалини » , оскільки після школи хотіла , але не наважилася піти в монастир .","[{""label"": ""ART"", ""text"": ""Магдалини""}]","[{""label"": ""PERIOD"", ""text"": ""У той час"", ""start"": 0, ""end"": 9}, {""label"": ""PERS"", ""text"": ""я"", ""start"": 10, ""end"": 11}, {""label"": ""MISC"", ""text"": ""внутрішню міфологію"", ""start"": 39, ""end"": 58}, {""label"": ""PERS"", ""text"": ""Магдалини"", ""start"": 71, ""end"": 80}, {""label"": ""LOC"", ""text"": ""монастир"", ""start"": 140, ""end"": 148}]"
99f07b1a0b9f3009d2fd5caad4a0e094be1b0407d526f2be2631767fbd842dd6,"Важлива особливість « Інкарнації » - її упорядковувала не я , а Юрко Бедрик .","[{""label"": ""ART"", ""text"": ""Інкарнації""}, {""label"": ""PERS"", ""text"": ""Юрко Бедрик""}]","[{""label"": ""ORG"", ""text"": ""Інкарнації"", ""start"": 22, ""end"": 32}, {""label"": ""PERS"", ""text"": ""Юрко Бедрик"", ""start"": 64, ""end"": 75}]"
6ee077d12e789d076a5a467bb97c28e8ca932236b426e670a4308494afda4e4d,"Він переконав мене видати книжку , бо я , пишучи у той час по кільканадцять віршів за ніч , не сумнівалася , що продукую жорстоку графоманію .",[],"[{""label"": ""PERS"", ""text"": ""Він"", ""start"": 0, ""end"": 3}, {""label"": ""PERS"", ""text"": ""мене"", ""start"": 14, ""end"": 18}, {""label"": ""ART"", ""text"": ""книжку"", ""start"": 26, ""end"": 32}, {""label"": ""PERS"", ""text"": ""я"", ""start"": 38, ""end"": 39}, {""label"": ""QUANT"", ""text"": ""кільканадцять віршів"", ""start"": 62, ""end"": 82}, {""label"": ""PERIOD"", ""text"": ""ніч"", ""start"": 86, ""end"": 89}, {""label"": ""ART"", ""text"": ""жорстоку графоманію"", ""start"": 121, ""end"": 140}]"
94915584ab491f785c5c7e7809f6c7105dfadebca972211fb586df3da426ae0a,"Колись навіть назва « Товариство Усамітнених Графоманів » виникла значною мірою через мене , бо я всім постійно казала , що - графоман .","[{""label"": ""ORG"", ""text"": ""Товариство Усамітнених Графоманів""}]","[{""label"": ""ORG"", ""text"": ""Товариство Усамітнених Графоманів"", ""start"": 22, ""end"": 55}, {""label"": ""PERS"", ""text"": ""мене"", ""start"": 86, ""end"": 90}, {""label"": ""PERS"", ""text"": ""я"", ""start"": 96, ""end"": 97}, {""label"": ""JOB"", ""text"": ""графоман"", ""start"": 126, ""end"": 134}]"
7120b8b1fbdff818dbc30235bb6cc00dc9524c21d7679a71efaaf1e5a1593ed5,"Це - перше , що з часів ТУГи та « Інкарнації » змінилося принципово .","[{""label"": ""ART"", ""text"": ""ТУГи""}, {""label"": ""ART"", ""text"": ""Інкарнації""}]","[{""label"": ""MISC"", ""text"": ""Інкарнації"", ""start"": 34, ""end"": 44}]"
0f05beff6d772b6088595698ae02b4c7421a5a6675b41214fbb8dc3f5ee04a69,"Друге , що змінилося , - спосіб вірити , сама структура віри .",[],[]
7f2caf159d35a59fafc50218a9681268da1052a949b83b159d7ab4c3c76f9cac,"Між « Інкарнацією » і « Міфотворенням » я відмолила важку невиліковну хворобу , для мене це було абсолютним метафізичним перетворенням , новим початком світу . « Внутрішня Магдалина » стала менш відчутною , оприсутнилася « внутрішня Єва » .","[{""label"": ""ART"", ""text"": ""Інкарнацією""}, {""label"": ""ART"", ""text"": ""Міфотворенням""}, {""label"": ""PERS"", ""text"": ""Магдалина""}, {""label"": ""PERS"", ""text"": ""Єва""}]","[{""label"": ""MISC"", ""text"": ""Інкарнацією"", ""start"": 6, ""end"": 17}, {""label"": ""MISC"", ""text"": ""Міфотворенням"", ""start"": 24, ""end"": 37}, {""label"": ""PERS"", ""text"": ""я"", ""start"": 40, ""end"": 41}, {""label"": ""PERS"", ""text"": ""мене"", ""start"": 84, ""end"": 88}, {""label"": ""PERS"", ""text"": ""внутрішня Єва"", ""start"": 223, ""end"": 236}]"
6994367993fe64822882c7bcd5c3adf176f3f67e04bc28b9ef8f0b1dc7df44e4,"Ось це - принципове , принаймні дуже важливе : поет Кіяновська - це сума сум .","[{""label"": ""PERS"", ""text"": ""Кіяновська""}]","[{""label"": ""PERS"", ""text"": ""Кіяновська"", ""start"": 52, ""end"": 62}, {""label"": ""MON"", ""text"": ""сума сум"", ""start"": 68, ""end"": 76}]"
233b5860c2298126eb038eee8767d8b3e806508905a87b144a2db8e543b4b494,Я навіть поставила би під сумнів таке поняття - « поет Кіяновська » . « Поет Кіяновська » - насправді не поет .,"[{""label"": ""PERS"", ""text"": ""Кіяновська""}, {""label"": ""JOB"", ""text"": ""Поет""}, {""label"": ""PERS"", ""text"": ""Кіяновська""}, {""label"": ""JOB"", ""text"": ""поет""}]","[{""label"": ""PERS"", ""text"": ""поет Кіяновська"", ""start"": 50, ""end"": 65}, {""label"": ""PERS"", ""text"": ""Кіяновська"", ""start"": 77, ""end"": 87}]"
5e80d7e42cf29cf947507ed3a214c6370954717e54e6c4fd4bb2cabb50c1bd5e,"Я ніколи не писала віршів « у літпроцесі » , так само , як ніколи не писала віршів про себе .",[],"[{""label"": ""PERS"", ""text"": ""Я"", ""start"": 0, ""end"": 1}, {""label"": ""MISC"", ""text"": ""літпроцесі"", ""start"": 30, ""end"": 40}]"
8e3b6fb39bdd0a40d863ed741ac93df5c3aeaa60292f2761ee0009abb09d08d5,"Отож я - не поет , я триголова коза сучукрліту .","[{""label"": ""JOB"", ""text"": ""поет""}]","[{""label"": ""PERS"", ""text"": ""я"", ""start"": 5, ""end"": 6}, {""label"": ""PERS"", ""text"": ""я"", ""start"": 19, ""end"": 20}]"
17a3ce00fdb299964eb1edbb4766876a76cab45d9c3254991d321cadb6d3c883,Усе ще зовсім молода коза .,[],[]
fee0702d5e32c563c0925a2f93c714fb131beb60d4f0bfd6fb0102dff86b9ba4,"З очима , повними шалу ( посміхається - ред ) .",[],[]
716100be28acc93338057b4b373981126b39884a9e05ac250974b7eb5ba3f81b,"- Скажіть пару слів про назви нових збірок : попередні – « Книга Адама » , « Міфотворення » , « Звичайна мова » - більш-менш зрозумілі , а от ці виглядають достоту « речами в собі » .","[{""label"": ""ART"", ""text"": ""Книга Адама""}, {""label"": ""ART"", ""text"": ""Міфотворення""}, {""label"": ""ART"", ""text"": ""Звичайна мова""}]","[{""label"": ""ART"", ""text"": ""Книга Адама"", ""start"": 59, ""end"": 70}, {""label"": ""ART"", ""text"": ""Міфотворення"", ""start"": 77, ""end"": 89}, {""label"": ""ART"", ""text"": ""Звичайна мова"", ""start"": 96, ""end"": 109}, {""label"": ""MISC"", ""text"": ""речами в собі"", ""start"": 166, ""end"": 179}]"
62dee91e45b5c072ad97e91444c5cccc3dd389a01ac0506335fe8f506316dab4,Що вони означають у першому наближенні ?,[],"[{""label"": ""PERIOD"", ""text"": ""першому наближенні"", ""start"": 20, ""end"": 38}]"
4e43843a41307916c5b26cc85ce44bd6cd373c03e2df9a556678338ceab64b07,- Вам справді зрозумілі назви попередніх збірок ?,[],"[{""label"": ""PERS"", ""text"": ""Вам"", ""start"": 2, ""end"": 5}, {""label"": ""ART"", ""text"": ""попередніх збірок"", ""start"": 30, ""end"": 47}]"
13a29315d9ae07a841188da98387e8e8a8c7242d6796ecf080382c0c1db8ecf2,"Це добре , бо мені ніколи не вдається озрозумілити їх для себе по-справжньому .",[],"[{""label"": ""PERS"", ""text"": ""мені"", ""start"": 14, ""end"": 18}]"
da0a5c7059130e2752b35640df0636b65145b8681af563e9b8340c0b2c68a8e0,"Та якщо говорити про « ДО ЕР » - йдеться про час до початку літочислення , про час « одночасний » і цілком міфологічний , якраз той час , коли можливе все , про що розповідають вірші « ДО ЕР » .","[{""label"": ""ART"", ""text"": ""ДО ЕР""}, {""label"": ""ART"", ""text"": ""ДО ЕР""}]","[{""label"": ""ART"", ""text"": ""ДО ЕР"", ""start"": 23, ""end"": 28}, {""label"": ""PERIOD"", ""text"": ""час до початку літочислення"", ""start"": 45, ""end"": 72}, {""label"": ""PERIOD"", ""text"": ""одночасний"", ""start"": 85, ""end"": 95}, {""label"": ""ART"", ""text"": ""ДО ЕР"", ""start"": 185, ""end"": 190}]"
c1cd0bf7a2c32489966528473ff11ce929aa454233cff032f63019fb498e8875,« 373 » - зовсім інша .,"[{""label"": ""ART"", ""text"": ""373""}]","[{""label"": ""MISC"", ""text"": ""зовсім інша"", ""start"": 10, ""end"": 21}]"
fca3e684626223bc7b04ab8533ec25a2ffd84e6f56e7add3a0093df5a537fb8a,"Вона має багаторівневу символіку , але для мене найважливішим , певно , є те , що 373 - це температура кипіння води за Кельвіном .","[{""label"": ""PERS"", ""text"": ""Кельвіном""}]","[{""label"": ""PERS"", ""text"": ""мене"", ""start"": 43, ""end"": 47}]"
38d6cfd869a0367cb3b0b74e3e22e2f37002c6a046f83ec5989500298797f138,"Вода перетворюється на пару і стає невидимою оку , але не зникає .",[],"[{""label"": ""ART"", ""text"": ""Вода"", ""start"": 0, ""end"": 4}]"
3bbd4d243433ce3835aca2f9c295d9d393e77cd42594408dd97a6a6bbdc4d7c7,"Це - метафора смерті , точніше того , що смерть , властиво , є перетворенням видимого на невидиме .",[],[]
dc0ae3c33f0a0e45a107a5c8a8fc577b73b9afe4baa18db7b05c1cc61d1432a6,Насправді « 373 » - дуже проста книжка .,"[{""label"": ""ART"", ""text"": ""373""}]","[{""label"": ""ART"", ""text"": ""373"", ""start"": 12, ""end"": 15}]"
905c6a8962e40f813b69c3e91e2081fb138f466fa71b7dc4cb893c0f628c41f1,"Така ж проста , як число 373 .",[],[]
4f258fd7b5b429bdc13e1bf7da9f39ff0f57147a4b39c017a7d2b117103b4880,- Взагалі поезія рухається куди – вам загальний напрямок зрозумілий ?,[],"[{""label"": ""ART"", ""text"": ""Взагалі поезія"", ""start"": 2, ""end"": 16}, {""label"": ""MISC"", ""text"": ""загальний напрямок"", ""start"": 38, ""end"": 56}]"
1affa7f49293892b63d6f221b2ca83c84de56daceed0ed99614756f9fca62d19,"Вона , з одного боку , масова і цитована , прагне декламаційності та прозорості ( Жадан , Бабкіна ) , а з іншого – герметизується ( Калитко , Шувалова ) , чи все не так ?","[{""label"": ""PERS"", ""text"": ""Жадан""}, {""label"": ""PERS"", ""text"": ""Бабкіна""}, {""label"": ""PERS"", ""text"": ""Калитко""}, {""label"": ""PERS"", ""text"": ""Шувалова""}]","[{""label"": ""PERS"", ""text"": ""Вона"", ""start"": 0, ""end"": 4}, {""label"": ""PERS"", ""text"": ""Жадан"", ""start"": 82, ""end"": 87}, {""label"": ""PERS"", ""text"": ""Бабкіна"", ""start"": 90, ""end"": 97}, {""label"": ""PERS"", ""text"": ""Калитко"", ""start"": 132, ""end"": 139}, {""label"": ""PERS"", ""text"": ""Шувалова"", ""start"": 142, ""end"": 150}]"
d9c3f57f0618c3f44bdfa73866accab5c2c75fe232c09d18f66c5b6093c41eb3,Конкуренція « сильної » і « складної » поезії для вас очевидна ?,[],[]
d1412465fd0aa9c907e02feabd3115086503a9bdfa6285c51e7f4b795b3987d6,- Поезія завжди була для всіх - і тільки для обраних .,[],"[{""label"": ""MISC"", ""text"": ""Поезія"", ""start"": 2, ""end"": 8}]"
ba9b8461785acebd8d8ac9c17e9ae9b91849d1c16416d48b2ed3d6ebc503d7c2,"І ми трохи замилюємо собі око , коли говоримо про « прозорість і декламаційність » Жадана - і « герметичність » Шувалової .","[{""label"": ""PERS"", ""text"": ""Жадана""}, {""label"": ""PERS"", ""text"": ""Шувалової""}]","[{""label"": ""PERS"", ""text"": ""Жадана"", ""start"": 83, ""end"": 89}, {""label"": ""PERS"", ""text"": ""Шувалової"", ""start"": 112, ""end"": 121}]"
6330b6010123d3d3149490582b488f0d7f9e27870fdccfb71656ebd87fc48b49,Питання - хто читач .,[],"[{""label"": ""JOB"", ""text"": ""Питання"", ""start"": 0, ""end"": 7}, {""label"": ""PERS"", ""text"": ""хто читач"", ""start"": 10, ""end"": 19}]"
de98a0252957db97582b02ae59e2ff6462b473551514e721aa2b83ea5883523f,І який контекст .,[],[]
ddcb47f3b52927f021bcf115428cec5ad38b42142971e35faa68e37f11cba29c,"Більшість людей не здатні відрізнити « справжню поезію » від « несправжньої » , « герметичну » від « негерметичної » .",[],"[{""label"": ""PERS"", ""text"": ""Більшість людей"", ""start"": 0, ""end"": 15}, {""label"": ""ART"", ""text"": ""справжню поезію"", ""start"": 39, ""end"": 54}, {""label"": ""ART"", ""text"": ""герметичну"", ""start"": 82, ""end"": 92}, {""label"": ""MISC"", ""text"": ""негерметичної"", ""start"": 101, ""end"": 114}]"
e1479d311710f30b10bad3291ad4507099d28744dea053c74cce36a08e224d09,« Прозорість » поезії - великою мірою заслуга саме контексту .,[],"[{""label"": ""ART"", ""text"": ""Прозорість"", ""start"": 2, ""end"": 12}, {""label"": ""MISC"", ""text"": ""контексту"", ""start"": 51, ""end"": 60}]"
f4f48f322480764908f772ecdaccbae8c4621d823230163d128f211fffb3386c,Найкраща поезія завжди тяжіє до маскультури . Жадан - як соціокультурне явище - мало чим відрізняється від Ліни Костенко .,"[{""label"": ""PERS"", ""text"": ""Жадан""}, {""label"": ""PERS"", ""text"": ""Ліни Костенко""}]","[{""label"": ""ART"", ""text"": ""Найкраща поезія"", ""start"": 0, ""end"": 15}, {""label"": ""MISC"", ""text"": ""маскультури"", ""start"": 32, ""end"": 43}, {""label"": ""ART"", ""text"": ""Жадан"", ""start"": 46, ""end"": 51}, {""label"": ""PERS"", ""text"": ""Ліни Костенко"", ""start"": 107, ""end"": 120}]"
3fe4d5be850573b6fde02146afdecdaff9d6c22e6c86dde4e0a2b73f143d3566,"Але вони є тими , ким є , зокрема тому , що витворено контекст « прозорості » , « доступності » , « простоти » .",[],[]
2ea400939a8ba9ea7f8439698a6317fc428c0587685cf6eaaab73921c2237f30,"Та насправді Жадан нітрохи не менш герметичний , ніж Шувалова чи Калитко .","[{""label"": ""PERS"", ""text"": ""Жадан""}, {""label"": ""PERS"", ""text"": ""Шувалова""}, {""label"": ""PERS"", ""text"": ""Калитко""}]","[{""label"": ""PERS"", ""text"": ""Жадан"", ""start"": 13, ""end"": 18}, {""label"": ""PERS"", ""text"": ""Шувалова"", ""start"": 53, ""end"": 61}, {""label"": ""PERS"", ""text"": ""Калитко"", ""start"": 65, ""end"": 72}]"
40bb21b92df24aa2040770f2724fdd1c2e0bb07a43b7f67a234275d4c1a2f358,Поезія - якщо це поезія - завжди й неминуче смислотворча .,[],"[{""label"": ""ART"", ""text"": ""Поезія"", ""start"": 0, ""end"": 6}, {""label"": ""ART"", ""text"": ""поезія"", ""start"": 17, ""end"": 23}]"
921e8c714145966fa8eb47ab89b0dff789b6c7aa50484698a6d6596ddb34dad1,"Натомість так званий « новий фольклор » і альбомна поезія , яка нині великою мірою пов’язана з соцмережами , тяжіють до жанрових і мовних кліше .",[],"[{""label"": ""ART"", ""text"": ""новий фольклор"", ""start"": 23, ""end"": 37}, {""label"": ""ART"", ""text"": ""альбомна поезія"", ""start"": 42, ""end"": 57}, {""label"": ""ORG"", ""text"": ""соцмережами"", ""start"": 95, ""end"": 106}]"
8d654acf9685254eee0efd31cf8cd0073f6983b699f51e3bf689fc03ce6828ba,- Для вас поділ проходить по інших речах ?,[],"[{""label"": ""MISC"", ""text"": ""інших речах"", ""start"": 29, ""end"": 40}]"
7c3207faa8abb10ad89232b2ea34bfe450c60fff3a6f8685f492eb9e19568cef,"- Якщо говорити про два головні типи поетичного письма , як я їх бачу , то для мене очевидним є поділ - це сталося буквально в останнє десятиліття - поетів , умовно кажучи , за рівнем толерантності .","[{""label"": ""PERIOD"", ""text"": ""десятиліття""}]","[{""label"": ""MISC"", ""text"": ""два головні типи поетичного письма"", ""start"": 20, ""end"": 54}, {""label"": ""PERS"", ""text"": ""я"", ""start"": 60, ""end"": 61}, {""label"": ""PERS"", ""text"": ""мене"", ""start"": 79, ""end"": 83}, {""label"": ""PERIOD"", ""text"": ""останнє десятиліття"", ""start"": 127, ""end"": 146}]"
fbabd6bd22e0557aa3bb6723b71a23c400462a08801cf36271b5e562ca2404c9,"Йдеться про те , чим відрізняється умовна сучасна європейська поезія від віршів умовного « типового » українського поета .","[{""label"": ""JOB"", ""text"": ""поета""}]","[{""label"": ""MISC"", ""text"": ""умовна сучасна європейська поезія"", ""start"": 35, ""end"": 68}]"
5f47e87b290e40d931318cf41ebb87700efd39f8c26e057f38f473ec402db277,"В українського поета - нерв , напруження , оголена рана чи принаймні больова точка .","[{""label"": ""JOB"", ""text"": ""поета""}]","[{""label"": ""PERS"", ""text"": ""українського поета"", ""start"": 2, ""end"": 20}, {""label"": ""MISC"", ""text"": ""нерв"", ""start"": 23, ""end"": 27}, {""label"": ""MISC"", ""text"": ""напруження"", ""start"": 30, ""end"": 40}, {""label"": ""MISC"", ""text"": ""оголена рана"", ""start"": 43, ""end"": 55}]"
7360d7ee6c9d9b92d783250dcb712f7244a7b36eaeca0f098b5a6b57b29bf056,А висока толерантність - себто виключення з парадигми неодмінної альтернативи « або-або » - передбачає зовсім інший тип рефлексії .,[],"[{""label"": ""MISC"", ""text"": ""висока толерантність"", ""start"": 2, ""end"": 22}]"
ec6e663a9f4fd00414fadfed4bb66dc104ac4b4f42e1397a8951887d15d32935,"Ці речі яскраво демонструє рання поезія Юрія Андруховича - протиставлена пізній його поезії , як і рання та пізня поезія Віктора Неборака , рання і пізня поезія Андрія Бондаря , прикладів десятки .","[{""label"": ""PERS"", ""text"": ""Юрія Андруховича""}, {""label"": ""PERS"", ""text"": ""Віктора Неборака""}, {""label"": ""PERS"", ""text"": ""Андрія Бондаря""}]","[{""label"": ""PERS"", ""text"": ""Юрія Андруховича"", ""start"": 40, ""end"": 56}, {""label"": ""ART"", ""text"": ""пізній його поезії"", ""start"": 73, ""end"": 91}, {""label"": ""QUANT"", ""text"": ""десятки"", ""start"": 188, ""end"": 195}]"
08ad4f20ddd15a61a2144da0bc42c8545d8c98402d8e5c41117c2068e550bd4b,"Це важливий виклик , що стоїть перед сучасною українською поезією ( і літературою в цілому ) , - суттєве пониження емоційного градусу , « переформулювання » емоцій « під Європу » .","[{""label"": ""LOC"", ""text"": ""Європу""}]","[{""label"": ""ART"", ""text"": ""сучасною українською поезією"", ""start"": 37, ""end"": 65}, {""label"": ""LOC"", ""text"": ""Європу"", ""start"": 170, ""end"": 176}]"
9981a87faf9618b3b850dff6b496c47d6c1d7ee8273af07dda618f2ba02937cc,"Це дуже серйозна проблема , бо цей процес - великою мірою безповоротний .",[],[]
4ecb66959c944c2b2bffb4e18c871e7aa881a19a86998fdaba39507d95a19266,"Емоційно європейська й американська поезії нині вихолощені настільки , що основним прихистком емоційності та чуттєвості стає проза .",[],"[{""label"": ""ART"", ""text"": ""Емоційно європейська й американська поезії"", ""start"": 0, ""end"": 42}, {""label"": ""MISC"", ""text"": ""проза"", ""start"": 125, ""end"": 130}]"
49c6616c926b8d405d56a0db0dfb9bdb7924254f1a7e5e72bdbcd4e65ff2d6ec,"Усі ці « Сутінки » та інші подібні книжки дають своїм читачкам те , що раніше давала в основному поезія : змушують серце трепетати , а щоки - рожевіти .","[{""label"": ""ART"", ""text"": ""Сутінки""}]","[{""label"": ""ART"", ""text"": ""Сутінки"", ""start"": 9, ""end"": 16}, {""label"": ""ART"", ""text"": ""поезія"", ""start"": 97, ""end"": 103}]"
68f32462b21c4a0f82836ce0874a14d2b24ea37c3b5c5f6a7f3e777e782d679b,"В цьому , думаю , секрет успіху на Заході « Музею покинутих секретів » Оксани Забужко - крім того , що цей роман , у принципі , - доброго світового рівня ; але розлитою по всьому тексті чуттєвістю ця книжка підкуповує масового читача , спраглого таких емоцій . Пирогами в Галичині зазвичай називають вареники .","[{""label"": ""LOC"", ""text"": ""Заході""}, {""label"": ""ART"", ""text"": ""Музею покинутих секретів""}, {""label"": ""PERS"", ""text"": ""Оксани Забужко""}, {""label"": ""LOC"", ""text"": ""Галичині""}]","[{""label"": ""PERS"", ""text"": ""Оксани Забужко"", ""start"": 71, ""end"": 85}, {""label"": ""LOC"", ""text"": ""Галичині"", ""start"": 272, ""end"": 280}, {""label"": ""ART"", ""text"": ""вареники"", ""start"": 300, ""end"": 308}]"
a9d110b76e4e00f715c57b3f2602e2f688605bfb3f862e23cbb704b5f1eca52b,"Це була і є найулюбленіша страва , без якої і неділя не неділя .",[],"[{""label"": ""ART"", ""text"": ""страва"", ""start"": 26, ""end"": 32}]"
e3677179134424f979c96886cb316bce8c1c49ebc30c2b2035e7480914abe192,"Бо саме в неділю галичани після церкви йдуть на пироги — чи до себе додому , чи в гості .",[],"[{""label"": ""DATE"", ""text"": ""неділю"", ""start"": 10, ""end"": 16}, {""label"": ""ART"", ""text"": ""пироги"", ""start"": 48, ""end"": 54}, {""label"": ""LOC"", ""text"": ""до себе додому"", ""start"": 60, ""end"": 74}, {""label"": ""LOC"", ""text"": ""в гості"", ""start"": 80, ""end"": 87}]"
71fd61c876ec3de4eb75a8c4b01d4fcd4a8160f90885dd44b6cfef8fa1192ebe,Видів пирогів дуже багато .,[],"[{""label"": ""MISC"", ""text"": ""Видів пирогів"", ""start"": 0, ""end"": 13}]"
19dff37895cb280135b639dc0837ac45e1cb4287df08860be6e3387cfaf29ffd,ТІСТО,[],[]
b5d8e07e234186455f168f09f80998d2d7dcc1cc926966940bcd034e8c634c2c,"Тісто на пироги готують з борошна , води і солі .",[],"[{""label"": ""ART"", ""text"": ""Тісто на пироги"", ""start"": 0, ""end"": 15}]"
130eec8d5b6ee8da5c4de9fede598aff9306a5768336b8a9ffb323b6a90ac648,Можна також додати одне яйце .,[],"[{""label"": ""ART"", ""text"": ""одне яйце"", ""start"": 19, ""end"": 28}]"
c1ff58cbdda7af0552fbdc0420b3426fd69dd7b8420a1871846fd891ecbd7ddb,"Будь-які мірки , вказані в кулінарних книжках , вас розчарують , бо борошно є різне .",[],"[{""label"": ""ART"", ""text"": ""Будь-які мірки"", ""start"": 0, ""end"": 14}, {""label"": ""PERS"", ""text"": ""вас"", ""start"": 48, ""end"": 51}, {""label"": ""ART"", ""text"": ""борошно"", ""start"": 68, ""end"": 75}, {""label"": ""MISC"", ""text"": ""різне"", ""start"": 78, ""end"": 83}]"
4051d27a627965a0c2f9ae4cf8f62a05ca9036649e53f51b5b0fe6ef58159ad5,"Якщо ви збираєтесь замішувати тісто вперше , то мусите пройти період навчання - навчитися відчувати консистенцію тіста , яке має бути не надто рідке і не надто густе .",[],"[{""label"": ""PERS"", ""text"": ""ви"", ""start"": 5, ""end"": 7}, {""label"": ""MISC"", ""text"": ""тісто"", ""start"": 30, ""end"": 35}, {""label"": ""PERIOD"", ""text"": ""період навчання"", ""start"": 62, ""end"": 77}, {""label"": ""ART"", ""text"": ""тіста"", ""start"": 113, ""end"": 118}]"
da3f8f1e7ae82eb7fdf9cbdd22898f3bd1fa038e0b93d9391bc87eb0614b7dbc,"Тому краще замішувати тісто спочатку у великій мисці і зробити його дещо рідшим , а відтак поволі досипати борошно , далі викласти його на стільницю , посипану борошном , місити .",[],"[{""label"": ""ART"", ""text"": ""тісто"", ""start"": 22, ""end"": 27}, {""label"": ""MISC"", ""text"": ""борошно"", ""start"": 107, ""end"": 114}, {""label"": ""ART"", ""text"": ""стільницю , посипану борошном"", ""start"": 139, ""end"": 168}]"
884bf0c9cc3b5275d30321d7ca43990094b762180224cd580ce7949d595264d8,"Потім тісто розкачуємо валком , щоб було тонке , і вирізаємо склянкою варениці .",[],"[{""label"": ""ART"", ""text"": ""валком"", ""start"": 23, ""end"": 29}, {""label"": ""ART"", ""text"": ""склянкою варениці"", ""start"": 61, ""end"": 78}]"
522cf0b7494d2b49e8dcf908323d46e5ede16e7e2ed7db9652b1ebebc43ff7c2,"Часом господині роблять з тіста ковбаску , крають її на рівні кавальчики і ліплять з них щось на зразок човника , до якого вкладають начинку .",[],"[{""label"": ""PERS"", ""text"": ""господині"", ""start"": 6, ""end"": 15}, {""label"": ""ART"", ""text"": ""ковбаску"", ""start"": 32, ""end"": 40}, {""label"": ""ART"", ""text"": ""кавальчики"", ""start"": 62, ""end"": 72}, {""label"": ""ART"", ""text"": ""човника"", ""start"": 104, ""end"": 111}]"
fd1598ed581564e1e61583cd8f22685215bb0edee13fc01864f3a5b191139c57,"У гуцулів тісто на вареники готували з пшеничного , житнього , ячмінного і гречаного борошна , розкачували валком і краяли на квадрати , тоді пироги були трикутні .",[],"[{""label"": ""PERS"", ""text"": ""гуцулів"", ""start"": 2, ""end"": 9}, {""label"": ""MISC"", ""text"": ""вареники"", ""start"": 19, ""end"": 27}, {""label"": ""MISC"", ""text"": ""пироги"", ""start"": 142, ""end"": 148}]"
5deca56e087baa460f3dd579bfc03773b2deb4e39d1b522f9b121e847640af44,Або ж витискали варениці склянкою .,[],"[{""label"": ""ART"", ""text"": ""склянкою"", ""start"": 25, ""end"": 33}]"
810336a07aaececd27d130fe8c256571f099428a5ad44bb02cc014933528d019,А ще виривали « по кавалку тіста величини волоського горіха або малого курячого яйця і розплескували до певної тонкости » .,[],[]
334c72b5a2d59bfd0c4b6755dcfcdb06c64831f67fa8c838bb023af23e6b7cdc,"Якщо начинка закінчилася , а варениці зосталися , то їх варять разом із пирогами і теж їдять .",[],"[{""label"": ""MISC"", ""text"": ""начинка"", ""start"": 5, ""end"": 12}, {""label"": ""ART"", ""text"": ""варениці"", ""start"": 29, ""end"": 37}, {""label"": ""MISC"", ""text"": ""пирогами"", ""start"": 72, ""end"": 80}]"
994c9ec56d61ce4891e9efc23a43c22ad48825351cffa74b0a875c9d5914c24c,Особливо їх полюбляють діти .,[],"[{""label"": ""PERS"", ""text"": ""діти"", ""start"": 23, ""end"": 27}]"
c27afd121f52390e3328994546c8b38064a949687eef1a1802fe168fffc45332,НАЧИНКА,[],[]
6dfbd5c84f83437892da085d8b54ad1191f47c438aa75ad25237a2b8ad86db36,"Бульбу варимо та мнемо товчиком , цибулю підсмажуємо , щоб була м’яка , додаємо до бульби .",[],"[{""label"": ""ART"", ""text"": ""Бульбу"", ""start"": 0, ""end"": 6}, {""label"": ""ART"", ""text"": ""цибулю"", ""start"": 34, ""end"": 40}, {""label"": ""ART"", ""text"": ""бульби"", ""start"": 83, ""end"": 89}]"
0fa7044c9f07a36073a79f1d29092fec9d362d2fab1318e37b528b3d12903951,"Досипаємо бринзи , за бажанням , зелені .",[],"[{""label"": ""ART"", ""text"": ""бринзи"", ""start"": 10, ""end"": 16}, {""label"": ""MISC"", ""text"": ""зелені"", ""start"": 33, ""end"": 39}]"
2f6272554645aed539f90e52b28c087dc9af586da3898206e911202dc18827e5,Мнемо до однорідної маси .,[],[]
1af667f275e03aecf6e3979f9c20ce239038c506d6efd87984e8c06b0ee8fdf9,"Усі начинки , крім солодких , заправляємо сіллю і перцем .",[],"[{""label"": ""ART"", ""text"": ""Усі начинки"", ""start"": 0, ""end"": 11}, {""label"": ""MISC"", ""text"": ""солодких"", ""start"": 19, ""end"": 27}]"
d2b4b6af72c4ad0f1ed088fdb4d8de2ecdfc687f0df5e0e62f5e5a568fd3f734,Варіанти начинок :,[],"[{""label"": ""ART"", ""text"": ""Варіанти начинок"", ""start"": 0, ""end"": 16}]"
0096aebe524ad245c54703fd8af4bee45ded2354ca863cabb1b6a9f0db58d0b8,1 .,[],[]
297355cf23b9ea1304d90a1391923973a5fea0c2fd733b9f05ac025423895636,Добре відтиснутий сир з яйцем і кропом .,[],"[{""label"": ""ART"", ""text"": ""Добре відтиснутий сир з яйцем і кропом"", ""start"": 0, ""end"": 38}]"
36fb8073d722e4731f45b96094eb5defacf9bdc90ff28eba9195f52b53a7e639,2 .,[],[]
4db471f283db96eb996518c8f629227d1304cbc2d73f3f24a21cc8d4f6b15bd9,Сир з дрібно посіченим шпинатом або молодою кропивою .,[],"[{""label"": ""MISC"", ""text"": ""Сир"", ""start"": 0, ""end"": 3}]"
f6cfefbf17c741d51650968de13abda2752b6b8b521cf803240a1ffef2c3bde7,3 .,[],[]
3636b81740ac87181222e31c6539696e530e4546af366d8ca2adf16150b7eca2,Сир з додаванням третини товченої бульби і смаженої цибульки .,[],"[{""label"": ""ART"", ""text"": ""Сир"", ""start"": 0, ""end"": 3}, {""label"": ""ART"", ""text"": ""товченої бульби"", ""start"": 25, ""end"": 40}]"
8ff7ca56f3b0f23e0e9b81099e6d3ba67b821eeffd079a5637985372eaa8fd02,4 .,[],[]
8017e05394e1367010eb0b4ed13622ead5cfe70011c8eed69a3441962d5bf721,Товчена бульба зі смаженою цибулькою .,[],"[{""label"": ""ART"", ""text"": ""Товчена бульба зі смаженою цибулькою"", ""start"": 0, ""end"": 36}]"
7095dbcf72063581b21f78cb981a15f6b8aead8f53a15051c4d73e01eaa5630e,5 .,[],[]
bfe88f5fdc85d033fb573b65f04e0908ae382443c302530dce81c49c0bfcb100,Каша пшоняна або гречана з сиром .,[],"[{""label"": ""ART"", ""text"": ""Каша пшоняна або гречана з сиром"", ""start"": 0, ""end"": 32}]"
13f992229298f371bce44256fa7c726a2e738c5229f7f1b31bfec8d330ccda03,6 .,[],[]
aed374462d95bde87e6a223895953f68c651c849bdd4518e12baaeac519330bc,Каша гречана з бульбою і смаженою цибулею .,[],"[{""label"": ""ART"", ""text"": ""Каша гречана з бульбою і смаженою цибулею"", ""start"": 0, ""end"": 41}]"
554bd055ded0c26e692b88854fb5f96651d2a38535098727ab9cf764166d83ee,7 .,[],[]
8981b5b036f7b5d05ac437759e63541dfd04bf96e2826b49cb41d67841d9f30e,Бульба з меленими шкварками і смаженою цибулею .,[],"[{""label"": ""ART"", ""text"": ""Бульба з меленими шкварками і смаженою цибулею"", ""start"": 0, ""end"": 46}]"
5ebea77edc0b920ea2e845475216f4052e0f9fb2ca83d77705fd0256a9bbaff2,8 .,[],[]
530642f0bd1a85acd97f6b546db0aa73774f120d4c90d89097135e185014626d,Тушкована капуста зі смаженою цибулею .,[],"[{""label"": ""ART"", ""text"": ""Тушкована капуста зі смаженою цибулею"", ""start"": 0, ""end"": 37}]"
f778cb24029031c2f8e5c8c8db28981f9e9e8cfa61b2a60da8659e733eb0b328,9 .,[],[]
7f2b599101fb47ed32ecb53b8b85340b43d74e7d1d9ccee0f0759fb6228c0dee,Тушкована капуста з бульбою і смаженою цибулею .,[],"[{""label"": ""ART"", ""text"": ""Тушкована капуста з бульбою і смаженою цибулею"", ""start"": 0, ""end"": 46}]"
89505f1eec6123a4e0b656ea53c6e40b64625077a1a12dd825d0b43c661c8205,10 .,[],[]
606edf2dac6594f5085ba5351ac6d341445b4a987f54b4ababc08523da120ca6,Тушкована квашена капуста зі смаженою цибулею і тертою тушкованою морквою .,[],"[{""label"": ""ART"", ""text"": ""Тушкована квашена капуста"", ""start"": 0, ""end"": 25}, {""label"": ""ART"", ""text"": ""тертою тушкованою морквою"", ""start"": 48, ""end"": 73}]"
dd542b57bc6cb3e7dac3e6fb225e56c96f487e0fc22f5e6db1bf68af5f382964,11 .,[],[]
2d1714e12c4be4c5ba7816c7a3f1371e1bb69735b22dac82038898fddeeae817,Тушкована квашена капуста з бульбою і смаженою цибулею .,[],"[{""label"": ""ART"", ""text"": ""Тушкована квашена капуста з бульбою і смаженою цибулею"", ""start"": 0, ""end"": 54}]"
59ee2989c9a53ce4dfc153246c28d6b832cccb84151afe6bf98167789cd3a56a,12 .,[],[]
338ffd4917dbee193d55c80ba0f12312804312a518d7b3fa34df425138b06c4c,Сушені або свіжі відварені гриби зі смаженю цибулею і тушкованою морквою .,[],"[{""label"": ""ART"", ""text"": ""Сушені або свіжі відварені гриби"", ""start"": 0, ""end"": 32}, {""label"": ""MISC"", ""text"": ""тушкованою морквою"", ""start"": 54, ""end"": 72}]"
8aee1ed7c8f9f61a25aca904bba083eb2e39314bd6ac7a4185215847f7382f86,13 .,[],[]
219c207738c2e5dcd6d32da22e9d9ed01d1f5bb8181bc3ad3877de78bf63b7eb,"Змелене м’ясо , на якому варилася зупа , зі смаженою цибулею .",[],"[{""label"": ""ART"", ""text"": ""Змелене м’ясо"", ""start"": 0, ""end"": 13}, {""label"": ""ART"", ""text"": ""зупа"", ""start"": 34, ""end"": 38}]"
6810cef4fbb1f5020fad73886cef688baddc47c4269ff471c7afb839f90b3926,14 .,[],[]
cbc0e5f4e0c11aa389444c61ab4ddaf109d534bc6767c498d5c071c2d67aa37f,Відварені й змелені серце і легені зі смаженою цибулею .,[],"[{""label"": ""ART"", ""text"": ""Відварені й змелені серце і легені зі смаженою цибулею"", ""start"": 0, ""end"": 54}]"
d17ec2587d1deb4c9026a295595baa115cd68b9a24e2c5cb2441e22767b5f0b2,15 .,[],[]
0d865aecd6b54c307c66acfa6d1afae811f7dcecaf5bbbf1727bea2065f1e3da,Тушкована і змелена печінка зі смаженою цибулею .,[],"[{""label"": ""ART"", ""text"": ""Тушкована і змелена печінка зі смаженою цибулею"", ""start"": 0, ""end"": 47}]"
f24c39aca85a5299fa5c87069bfaee0e8bcadb2beac99b35e41fccf82823626e,16 .,[],[]
3f0648c4558af26bdd424ec9222fd72fe38c9e4050a4078ed8f9c37ddc0041cb,Тертий мак з медом або цукром .,[],"[{""label"": ""ART"", ""text"": ""Тертий мак з медом або цукром"", ""start"": 0, ""end"": 29}]"
c023ea72c125df5cefc35ef16f8a21d9179853de5ef4b6dc63a0ba07a0d77d6d,17 .,[],[]
ab024b3527393f55019df5af3ce05025e0090071bb5b48abe2f207f1c48f801d,"Черешні і вишні з кісточками , сливки без кісточок .",[],"[{""label"": ""MISC"", ""text"": ""Черешні і вишні з кісточками"", ""start"": 0, ""end"": 28}, {""label"": ""ART"", ""text"": ""сливки без кісточок"", ""start"": 31, ""end"": 50}]"
da58cae677aa0a14ba1964a00d37612bf0968d0e355f49e335d6b2aaa1d0b3cd,18 .,[],[]
57fcce816401acd8fbaa523fd949624119d37b25b6f35fe9dfb521efd497a36d,"Дрібно посічені яблука , злегка протушковані на маслі і поцукровані .",[],"[{""label"": ""ART"", ""text"": ""Дрібно посічені яблука"", ""start"": 0, ""end"": 22}]"
47ec8aba194f1c89e2f03fde04593d8e869fe9daba518bcbaa2e7d1826ed9f71,"Пироги можна не тільки варити , але й пекти у братрурі .",[],"[{""label"": ""MISC"", ""text"": ""Пироги"", ""start"": 0, ""end"": 6}, {""label"": ""LOC"", ""text"": ""братрурі"", ""start"": 46, ""end"": 54}]"
1249d245117f6c9ff2487c3bea5967b698f68bfd04d17d971fdf672d5dde6390,"Для цього надаються всі пироги , крім солодких .",[],"[{""label"": ""MISC"", ""text"": ""пироги"", ""start"": 24, ""end"": 30}, {""label"": ""MISC"", ""text"": ""солодких"", ""start"": 38, ""end"": 46}]"
59814dd924399cbbdca5132d00d57c5fb65e8bddd6189a546d7701a4520c746e,"Готові пироги мастимо маслом , смальцем , олією , смаженою цибулею , подаємо зі сметаною або кислим молоком . Уночі на Андрія хлопці в селі бешкетують .","[{""label"": ""PERS"", ""text"": ""Андрія""}]","[{""label"": ""ART"", ""text"": ""Готові пироги"", ""start"": 0, ""end"": 13}, {""label"": ""MISC"", ""text"": ""сметаною"", ""start"": 80, ""end"": 88}, {""label"": ""PERIOD"", ""text"": ""Уночі"", ""start"": 110, ""end"": 115}, {""label"": ""PERS"", ""text"": ""Андрія"", ""start"": 119, ""end"": 125}, {""label"": ""LOC"", ""text"": ""селі"", ""start"": 135, ""end"": 139}]"
2664b765a702185b4257d101eae3f62e4af12f48b85916e12f16ba31f0589678,"Кому новісінькі ворота дьогтем вимажуть , кому дрова розкидають , а кому і воза на хату витягнуть .",[],"[{""label"": ""MISC"", ""text"": ""новісінькі ворота"", ""start"": 5, ""end"": 22}, {""label"": ""PERS"", ""text"": ""кому"", ""start"": 42, ""end"": 46}, {""label"": ""ART"", ""text"": ""дрова"", ""start"": 47, ""end"": 52}, {""label"": ""PERS"", ""text"": ""кому"", ""start"": 68, ""end"": 72}, {""label"": ""ART"", ""text"": ""воза"", ""start"": 75, ""end"": 79}]"
e44cfe562871b15ea525890c88cfc2e30101d982f56039733dfaba8aa7fe1c76,"Стоїть тоді уранці хазяїн , потилицю чухає , а зробити нічого не може – бо на Андрія парубкам усе дозволено .","[{""label"": ""PERS"", ""text"": ""Андрія""}]","[{""label"": ""JOB"", ""text"": ""хазяїн"", ""start"": 19, ""end"": 25}, {""label"": ""PERS"", ""text"": ""Андрія парубкам"", ""start"": 78, ""end"": 93}]"
99e6202d4ef0e864f2736352dcf15e34ec3119a5dc528fb101ff7ffa69f0fe52,"А хто своє хазяйство боронити стане , то може і по шиї заробити , хіба що від хлопців відкупиться відром горілки .",[],"[{""label"": ""PERS"", ""text"": ""хлопців"", ""start"": 78, ""end"": 85}, {""label"": ""ART"", ""text"": ""відром горілки"", ""start"": 98, ""end"": 112}]"
38f348295f42893a7fe2eec17262e8fdb08c9d61157e48e856ebf551eec0b8f0,"От і у нас якось на Дячуківському кутку хлопці веселились : Івану Вариводі тина аж у город затаскали , дядьку Павлові коней зі стайні повипускали , а сільському голові кабана в собачу буду запхали .","[{""label"": ""LOC"", ""text"": ""Дячуківському кутку""}, {""label"": ""PERS"", ""text"": ""Івану Вариводі""}, {""label"": ""PERS"", ""text"": ""Павлові""}]","[{""label"": ""LOC"", ""text"": ""Дячуківському кутку"", ""start"": 20, ""end"": 39}, {""label"": ""PERS"", ""text"": ""Івану Вариводі"", ""start"": 60, ""end"": 74}, {""label"": ""ART"", ""text"": ""тина"", ""start"": 75, ""end"": 79}, {""label"": ""PERS"", ""text"": ""дядьку Павлові"", ""start"": 103, ""end"": 117}, {""label"": ""ART"", ""text"": ""коней"", ""start"": 118, ""end"": 123}, {""label"": ""PERS"", ""text"": ""сільському голові"", ""start"": 150, ""end"": 167}, {""label"": ""ART"", ""text"": ""кабана"", ""start"": 168, ""end"": 174}]"
15403e83499c8e90db677c5ca1a9293002c02fa52cf4b2962a11e55cfffd6e2a,"Начебто усі діла переробили , а ще тільки півночі минуло .",[],"[{""label"": ""MISC"", ""text"": ""усі діла"", ""start"": 8, ""end"": 16}, {""label"": ""PERIOD"", ""text"": ""півночі минуло"", ""start"": 42, ""end"": 56}]"
a21e92586b2f2161153cb4cd5056f9747a41bba4b4e84a5336d2b7c689a541fe,"Місяць світить , сніг порипує , морозець веселить .",[],[]
56fe82a2bc19d371689e830704055bf50ac20a9624bd2c0c176493cc93253517,Додому йти ще ранувато .,[],"[{""label"": ""LOC"", ""text"": ""Додому"", ""start"": 0, ""end"": 6}]"
b2c65c5730ca215f7976afbffe1596c92728e1aed38a9161dbd60f4d658d2764,"От парубоцький отаман і гукає : « Ану , гайда через лід на той беріг у Корчі до діда Тимоша !","[{""label"": ""LOC"", ""text"": ""Корчі""}, {""label"": ""PERS"", ""text"": ""Тимоша""}]","[{""label"": ""JOB"", ""text"": ""парубоцький отаман"", ""start"": 3, ""end"": 21}, {""label"": ""LOC"", ""text"": ""Корчі"", ""start"": 71, ""end"": 76}, {""label"": ""PERS"", ""text"": ""діда Тимоша"", ""start"": 80, ""end"": 91}]"
83410038a938134a253edb1d21f189f7ad3b73fa3046d1a88091d293db468458,Нехай нам казки розказує ! » .,[],[]
2f56e1912fd1a3313e3a2da707095057d356e55517924fa08448841eb3f0e75f,"А у Корчах , просто серед лісу стояла маленька дідова хатина , а сам дід знав безліч казок і був дуже веселий .","[{""label"": ""LOC"", ""text"": ""Корчах""}]","[{""label"": ""LOC"", ""text"": ""Корчах"", ""start"": 4, ""end"": 10}, {""label"": ""ART"", ""text"": ""маленька дідова хатина"", ""start"": 38, ""end"": 60}, {""label"": ""PERS"", ""text"": ""дід"", ""start"": 69, ""end"": 72}, {""label"": ""MISC"", ""text"": ""казок"", ""start"": 85, ""end"": 90}]"
433c524dccb9d58f497e79bfd11585dfd8ad2c5d99b3f07b4c74c942c931e368,Одна біда була в діда : ноги мав криві та кульгаві – наче тримав щось між коліньми .,[],"[{""label"": ""PERS"", ""text"": ""діда"", ""start"": 17, ""end"": 21}]"
b287ff7784fdb048c41ec2ace1377b9671439171284e24bac737d3d92fbf7f91,"То , бувало , хлопці , жартома дражнили старого :",[],"[{""label"": ""ORG"", ""text"": ""хлопці"", ""start"": 14, ""end"": 20}, {""label"": ""PERS"", ""text"": ""старого"", ""start"": 40, ""end"": 47}]"
21247aa1d4ec265ff77cb391a3e51406df019355a0f4f89628971ca98874eb66,- Діду Тимоше !,"[{""label"": ""PERS"", ""text"": ""Тимоше""}]","[{""label"": ""PERS"", ""text"": ""Діду Тимоше"", ""start"": 2, ""end"": 13}]"
08752d5b3940b518378eb54024257a77676dfd265a9eb6b7605d0289dc2ee232,"Оно дивіться , з-під вас коня вкрали , а ви ще й досі їдете !",[],"[{""label"": ""PERS"", ""text"": ""Оно"", ""start"": 0, ""end"": 3}, {""label"": ""ART"", ""text"": ""коня"", ""start"": 25, ""end"": 29}, {""label"": ""PERS"", ""text"": ""ви"", ""start"": 41, ""end"": 43}]"
e00306e629d4245227dd72741428e4c0302c76b6c1fafb710fdaf981d0b38c72,"- А , їхала б по вас лиха година – уздовж і впоперек ! – лаявся дід .",[],"[{""label"": ""TIME"", ""text"": ""лиха година"", ""start"": 21, ""end"": 32}, {""label"": ""PERS"", ""text"": ""дід"", ""start"": 64, ""end"": 67}]"
5693684e6865dd8cabe665c02ba1dba333a6bb0c0470eb5dcfcc87ac3e7e6a70,"Та поки я вам про діда оповідав , то парубки вже через річку перейшли і до хатини добралися .",[],"[{""label"": ""PERS"", ""text"": ""діда"", ""start"": 18, ""end"": 22}, {""label"": ""ORG"", ""text"": ""парубки"", ""start"": 37, ""end"": 44}, {""label"": ""LOC"", ""text"": ""річку"", ""start"": 55, ""end"": 60}, {""label"": ""LOC"", ""text"": ""хатини"", ""start"": 75, ""end"": 81}]"
ea7f80aa053ab240b60d5f1093c170411b748a690b49b9af63640ae3eeb5f32e,"Дід Тиміш гарно піч кізяком витопив , та й на лежанці спав .","[{""label"": ""PERS"", ""text"": ""Тиміш""}]","[{""label"": ""PERS"", ""text"": ""Дід Тиміш"", ""start"": 0, ""end"": 9}]"
51ab83e6b8c89400d4f8da393e469d6a198f7665741acc28b806d54f5c37ef08,"Дим валує , лежанка тепла – добре дідові спиться .",[],"[{""label"": ""ART"", ""text"": ""Дим"", ""start"": 0, ""end"": 3}, {""label"": ""ART"", ""text"": ""лежанка тепла"", ""start"": 12, ""end"": 25}]"
7b242f4dbb9cd7e51bdad79e2346ebc3741252eeb6660fccdaf6792812df0333,Коли це хлопці давай у двері гамселити :,[],"[{""label"": ""PERS"", ""text"": ""хлопці"", ""start"": 8, ""end"": 14}]"
c5b0dd0052397b7a525a987c17bae1a34e2264e1e95f472ba0d9d99d7a49ef6d,- Діду !,[],"[{""label"": ""PERS"", ""text"": ""Діду !"", ""start"": 2, ""end"": 8}]"
8567fcdd2c253ef4a56acaae2c28abf4f56a087dd498146d4fd7b99fb5a405c1,Вставай казки розповідати !,[],[]
61f088177b322ed2de35a9eb8ca327712b709f8735158f69d03b544cfc92d35e,"- От зараз устану , та віжками потягну через спину !",[],[]
7019f82e70a549d1fc0ad65befb31b451d4f410e7e497f44852010a61294cfa0,А дід таки міг і віжками чи батогом гарно шмагонути .,[],"[{""label"": ""PERS"", ""text"": ""дід"", ""start"": 2, ""end"": 5}]"
5ebc1bbca2a5e89ceaf363333bd4c7a50423373a4da1cd863c58d8ae898a484f,"Але з печі не злазить , а двері міцні – дубові , – бий , скільки влізе .",[],"[{""label"": ""ART"", ""text"": ""печі"", ""start"": 6, ""end"": 10}]"
13e4f4d9976721e0bf33e0b99ee2bbb8b7b48bf5a313feafc70690a12e094fb4,"Били-били хлопці чобітьми – немає діла , не відчиняє дід .",[],"[{""label"": ""ART"", ""text"": ""Били-били хлопці чобітьми"", ""start"": 0, ""end"": 25}, {""label"": ""PERS"", ""text"": ""дід"", ""start"": 53, ""end"": 56}]"
889cd3962a35cac5a22c6b68d689f10a5ffd861af3bff37f81fcaedae6784db8,"- Ну стривай , вражий діду , ось ми тобі покажемо !",[],"[{""label"": ""PERS"", ""text"": ""вражий діду"", ""start"": 15, ""end"": 26}]"
335d90dde85f6738e6e25829294a601e53637ab14206ea12d8d6ece056bae135,"Залізли хлопці на стріху , та й запхали у комин шапку , гарно затовкли , кулаками забили , а двері колодою підперли .",[],"[{""label"": ""PERS"", ""text"": ""хлопці"", ""start"": 8, ""end"": 14}, {""label"": ""LOC"", ""text"": ""стріху"", ""start"": 18, ""end"": 24}, {""label"": ""ART"", ""text"": ""шапку"", ""start"": 48, ""end"": 53}]"
cb435147584f3772f59eca02f8553c9be40d974a2e6975f686dd8656d37d5632,От як пішов дим у хату – біда !,[],"[{""label"": ""ART"", ""text"": ""дим"", ""start"": 12, ""end"": 15}, {""label"": ""MISC"", ""text"": ""біда"", ""start"": 25, ""end"": 29}]"
a8417292846e255af0860786367ecd7b6890028446b262460055409e51341e0f,"Смердить , під стелею клубочиться , горло спирає .",[],[]
34f332cbbb8b49a9212a188de3d3525fe30456e09dbe6a2dde1d8961ede68829,"Дід перше перебрався з лежанки на піл – понижче , а далі на підлогу , а потім до дверей , бо вже дихати немає чим .",[],"[{""label"": ""PERS"", ""text"": ""Дід"", ""start"": 0, ""end"": 3}, {""label"": ""ART"", ""text"": ""лежанки"", ""start"": 23, ""end"": 30}, {""label"": ""ART"", ""text"": ""піл"", ""start"": 34, ""end"": 37}, {""label"": ""LOC"", ""text"": ""підлогу"", ""start"": 60, ""end"": 67}, {""label"": ""LOC"", ""text"": ""дверей"", ""start"": 81, ""end"": 87}]"
eae0c7b54a16e99c30994681d75baad1e84abce553ccae96f36e51351ad9395e,А двері колодою підперті – зовсім дід пропадає .,[],"[{""label"": ""ART"", ""text"": ""двері колодою"", ""start"": 2, ""end"": 15}, {""label"": ""PERS"", ""text"": ""дід"", ""start"": 34, ""end"": 37}]"
126485f34de178d8a30b6d010f6859d17d878353f1f9444fe8e5d5669333ea28,"Давай тоді дід сваритися , а хлопці тільки регочуть .",[],"[{""label"": ""PERS"", ""text"": ""дід"", ""start"": 11, ""end"": 14}]"
f0c01e3f800efbc070cb556bd335725ccd408a6f2dc73630110c371da301eb92,Далі став проситися :,[],[]
75ee9685615c5a76d453368f55b369220995ef7424ba8af93c7f3aa62059b544,"- Відчиніть , бо вчадію !",[],[]
00af2d7b13dca8c33ef83a94b47752effb9d5c7a06b665eae81598b20806b299,- А казку розкажеш ?,[],[]
bd42a4542bd2b65ed7646f86234ef7139d6638607e3adf6ce3516f2495f7ac1a,"- Розкажу , тільки відчиніть !",[],[]
e99cd43223e034ebc500ec2ed540e7595c4896b5bba608b388747abb2665f738,"Відчинили парубки двері , дим шапками порозганяли , холоду напустили .",[],"[{""label"": ""PERS"", ""text"": ""парубки"", ""start"": 10, ""end"": 17}]"
2ab18be788552c8f8925c3d0ccea3652fd56dc01ca1ad475f95064fe990dfc6b,"Дід знову заліз на піч , а хлопці по хаті порозсідалися – казку слухати .",[],"[{""label"": ""PERS"", ""text"": ""Дід"", ""start"": 0, ""end"": 3}, {""label"": ""MISC"", ""text"": ""казку"", ""start"": 58, ""end"": 63}]"
3cb6f715fd7937be039a9d0550b4e62d5db2c9a606d199ad5fa42b35bb5d3a78,"- От ви думаєте , що я завжди був такий кульгавий і кривоногий ?",[],"[{""label"": ""PERS"", ""text"": ""я"", ""start"": 21, ""end"": 22}]"
be33ff9e938e3c75593485c6c22c9e6286dbb3d7502e915539606649d8f5c465,Так от і ні !,[],[]
10e326db6f5433314a24981ea5bf77a601fa8f7306910fb77914b520e3fdf138,Це мене таким папороть зробила .,[],"[{""label"": ""PERS"", ""text"": ""мене"", ""start"": 3, ""end"": 7}, {""label"": ""ART"", ""text"": ""папороть"", ""start"": 14, ""end"": 22}]"
571e97c1fc05e11364e9a8dd414ac88ba25bbbfda5ba407254663abb630214b7,- Як-то так ? – дивуються парубки .,[],"[{""label"": ""PERS"", ""text"": ""парубки"", ""start"": 26, ""end"": 33}]"
5f2012ae89acc6e462cf8a017994fa9c0f02e9e916fcf2ca3ef39bc311487dae,- А отако .,[],"[{""label"": ""JOB"", ""text"": ""А отако"", ""start"": 2, ""end"": 9}]"
d724ceeb1fa7e563482df30b828f8124e7bbe92a36dea726682a1c845944bd8e,"Як був я ще молодий та гарний , як ви , то все слухав , що старі люди розказують про папороть .",[],"[{""label"": ""PERS"", ""text"": ""я"", ""start"": 7, ""end"": 8}, {""label"": ""PERS"", ""text"": ""ви"", ""start"": 35, ""end"": 37}, {""label"": ""PERS"", ""text"": ""старі люди"", ""start"": 59, ""end"": 69}, {""label"": ""MISC"", ""text"": ""папороть"", ""start"": 85, ""end"": 93}]"
e089b370c0618b0eecdf656ad8c325ce14bd54e7b677dd9c81ad5949f96afbf6,"Цвіте папороть тільки раз на рік , на Івана Купала .","[{""label"": ""PERS"", ""text"": ""Івана Купала""}]","[{""label"": ""ART"", ""text"": ""Цвіте папороть"", ""start"": 0, ""end"": 14}, {""label"": ""DATE"", ""text"": ""Івана Купала"", ""start"": 38, ""end"": 50}]"
2c6da7f61c166c25a330ce5f6aa1375a8be70635525121e0eeca43e5fd6e600e,"Квітка не кожному покажеться , і не кожен її взяти зуміє .",[],"[{""label"": ""ART"", ""text"": ""Квітка"", ""start"": 0, ""end"": 6}]"
30d729a29707ed71664b1387b097f13963675a29f5d944a254348573076b38fc,Квітка та краси невимовної .,[],"[{""label"": ""ART"", ""text"": ""Квітка та краси невимовної ."", ""start"": 0, ""end"": 28}]"
73fbbca6133dbc461d4fec1c90cca86a3cbd82a67c455ee7c0bf80df2051ff5f,"Як побачиш , то все тільки про неї думатимеш , так що і батька-матір забудеш , а станеш потім усе життя по лісах блукати та Квітку-Папороть шукати . Квітка-Папороть розквітає опівночі червоним цвітом і горить як жар .","[{""label"": ""MISC"", ""text"": ""Квітку-Папороть""}, {""label"": ""MISC"", ""text"": ""Квітка-Папороть""}]","[{""label"": ""PERIOD"", ""text"": ""усе життя"", ""start"": 94, ""end"": 103}, {""label"": ""LOC"", ""text"": ""лісах"", ""start"": 107, ""end"": 112}, {""label"": ""ART"", ""text"": ""Квітку-Папороть"", ""start"": 124, ""end"": 139}, {""label"": ""ART"", ""text"": ""Квітка-Папороть"", ""start"": 149, ""end"": 164}]"
89e4edf22c83d2f2e1a56ade9d07c536b93a2ab55077285d0fd6998785946e12,Тоді її треба зразу рвати .,[],[]
f426699077583815d09a80eb2c03cf6ca7daac48c2a4d066ddce357f334d788f,Але це теж діло не просте .,[],[]
f6bea650f0fc13464da0698afd98ba6eb3abf605b0559602425caa203180bfee,"Слід взяти з собою скатертину , на якій сім літ паску святили , ножа , яким хліб ріжуть , та ще й освячену хлібину .",[],"[{""label"": ""ART"", ""text"": ""скатертину"", ""start"": 19, ""end"": 29}, {""label"": ""PERIOD"", ""text"": ""сім літ"", ""start"": 40, ""end"": 47}, {""label"": ""ART"", ""text"": ""паску святили"", ""start"": 48, ""end"": 61}, {""label"": ""ART"", ""text"": ""ножа"", ""start"": 64, ""end"": 68}, {""label"": ""ART"", ""text"": ""освячену хлібину"", ""start"": 98, ""end"": 114}]"
ceb7191090fe48d1f51b09feeb08f5aacef4b5471e7b536cd58d6f29cc05b9b3,"Скатертину треба розстелити перед собою в лісі там , де росте папороть , покласти на неї хліб та ніж і чекати .",[],"[{""label"": ""ART"", ""text"": ""Скатертину"", ""start"": 0, ""end"": 10}, {""label"": ""LOC"", ""text"": ""лісі"", ""start"": 42, ""end"": 46}, {""label"": ""ART"", ""text"": ""хліб"", ""start"": 89, ""end"": 93}, {""label"": ""ART"", ""text"": ""ніж"", ""start"": 97, ""end"": 100}]"
9fcb60a4427199d6d76723e12cc4b75af76b9da7e6be29d3424f4c4ce7ef2b69,Тільки-но побачиш опівночі червоний вогник – біжи туди і зривай Квітку-Папороть .,"[{""label"": ""MISC"", ""text"": ""Квітку-Папороть""}]","[{""label"": ""TIME"", ""text"": ""опівночі"", ""start"": 18, ""end"": 26}, {""label"": ""ART"", ""text"": ""Квітку-Папороть"", ""start"": 64, ""end"": 79}]"
2333e28f2d1a95ff1c2b78aa69865b63c5e012e536eb1c7c57f8f843ad0c1e31,"Перед цим тобі усякі жахи ввижатимуться , бо нечиста сила дуже боронить Квітку , але до святого хліба та скатертини не підійде .","[{""label"": ""MISC"", ""text"": ""Квітку""}]","[{""label"": ""ART"", ""text"": ""Квітку"", ""start"": 72, ""end"": 78}, {""label"": ""ART"", ""text"": ""святого хліба"", ""start"": 88, ""end"": 101}, {""label"": ""ART"", ""text"": ""скатертини"", ""start"": 105, ""end"": 115}]"
a305fca6cb0ce6cd43ac5ef17b7a4c24a24028703b93a3b3f4aa3ce2f213bc9d,"Коли Квітку зірвав , треба ножем надрізати шкіру на долоні біля великого пальця , Квітку в рані затиснути і не відпускати , щоб вона там заросла .","[{""label"": ""MISC"", ""text"": ""Квітку""}, {""label"": ""MISC"", ""text"": ""Квітку""}]","[{""label"": ""PERS"", ""text"": ""Квітку"", ""start"": 5, ""end"": 11}, {""label"": ""PERS"", ""text"": ""Квітку"", ""start"": 82, ""end"": 88}]"
afcb293e27f6ff246288559a3a61223838c60eeb4eea3f31127a9d8978d36304,"Тоді усе знатимеш : що де на світі робиться , де який скарб лежить і що думає про тебе сусідка .",[],"[{""label"": ""LOC"", ""text"": ""де на світі"", ""start"": 23, ""end"": 34}, {""label"": ""PERS"", ""text"": ""сусідка"", ""start"": 87, ""end"": 94}]"
b50ce871f1cb17b3dcf0b0446a27fa4dbd1973e747fb0413f9d610b0084e40c9,"Після цього треба бігти додому , щоб устигнути повернутися , доки півні не проспівали .",[],"[{""label"": ""PERIOD"", ""text"": ""Після цього"", ""start"": 0, ""end"": 11}, {""label"": ""LOC"", ""text"": ""додому"", ""start"": 24, ""end"": 30}, {""label"": ""MISC"", ""text"": ""півні"", ""start"": 66, ""end"": 71}]"
b5a66115955cf29bfd31f0a47d7aba182fbc20198c645214ca8fa369cda110d2,Але головне – не оглядатися .,[],[]
3fc0d346964069793a6240284d029fa3962e1d8feb85d29bce0d5ef11e4bc818,"Бо як оглянешся , то нечиста сила тебе впіймає .",[],[]
59fb5187aa66e849348919cba4f0740361deb6a457e99e22218852b332f32b8e,"Вона тебе лякатиме , гукатиме , шарпатиме , а ти тікай і не оглядайся !",[],"[{""label"": ""PERS"", ""text"": ""Вона"", ""start"": 0, ""end"": 4}, {""label"": ""PERS"", ""text"": ""ти"", ""start"": 46, ""end"": 48}]"
23c4283249764e36193c3be8af92282a28b78009998335695f601b0b0281f122,"От я і полював за тією Квіткою , коли був молодий .","[{""label"": ""MISC"", ""text"": ""Квіткою""}]","[{""label"": ""PERS"", ""text"": ""я"", ""start"": 3, ""end"": 4}, {""label"": ""PERS"", ""text"": ""Квіткою"", ""start"": 23, ""end"": 30}]"
d94f5e46c3d6480fea25cc8cec81a5d339ee1a99963e300beaf5975cee0f2e9b,"Все мріяв , що мені Квітка до рук піде .","[{""label"": ""MISC"", ""text"": ""Квітка""}]","[{""label"": ""PERS"", ""text"": ""Квітка"", ""start"": 20, ""end"": 26}]"
9fc1dda70c33f14549766d2ecc5b9e185c338f7c8caca95d2e94e0932bac091e,"Нікому не йде , а мені таки піде !",[],"[{""label"": ""PERS"", ""text"": ""Нікому"", ""start"": 0, ""end"": 6}, {""label"": ""PERS"", ""text"": ""мені"", ""start"": 18, ""end"": 22}]"
ea45be009a99f5ef2bc13138c7abada5ec3a6842bc99ef4f5ba3f197bcfeaa01,А чого ж ?,[],[]
07ebc59433897c0ff187903dc86f46d267dda5d32fa7b3f678138760a5daf11d,Я - он який !,[],"[{""label"": ""PERS"", ""text"": ""Я"", ""start"": 0, ""end"": 1}]"
046eae3ff705f758181f7ae16cba90d15f768c238146647d1051f55f8e2de725,"І молодий , і ставний , і сильний !",[],[]
238e0aa79216d601fb1a8994057e2214ade73920771bcecd2d480a3257df1aff,"А хоробрий , такий , що не дай Бог !","[{""label"": ""PERS"", ""text"": ""Бог""}]",[]
0166a7350e21a889f11e11d09327eb3d74489513f9598f76b80f51358aedc4ad,Усі собаки на кутку мене бояться .,[],"[{""label"": ""PERS"", ""text"": ""мене"", ""start"": 20, ""end"": 24}]"
575f63551a976c9ad484ec393a6685199803951a6143424866091c5613caa0d5,"А головне - так скарбів чарівних хочеться , що аж не можу !",[],"[{""label"": ""ART"", ""text"": ""скарбів чарівних"", ""start"": 16, ""end"": 32}]"
3b29eceae01824463f8f945a22f4a0a7a3b0d1bb3ea92452beb5f65b18fe9219,"Вже придумав , куди гроші золоті потрачу , куди срібні , а куди каміння коштовне подіну .",[],"[{""label"": ""MON"", ""text"": ""золоті"", ""start"": 26, ""end"": 32}, {""label"": ""ART"", ""text"": ""срібні"", ""start"": 48, ""end"": 54}, {""label"": ""ART"", ""text"": ""каміння коштовне"", ""start"": 64, ""end"": 80}]"
664a14638542b004710a3d4b8efbb7645d5621e6e99ae195414c16e1bc3aec09,"Плуга золотом окую , перлини в держак до лопати припасую , а діямантами вікна в хаті обцяцькую - нехай дівчата і парубки через тин заглядають і мені заздрять .",[],"[{""label"": ""ART"", ""text"": ""Плуга"", ""start"": 0, ""end"": 5}, {""label"": ""ART"", ""text"": ""перлини"", ""start"": 21, ""end"": 28}, {""label"": ""MISC"", ""text"": ""лопати"", ""start"": 41, ""end"": 47}, {""label"": ""MISC"", ""text"": ""вікна"", ""start"": 72, ""end"": 77}, {""label"": ""LOC"", ""text"": ""тин"", ""start"": 127, ""end"": 130}]"
967f6ae11bf089ef80f6825e9bd7c68bc61aaf896449df3121835a74c9d79e95,"Та так кортить мені того багатства , що насилу свята діждався !",[],"[{""label"": ""MON"", ""text"": ""багатства"", ""start"": 25, ""end"": 34}]"
7f85d6244e94d80bc86c60c561b1e4b12d1674f84de0cf22b2315f4e67e96424,"Знайшов у лісі найглухіше місце , де папороть росте , взяв усе , що треба , і в ніч на Купала сів чекати .","[{""label"": ""PERS"", ""text"": ""Купала""}]","[{""label"": ""LOC"", ""text"": ""лісі"", ""start"": 10, ""end"": 14}, {""label"": ""LOC"", ""text"": ""найглухіше місце"", ""start"": 15, ""end"": 31}, {""label"": ""MISC"", ""text"": ""папороть"", ""start"": 37, ""end"": 45}, {""label"": ""DATE"", ""text"": ""ніч на Купала"", ""start"": 80, ""end"": 93}]"
26f22042fbaf9b0fbca9e8d150649bbce4146e60040b4113f679ade06e18ca5b,"Коли це щось почало шарудіти , наче літає наді мною , якісь пики страшні з кущів виглядають , то кажани , то сови в’ються .",[],"[{""label"": ""MISC"", ""text"": ""пики"", ""start"": 60, ""end"": 64}, {""label"": ""MISC"", ""text"": ""кажани"", ""start"": 97, ""end"": 103}, {""label"": ""MISC"", ""text"": ""сови"", ""start"": 109, ""end"": 113}]"
aca8df767bdc981494474963381506733e8c7039039f43477b93ddbced2b96f0,"Але я всього того не боюся , бо нічого до мене підібратися не може – святий хліб не пускає .",[],"[{""label"": ""PERS"", ""text"": ""я"", ""start"": 4, ""end"": 5}, {""label"": ""ART"", ""text"": ""святий хліб"", ""start"": 69, ""end"": 80}]"
6cf1ea1c3b0a50fb382a14f0ef8597ff587d1a3df475fdd1d34a5907fa457d50,"Всі парубки з дівчатами на річці через багаття стрибають , вінки на воду пускають , купаються і цілуються , а я серед лісу темного клякну над свічкою .",[],"[{""label"": ""LOC"", ""text"": ""річці"", ""start"": 27, ""end"": 32}, {""label"": ""MISC"", ""text"": ""багаття"", ""start"": 39, ""end"": 46}, {""label"": ""ART"", ""text"": ""вінки"", ""start"": 59, ""end"": 64}, {""label"": ""PERS"", ""text"": ""я"", ""start"": 110, ""end"": 111}, {""label"": ""ART"", ""text"": ""свічкою"", ""start"": 142, ""end"": 149}]"
b008772792b4c9ca16abf428682a4f4aeffcbfea67decbbeb0de235eb4ae53f7,Раптом усе замовкло і затихло – нічого не шелесне .,[],[]
f03eea46362caf000c56bf373224cb6659cfb41088587267f2327319eb652313,"Дивлюсь – просто переді мною серед папороті світло червоне загорілося , як свічечка маленька .",[],"[{""label"": ""PERS"", ""text"": ""Дивлюсь"", ""start"": 0, ""end"": 7}, {""label"": ""MISC"", ""text"": ""папороті"", ""start"": 35, ""end"": 43}, {""label"": ""ART"", ""text"": ""свічечка маленька"", ""start"": 75, ""end"": 92}]"
a2d080106b242d1c3d06a1493a9c913613ee1ff726369ed6db12a34b44c8a67e,"Ніби гарна музика заграла , чи наче щось заспівало – як ото мати дитині співає .",[],"[{""label"": ""PERS"", ""text"": ""мати"", ""start"": 60, ""end"": 64}]"
4f85bd9de598565598279019773fbf1f321c2d829b1e83a2371e28f7c192144e,"І так мені хороше та добре зробилося , що я сиджу , а з місця зрушити не можу .",[],"[{""label"": ""PERS"", ""text"": ""мені"", ""start"": 6, ""end"": 10}, {""label"": ""PERS"", ""text"": ""я"", ""start"": 42, ""end"": 43}]"
95d151177ae123cec8fc6014ba90e35bd7f7b3f5240aec22a556b54b4fdf2d92,"Коли це раптом згадав , що треба Квітку-Папороть рвати , бо так і розум страчу , і в лісі залишуся .","[{""label"": ""MISC"", ""text"": ""Квітку-Папороть""}]","[{""label"": ""ART"", ""text"": ""Квітку-Папороть"", ""start"": 33, ""end"": 48}, {""label"": ""LOC"", ""text"": ""лісі"", ""start"": 85, ""end"": 89}]"
bb6c167c8a0abb8becf906a5508604c2602b14564e594dd0310678e457496dc3,"Підбіг я до того світла чарівного , дивлюся – Квітка маціпусінька , як горошинка , і медом пахне .","[{""label"": ""MISC"", ""text"": ""Квітка""}]","[{""label"": ""ART"", ""text"": ""Квітка маціпусінька"", ""start"": 46, ""end"": 65}]"
5dfe9c1c6d2d283a875fdd62606b079fa8e97835e05be7f7cc1210741ba351ff,"Зірвав я її , – а вона тепла , як жива .",[],"[{""label"": ""PERS"", ""text"": ""її"", ""start"": 9, ""end"": 11}, {""label"": ""PERS"", ""text"": ""вона"", ""start"": 18, ""end"": 22}]"
9d6996be6c45bb4a4b02cf16fca29b7086485e71b00b44e59525314776d90eb3,Різонув ножем долоню і Квітку в рані затис !,"[{""label"": ""MISC"", ""text"": ""Квітку""}]","[{""label"": ""ART"", ""text"": ""Квітку"", ""start"": 23, ""end"": 29}]"
657b3d6ddc2580ca96e93a35f0902b5eb3062c25ef9ebb39104b86228a18b4e4,"Аж тут як зареве , як зашумить по лісі !",[],"[{""label"": ""LOC"", ""text"": ""лісі"", ""start"": 34, ""end"": 38}]"
96262a886cbe7317577e2e371b6af7cf9de871a73b880e34fa9b97b0b23d7a9e,Я ноги в руки – і тікати !,[],"[{""label"": ""PERS"", ""text"": ""Я"", ""start"": 0, ""end"": 1}]"
cd3d32a715da21b41c2e1e88f0afb3f229d7ff25a5f22326cb8d975295f18280,"Коли це попереду коріння із землі полізло , ззаду за сорочку щось почало хапати , якесь гаддя з дерев посипалося .",[],"[{""label"": ""MISC"", ""text"": ""коріння"", ""start"": 17, ""end"": 24}, {""label"": ""ART"", ""text"": ""сорочку"", ""start"": 53, ""end"": 60}, {""label"": ""ART"", ""text"": ""гаддя"", ""start"": 88, ""end"": 93}]"
0942f031180a5c749644a660504f9c93ee79f7a55e9218a350c2f00746dea422,"Зліва щелепи вовчі клацають , а справа костомахи з черепами танцюють .",[],"[{""label"": ""ART"", ""text"": ""щелепи вовчі"", ""start"": 6, ""end"": 18}]"
4b8aa5623972322ccee83be854b2ab7da2bef7c15f994631ad230d3365980871,Дурний він !,[],[]
3351b2f425133e1251aa6ec09b317d429e2433a04a67bad7e9b1eb80cc1d462b,"У поході козак горілки не п’є , а лиш на землю виливає ! Проблем зі здоров'ям , судячи з усього , письменник не мав .",[],"[{""label"": ""LOC"", ""text"": ""поході"", ""start"": 2, ""end"": 8}, {""label"": ""PERS"", ""text"": ""козак"", ""start"": 9, ""end"": 14}, {""label"": ""PERS"", ""text"": ""письменник"", ""start"": 98, ""end"": 108}]"
2dcf80bc16432b6d4ffe8daa995206b6a5aa8e2c997786f37853776baf1d38f7,За півроку до зникнення під час одного з літературних форумів його прооперували на гострий апендицит .,"[{""label"": ""PERIOD"", ""text"": ""півроку""}]","[{""label"": ""PERIOD"", ""text"": ""півроку до зникнення"", ""start"": 3, ""end"": 23}, {""label"": ""ORG"", ""text"": ""літературних форумів"", ""start"": 41, ""end"": 61}]"
8698af6401882a8b26a605eccee268e067dff676521aaa5f07cce7c18d8dc0a9,"У справі були численні супутні медичні обстеження , проведені до та після операції , і вони свідчили , що Чумак був цілком здоровий .","[{""label"": ""PERS"", ""text"": ""Чумак""}]","[{""label"": ""ORG"", ""text"": ""У справі"", ""start"": 0, ""end"": 8}, {""label"": ""PERIOD"", ""text"": ""до та після операції"", ""start"": 62, ""end"": 82}, {""label"": ""PERS"", ""text"": ""Чумак"", ""start"": 106, ""end"": 111}]"
a457cd6125c8938db475073fdf774a2dcbe9aaafd99ba3b765fa9c6263fd763a,"У березні цього року він поїхав у такий собі тур весняного полювання на гусей та качок . Чотири дні був у Черкаській області на водосховищі , потім тиждень у Херсонській .","[{""label"": ""DATE"", ""text"": ""березні цього року""}, {""label"": ""PERIOD"", ""text"": ""Чотири дні""}, {""label"": ""LOC"", ""text"": ""Черкаській області""}, {""label"": ""PERIOD"", ""text"": ""тиждень""}, {""label"": ""LOC"", ""text"": ""Херсонській""}]","[{""label"": ""DATE"", ""text"": ""березні цього року"", ""start"": 2, ""end"": 20}, {""label"": ""PERS"", ""text"": ""він"", ""start"": 21, ""end"": 24}, {""label"": ""MISC"", ""text"": ""гусей та качок"", ""start"": 72, ""end"": 86}, {""label"": ""PERIOD"", ""text"": ""Чотири дні"", ""start"": 89, ""end"": 99}, {""label"": ""LOC"", ""text"": ""Черкаській області"", ""start"": 106, ""end"": 124}, {""label"": ""LOC"", ""text"": ""водосховищі"", ""start"": 128, ""end"": 139}, {""label"": ""LOC"", ""text"": ""Херсонській"", ""start"": 158, ""end"": 169}]"
b3a7f477e6b944cf002f807d5d62b242d6c182644e5a489b7b964419f14c2148,"I там , і там його пам'ятали в обласних та районних УТМР , де письменник оформляв дозвіл на полювання , знаходилися свідки й серед мисливців на місцях . Весна цього року була рання .","[{""label"": ""ORG"", ""text"": ""УТМР""}, {""label"": ""JOB"", ""text"": ""письменник""}, {""label"": ""JOB"", ""text"": ""мисливців""}, {""label"": ""DATE"", ""text"": ""Весна цього року""}]","[{""label"": ""ORG"", ""text"": ""обласних та районних УТМР"", ""start"": 31, ""end"": 56}, {""label"": ""PERS"", ""text"": ""письменник"", ""start"": 62, ""end"": 72}, {""label"": ""MISC"", ""text"": ""дозвіл на полювання"", ""start"": 82, ""end"": 101}, {""label"": ""PERIOD"", ""text"": ""Весна цього року була рання"", ""start"": 153, ""end"": 180}]"
af2cea00ca806107b8756bbe95bb6bd986d2cc0a33a88f259d824a7ad071c1c5,"Озера розмерзлися і Чумак полював з човна на гусей , живучи із собакою на мисливських базах . Двадцять першого березня його востаннє бачили на базі « В'юнище » поблизу Олександрівки . Письменник удосвіта здав номер , сів у машину і виїхав з території бази .","[{""label"": ""PERS"", ""text"": ""Чумак""}, {""label"": ""DATE"", ""text"": ""Двадцять першого березня""}, {""label"": ""LOC"", ""text"": ""В'юнище""}, {""label"": ""LOC"", ""text"": ""Олександрівки""}, {""label"": ""JOB"", ""text"": ""Письменник""}]","[{""label"": ""LOC"", ""text"": ""Озера"", ""start"": 0, ""end"": 5}, {""label"": ""PERS"", ""text"": ""Чумак"", ""start"": 20, ""end"": 25}, {""label"": ""ART"", ""text"": ""човна"", ""start"": 36, ""end"": 41}, {""label"": ""ART"", ""text"": ""гусей"", ""start"": 45, ""end"": 50}, {""label"": ""DATE"", ""text"": ""Двадцять першого березня"", ""start"": 94, ""end"": 118}, {""label"": ""LOC"", ""text"": ""В'юнище"", ""start"": 150, ""end"": 157}, {""label"": ""LOC"", ""text"": ""Олександрівки"", ""start"": 168, ""end"": 181}, {""label"": ""JOB"", ""text"": ""Письменник"", ""start"": 184, ""end"": 194}]"
acefaf04203fbc86a0acfa48d975bd4d1e926d511933ebecd4cee029994a65e3,"Свідків , що бачили б його після цього , у справі не було .",[],"[{""label"": ""PERS"", ""text"": ""Свідків"", ""start"": 0, ""end"": 7}]"
28085cbc372abc7ae107a5f21e0b0b6332da1e87fb39527070bc0792c4b7828f,"I все ж , на цей момент Андріан Чумак ще не зник на зовсім .","[{""label"": ""PERS"", ""text"": ""Андріан Чумак""}]","[{""label"": ""PERS"", ""text"": ""Андріан Чумак"", ""start"": 24, ""end"": 37}]"
90939b67ace97b205e163df56a01db028ba965540a7c9cca9f55ca3e84af9237,Він телефонував сам і відповідав на телефонні дзвінки ще день .,[],"[{""label"": ""PERS"", ""text"": ""Він"", ""start"": 0, ""end"": 3}, {""label"": ""PERIOD"", ""text"": ""день"", ""start"": 57, ""end"": 61}]"
84b3bfd53a5838af3f252ece20c7b8c6bd93f0925891c89f23a17f589bd98885,"Щоправда , жоден з тих , хто говорив з ним , не міг пригадати нічого про місце його перебування .",[],"[{""label"": ""PERS"", ""text"": ""жоден з тих , хто говорив з ним"", ""start"": 11, ""end"": 42}, {""label"": ""LOC"", ""text"": ""місце його перебування"", ""start"": 73, ""end"": 95}]"
3494c10cb69a8d0ced1c89b26afe3c3a507b95af0d29b863b2c7c7abf596c9ce,Про це мова не велася .,[],[]
88fff5b27d8265559716f591344ca43d43d487f0c33f714dd1bbddd8d8d45142,Троє з його співрозмовників навіть запитали : а де ти зараз ?,[],"[{""label"": ""PERS"", ""text"": ""його співрозмовників"", ""start"": 7, ""end"": 27}]"
d5d382fafe284d01ace7ef6505244fc111ad412ddae72bbccfe18b1392c892ea,Відповідь була – ловлю рибу .,[],"[{""label"": ""MISC"", ""text"": ""ловлю рибу"", ""start"": 17, ""end"": 27}]"
21af2c55ec506182bc8a3de90f1a3ff166d0e40e4c675eb5870c63cf050a8918,"I це одразу ж породжувало дві версії : перша – останню добу перед зникненням Чумак також провів біля води , а отже і сліди його перебування потрібно шукати на якійсь водоймі ; друга – письменник збрехав : він не ловив рибу або ж просто навмисне не називав місця свого перебування .","[{""label"": ""PERS"", ""text"": ""Чумак""}, {""label"": ""JOB"", ""text"": ""письменник""}]","[{""label"": ""PERIOD"", ""text"": ""останню добу перед зникненням"", ""start"": 47, ""end"": 76}, {""label"": ""PERS"", ""text"": ""Чумак"", ""start"": 77, ""end"": 82}, {""label"": ""LOC"", ""text"": ""біля води"", ""start"": 96, ""end"": 105}, {""label"": ""PERS"", ""text"": ""письменник"", ""start"": 184, ""end"": 194}, {""label"": ""MISC"", ""text"": ""рибу"", ""start"": 218, ""end"": 222}]"
c5f4e31a748ff7a744dd014d4b2a23413379eb74c4142436f39db1f2c5e49da7,"Отже , не бажав , аби хтось про нього знав .",[],"[{""label"": ""PERS"", ""text"": ""хтось"", ""start"": 22, ""end"": 27}]"
7992a03a67b386db0a0b8956bb0c7886f3edfc392cbcf86c30259e83f4604165,"Троє співрозмовників засвідчили , згідно з матеріалами справи , що Чумак був у бадьорому настрої .","[{""label"": ""PERS"", ""text"": ""Чумак""}]","[{""label"": ""ART"", ""text"": ""матеріалами справи"", ""start"": 43, ""end"": 61}, {""label"": ""PERS"", ""text"": ""Чумак"", ""start"": 67, ""end"": 72}]"
ecc4dcb9b1e9d19ca2d47fa8cedda823b1be2cbd33edda282d97afa45fd28aa5,"Усі , навіть хто не цікавився місцем перебування письменника , чули його задоволений голос і жарти – мова новоявленого класика була багатою .","[{""label"": ""JOB"", ""text"": ""письменника""}]","[{""label"": ""PERS"", ""text"": ""письменника"", ""start"": 49, ""end"": 60}]"
7edbd86d939990f4bec0236027cc3a6dd268ce4813a5d88f2c82ba3cbb2f1115,"Двоє з тих , про кого йшлося , під час розмови начебто чули цвірінькання птахів .",[],"[{""label"": ""PERS"", ""text"": ""Двоє з тих , про кого йшлося"", ""start"": 0, ""end"": 28}]"
2c7ad14cdc15411ac8b2a82bc8fef53a307627342fd226ad9b82e656798edc25,Інший – звуки вітру .,[],"[{""label"": ""MISC"", ""text"": ""Інший"", ""start"": 0, ""end"": 5}, {""label"": ""MISC"", ""text"": ""звуки вітру"", ""start"": 8, ""end"": 19}]"
af1ed89dbb2155bddfbc6c2f933aa1f01f83a9ed7f3fc9494724ba601027f3d5,"Він же свідчив про те , що двічі чув гавкання собаки .",[],"[{""label"": ""PERS"", ""text"": ""Він"", ""start"": 0, ""end"": 3}]"
1bd3fb82abd8d35b859fe0e9a28dfc71cbce8242c69249ea89ac2dbfe34698f0,"У справі вказувалася і точна година його розмови , першої після виїзду з бази « В'юнище » . Восьма сорок .","[{""label"": ""LOC"", ""text"": ""В'юнище""}, {""label"": ""TIME"", ""text"": ""Восьма сорок""}]","[{""label"": ""MISC"", ""text"": ""справі"", ""start"": 2, ""end"": 8}, {""label"": ""LOC"", ""text"": ""В'юнище"", ""start"": 80, ""end"": 87}, {""label"": ""TIME"", ""text"": ""Восьма сорок"", ""start"": 92, ""end"": 104}]"
f991deb76c0a3362ab08bd65399307c19fda52bccb4e9d97b17862d2a7ab9463,"Якщо брати до уваги свідчення сторожів , що її територію він залишив о пів на четверту ранку , то теоретично майже за шість годин , маючи надійну машину , по майже вільній у такі години трасі можна було проїхати не менше п'ятисот - шестисот кілометрів .","[{""label"": ""JOB"", ""text"": ""сторожів""}, {""label"": ""TIME"", ""text"": ""пів на четверту ранку""}, {""label"": ""PERIOD"", ""text"": ""шість годин""}, {""label"": ""QUANT"", ""text"": ""п'ятисот""}, {""label"": ""QUANT"", ""text"": ""шестисот кілометрів""}]","[{""label"": ""JOB"", ""text"": ""сторожів"", ""start"": 30, ""end"": 38}, {""label"": ""LOC"", ""text"": ""її територію"", ""start"": 44, ""end"": 56}, {""label"": ""PERS"", ""text"": ""він"", ""start"": 57, ""end"": 60}, {""label"": ""TIME"", ""text"": ""о пів на четверту ранку"", ""start"": 69, ""end"": 92}, {""label"": ""PERIOD"", ""text"": ""шість годин"", ""start"": 118, ""end"": 129}, {""label"": ""LOC"", ""text"": ""майже вільній у такі години трасі"", ""start"": 158, ""end"": 191}, {""label"": ""QUANT"", ""text"": ""п'ятисот - шестисот кілометрів"", ""start"": 221, ""end"": 251}]"
3609d9d9c0ae1d37f20e600655bd90576b237a46dff86b322b0ef3a7718aab7d,"Олівцем я обвів на карті приблизне коло , центром якого була база у Херсонській області .","[{""label"": ""LOC"", ""text"": ""Херсонській області""}]","[{""label"": ""ART"", ""text"": ""Олівцем"", ""start"": 0, ""end"": 7}, {""label"": ""LOC"", ""text"": ""Херсонській області"", ""start"": 68, ""end"": 87}]"
e77fff54dd9a29b159c6548cc22710cc6476b0e54c31ff4f0ec03fe7c6fa2f2e,Виходило дай Боже ...,"[{""label"": ""PERS"", ""text"": ""Боже""}]",[]
8fb24ec5a63d75b7d8cd2f4d764f01542c6187c0be253cf6351231d6c7cac98b,"Вивчивши матеріали слідства , я взявся за конкретну роботу .",[],"[{""label"": ""MISC"", ""text"": ""матеріали слідства"", ""start"": 9, ""end"": 27}, {""label"": ""PERS"", ""text"": ""я"", ""start"": 30, ""end"": 31}, {""label"": ""MISC"", ""text"": ""конкретну роботу"", ""start"": 42, ""end"": 58}]"
15c973684532eb53624b2ad5ca09972ca0a6d807b9e161da99212f8c3bfa4ace,"Так би мовити , вдався до власних дій .",[],[]
e8cd4253ff20877c18d8fc6925f4993a6f233ff8697d1cd3a085dd907f4a4372,I почав із зустрічі з Оленою Чумак .,"[{""label"": ""PERS"", ""text"": ""Оленою Чумак""}]","[{""label"": ""PERS"", ""text"": ""Оленою Чумак"", ""start"": 22, ""end"": 34}]"
6c29935e099f397c352471f4d50495e50a5ade8246921049506b6951b7f4b76b,"У моїй кишені ще не було посвідчення приватного детектива , що певним чином відкривало б можливості для роботи зі свідками та виконання інших слідчих дій .","[{""label"": ""JOB"", ""text"": ""приватного детектива""}]","[{""label"": ""JOB"", ""text"": ""приватного детектива"", ""start"": 37, ""end"": 57}]"
06c6e1e4101ddc4464b354f4f2f03fe92cc7a23684ee0f4401bda6d5c82af9d8,"Поки я ще був « ніким » , вона ж , якщо вірити , – людиною , зацікавленою у розшуку письменника , тому мала сприяти мені і без документа .",[],"[{""label"": ""PERS"", ""text"": ""я"", ""start"": 5, ""end"": 6}, {""label"": ""PERS"", ""text"": ""вона"", ""start"": 26, ""end"": 30}, {""label"": ""JOB"", ""text"": ""людиною , зацікавленою у розшуку письменника"", ""start"": 51, ""end"": 95}, {""label"": ""PERS"", ""text"": ""мені"", ""start"": 116, ""end"": 120}, {""label"": ""ART"", ""text"": ""документа"", ""start"": 127, ""end"": 136}]"
a5fa17132ea07ce3cd36b03802a556a93bf3756e60cf1715497771b86cba6959,"Принаймні так твердило моє перше Я , спираючись на просту логіку .",[],"[{""label"": ""PERS"", ""text"": ""моє перше Я"", ""start"": 23, ""end"": 34}]"
d3a32a08b763cba301f9aa4c00d56a730fe872f337835dfaf83d597e57d3a397,"Та друге також не мовчало , вставляючи зовсім не до місця свої п'ять копійок .","[{""label"": ""MON"", ""text"": ""п'ять копійок""}]","[{""label"": ""PERS"", ""text"": ""Та друге"", ""start"": 0, ""end"": 8}, {""label"": ""QUANT"", ""text"": ""п'ять копійок"", ""start"": 63, ""end"": 76}]"
692b741ad993892691b779403c0d64f9a4c8fcbd60f82cf35766941e2194896a,"Воно оживляло у пам'яті образ гарної жінки , який випромінював гідність , розум і вишукані манери .",[],"[{""label"": ""PERS"", ""text"": ""Воно"", ""start"": 0, ""end"": 4}, {""label"": ""PERS"", ""text"": ""гарної жінки"", ""start"": 30, ""end"": 42}]"
9dd029b480c7f3a660e0a55a6616b2b7bfe5316cd530d6960f32544027a55588,"Жінки , що упродовж півгодини сиділа поруч зі мною і чия присутність , можливо , таки вплинула на моє кінцеве рішення . « Цей захід крім користі для справи буде ще й приємним » , – уперто стверджувало воно .",[],"[{""label"": ""PERS"", ""text"": ""Жінки"", ""start"": 0, ""end"": 5}, {""label"": ""PERIOD"", ""text"": ""півгодини"", ""start"": 20, ""end"": 29}, {""label"": ""PERS"", ""text"": ""мною"", ""start"": 46, ""end"": 50}]"
6d28cfc28f5d947621a74513c36860f4af1e8bbba8b42ac80a9d8c97f0c5f988,"Перериваючи нікому не потрібну полеміку своїх складових , я рішуче взяв телефон .",[],"[{""label"": ""PERS"", ""text"": ""я"", ""start"": 58, ""end"": 59}, {""label"": ""MISC"", ""text"": ""телефон"", ""start"": 72, ""end"": 79}]"
438a44588307af473015f4ccd12d7da5a12ea76b3c7511b544ef38f256acf359,"Зрозуміло , час не марнувався і без Олени .","[{""label"": ""PERS"", ""text"": ""Олени""}]","[{""label"": ""PERIOD"", ""text"": ""час"", ""start"": 12, ""end"": 15}, {""label"": ""PERS"", ""text"": ""Олени"", ""start"": 36, ""end"": 41}]"
80e60f8bce563164cfe1f40770d8234cdb44419535443a98088743dd77755c9b,"Ще у ресторані Андрійович передав мені пакунок з копіями компакт-дисків , вилучених при обшуку на квартирі Чумака після його зникнення .","[{""label"": ""PERS"", ""text"": ""Андрійович""}, {""label"": ""PERS"", ""text"": ""Чумака""}]","[{""label"": ""LOC"", ""text"": ""ресторані"", ""start"": 5, ""end"": 14}, {""label"": ""PERS"", ""text"": ""Андрійович"", ""start"": 15, ""end"": 25}, {""label"": ""ART"", ""text"": ""пакунок з копіями компакт-дисків"", ""start"": 39, ""end"": 71}, {""label"": ""PERS"", ""text"": ""Чумака"", ""start"": 107, ""end"": 113}]"
45651ce9dd1b09b54c801377d8acd6e58e41bde40882e45d6cc1eb4a0efaa48d,"Як усі письменники , Чумак періодично скидав інформацію зі свого комп'ютера , страхуючись про всяк випадок від вибриків техніки .","[{""label"": ""PERS"", ""text"": ""Чумак""}]","[{""label"": ""PERS"", ""text"": ""Чумак"", ""start"": 21, ""end"": 26}, {""label"": ""MISC"", ""text"": ""інформацію"", ""start"": 45, ""end"": 55}, {""label"": ""ART"", ""text"": ""комп'ютера"", ""start"": 65, ""end"": 75}, {""label"": ""ART"", ""text"": ""вибриків техніки"", ""start"": 111, ""end"": 127}]"
37f06f3f3fed72581f18a635377ee70126bdfa591c1d0c2aa99e8b319b1a9bb5,"Звісно , він не робив при цьому вибірки , що там з'явилося нового за останній час , а просто періодично раз на кілька місяців записував усе на компакт , і кожен наступний диск таким чином містив усю попередню його писанину плюс дописане за останні кілька місяців . Якимось шостим почуттям вона осягнула , що зараз відбудеться : дочекавшись пропозиції ставити запитання , жінка підведеться і виголосить щось абсолютно руйнівне — просто перед камери та мікрофони . Ярка відчула , як в неї запалали щоки ; вона не знала що робити — адже коли зараз вивести жінку без жодних пояснень , вона неодмінно зчинить галас .","[{""label"": ""PERIOD"", ""text"": ""кілька місяців""}, {""label"": ""PERIOD"", ""text"": ""останні кілька місяців""}, {""label"": ""PERS"", ""text"": ""Ярка""}]","[{""label"": ""PERS"", ""text"": ""він"", ""start"": 9, ""end"": 12}, {""label"": ""PERIOD"", ""text"": ""раз на кілька місяців"", ""start"": 104, ""end"": 125}, {""label"": ""ART"", ""text"": ""компакт"", ""start"": 143, ""end"": 150}, {""label"": ""PERIOD"", ""text"": ""останні кілька місяців"", ""start"": 240, ""end"": 262}, {""label"": ""PERS"", ""text"": ""вона"", ""start"": 289, ""end"": 293}, {""label"": ""PERS"", ""text"": ""жінка"", ""start"": 371, ""end"": 376}, {""label"": ""PERS"", ""text"": ""Ярка"", ""start"": 463, ""end"": 467}, {""label"": ""PERS"", ""text"": ""жінку"", ""start"": 553, ""end"": 558}, {""label"": ""PERS"", ""text"": ""вона"", ""start"": 581, ""end"": 585}]"
559b5446b5f79dc5fe1390740db24773ea1a6c18d4163bbfe8d34727a76177ca,Заборонити їй говорити теж ніяк не можна .,[],[]
bdfb309f681f6e3948a56d92dbecb2b004f96d3f65ba4d0afac1f22c5ec48dd2,"Лишалося одне ... Ярка швидко настукала повідомлення Насті , і за мить побачила , як її погляд спинився на телефоні .","[{""label"": ""PERS"", ""text"": ""Ярка""}, {""label"": ""PERS"", ""text"": ""Насті""}]","[{""label"": ""PERS"", ""text"": ""Ярка"", ""start"": 18, ""end"": 22}, {""label"": ""PERS"", ""text"": ""Насті"", ""start"": 53, ""end"": 58}, {""label"": ""MISC"", ""text"": ""телефоні"", ""start"": 107, ""end"": 115}]"
1ee55e8ff6ca3d1cc6018337659e1d028b40a6399bfd4cb162bb8e477f6080c9,"Насупившись , керівниця « маркетингу » , зиркнула на Ярку , впіймала її наполоханий погляд , кивнула і передала телефон ведучій , яка от-от мусила почати спілкування з аудиторією .","[{""label"": ""PERS"", ""text"": ""Ярку""}, {""label"": ""JOB"", ""text"": ""ведучій""}]","[{""label"": ""JOB"", ""text"": ""керівниця"", ""start"": 14, ""end"": 23}, {""label"": ""MISC"", ""text"": ""маркетингу"", ""start"": 26, ""end"": 36}, {""label"": ""PERS"", ""text"": ""Ярку"", ""start"": 53, ""end"": 57}]"
97ea05cd5192feabdc64b0b94661ec29a3aea86efc161e5e9c4ff0185b2b14b9,"— А зараз ... — професійно швидко зреагувала та , — ми маємо час для ... для перерви на каву , після чого ми запросимо всіх на святковий концерт . Ярка зітхнула з полегшенням .","[{""label"": ""PERS"", ""text"": ""Ярка""}]","[{""label"": ""JOB"", ""text"": ""професійно"", ""start"": 16, ""end"": 26}, {""label"": ""MISC"", ""text"": ""святковий концерт"", ""start"": 127, ""end"": 144}, {""label"": ""PERS"", ""text"": ""Ярка"", ""start"": 147, ""end"": 151}]"
e0cb15ebd2e6640d2397e202afa52403ea1254c9d485e1f46872e41d5820f796,Жінка з течкою невдоволено цикнула і склала папери .,[],"[{""label"": ""PERS"", ""text"": ""Жінка з течкою"", ""start"": 0, ""end"": 14}, {""label"": ""ART"", ""text"": ""папери"", ""start"": 44, ""end"": 50}]"
68f2df5e71fc25b32e031f528fadbad8a1d051508978d505e4d222de49ac7d72,"Шеф , проте , поглянув грізно , не розуміючи , що спричинило зміну в програмі . Ярка знала , що мусить пересвідчитись у власному здогаді .","[{""label"": ""PERS"", ""text"": ""Ярка""}]","[{""label"": ""JOB"", ""text"": ""Шеф"", ""start"": 0, ""end"": 3}, {""label"": ""MISC"", ""text"": ""програмі"", ""start"": 69, ""end"": 77}, {""label"": ""PERS"", ""text"": ""Ярка"", ""start"": 80, ""end"": 84}]"
5ba55a1fdc94b6733cbbabac31fe8e2b2f6ac73bcc4b1fcecddb0cca427579ce,"Трохи пізніше , коли гості зібралися коло столика з наїдками , вона знайшла свою підозрілу гостю , і , необережно розвернувшись , добряче її штурхонула — канапка і течка з паперами полетіли на підлогу . Ярка тут-таки заходилася вибачатися та запопадливо підбирати розсипані аркуші .","[{""label"": ""PERS"", ""text"": ""Ярка""}]","[{""label"": ""PERIOD"", ""text"": ""Трохи пізніше"", ""start"": 0, ""end"": 13}, {""label"": ""LOC"", ""text"": ""столика з наїдками"", ""start"": 42, ""end"": 60}, {""label"": ""PERS"", ""text"": ""вона"", ""start"": 63, ""end"": 67}, {""label"": ""PERS"", ""text"": ""підозрілу гостю"", ""start"": 81, ""end"": 96}, {""label"": ""ART"", ""text"": ""канапка"", ""start"": 154, ""end"": 161}, {""label"": ""ART"", ""text"": ""течка з паперами"", ""start"": 164, ""end"": 180}, {""label"": ""PERS"", ""text"": ""Ярка"", ""start"": 203, ""end"": 207}]"
134751ed2badb1d03c6014e3f816a51cec442c1b4d0d7492911fc1c05c846c15,"І от , лише одного погляду було досить , аби переконатися — серед паперів була добре знайома стаття Андрія Паладіна , цифри й висновки споживчих експертиз .","[{""label"": ""PERS"", ""text"": ""Андрія Паладіна""}]","[{""label"": ""ART"", ""text"": ""паперів"", ""start"": 66, ""end"": 73}, {""label"": ""ART"", ""text"": ""стаття"", ""start"": 93, ""end"": 99}, {""label"": ""PERS"", ""text"": ""Андрія Паладіна"", ""start"": 100, ""end"": 115}, {""label"": ""ART"", ""text"": ""цифри"", ""start"": 118, ""end"": 123}, {""label"": ""ART"", ""text"": ""висновки споживчих експертиз"", ""start"": 126, ""end"": 154}]"
11b702494e8ac8eab9316167de0e21553a58c12a5a9d3dbc0249ae2c8c3d748c,"« Артурчик » , отже , знайшов собі помічницю .","[{""label"": ""PERS"", ""text"": ""Артурчик""}]","[{""label"": ""PERS"", ""text"": ""Артурчик"", ""start"": 2, ""end"": 10}]"
689e84fceaf93d7dd33220d1bda615d7c58aa5be1c8b13e29f3b2e5a21266f2b,"І , схоже , відступати не планував .",[],"[{""label"": ""PERS"", ""text"": ""І"", ""start"": 0, ""end"": 1}]"
121ad7e9a8d7aa45ad923dd6d7a2bac4d09cb743da56c9b2877d31394aa95648,* * * Ярці знову було страшно .,"[{""label"": ""PERS"", ""text"": ""Ярці""}]","[{""label"": ""PERS"", ""text"": ""Ярці"", ""start"": 6, ""end"": 10}]"
5454310f86d585ae5b35aeb1de9f2174ed85d9b5e64d6227254ab019f4e6ef9f,"Дивна якась властивість характеру — вчинити щось , варте відрази чи страху та не відчути нічого особливого ; лише згодом належна емоція наздоганяла її , наче припливна хвиля , і підступно била в спину . « Синдром гальма » сміялася колись язиката Катруся ; ну що ж , може й так .","[{""label"": ""PERS"", ""text"": ""Катруся""}]","[{""label"": ""MISC"", ""text"": ""Синдром гальма"", ""start"": 205, ""end"": 219}, {""label"": ""PERS"", ""text"": ""Катруся"", ""start"": 246, ""end"": 253}]"
7bd659d951ed4720bb6785c31356f6af78315fc634a05e712944aac3fa487383,Але це ж треба !,[],[]
2b3351236cbcb5225396bd1fbc882a4a64eb7ea7096dd948e9370ac00593b39c,"Іще вчора так гарно сиділося над лиманом при пиві , і , здавалося , сил та відваги стане , хоч би скільки знадобилося ; власне і те , що вчинила трохи згодом , теж занадто ризиковим не здавалося .",[],"[{""label"": ""PERIOD"", ""text"": ""Іще вчора"", ""start"": 0, ""end"": 9}, {""label"": ""LOC"", ""text"": ""лиманом"", ""start"": 33, ""end"": 40}]"
0cfdd3f250a8a0a69dab4016a54363b18260f41a3ef27e50b90cade81ff047de,А тепер-от вона не може примусити себе вийти з дому .,[],"[{""label"": ""PERS"", ""text"": ""вона"", ""start"": 11, ""end"": 15}]"
d08841180ac1be1789fe1c5cd68e5f5e684f66110e85538a1696c2912c6d4fc1,"Коли пригадати , то нічого незвичайного вчора й не сталося — лише погляд , а можна подумати , вона досі похмурих поглядів не стрічала !",[],"[{""label"": ""ART"", ""text"": ""погляд"", ""start"": 66, ""end"": 72}, {""label"": ""PERS"", ""text"": ""вона"", ""start"": 94, ""end"": 98}]"
b562ca231244a9ab9212abc6e7e25727bccf0091084532e2c3b45998395c8f2e,"Вони верталися з Галею до села , і от , на Тупіковій — цей хлоп на ровері .","[{""label"": ""PERS"", ""text"": ""Галею""}, {""label"": ""LOC"", ""text"": ""Тупіковій""}]","[{""label"": ""LOC"", ""text"": ""Галею"", ""start"": 17, ""end"": 22}, {""label"": ""LOC"", ""text"": ""села"", ""start"": 26, ""end"": 30}, {""label"": ""LOC"", ""text"": ""Тупіковій"", ""start"": 43, ""end"": 52}, {""label"": ""PERS"", ""text"": ""хлоп"", ""start"": 59, ""end"": 63}]"
cefc7a94d1b12e603fca2fda4389b5e5dc7e5ccd5d679bda99c6e490c193fc54,"Неприємний , що аж ну ; очі невеличкі , зрощені брови , а губи — незвично яскраві як для чоловіка .",[],"[{""label"": ""PERS"", ""text"": ""Неприємний"", ""start"": 0, ""end"": 10}, {""label"": ""ART"", ""text"": ""губи"", ""start"": 58, ""end"": 62}, {""label"": ""PERS"", ""text"": ""чоловіка"", ""start"": 89, ""end"": 97}]"
8d52033e4699c89ad9fe14045c61f0594ed8d40a84191656a29a9bfaaeafd84e,"Глянув злісно якось , з-під лоба , Галя аж сахнулася .","[{""label"": ""PERS"", ""text"": ""Галя""}]","[{""label"": ""PERS"", ""text"": ""Галя"", ""start"": 35, ""end"": 39}]"
a0e07d4e92e3656c06b0bb21d948c598490109c6c333d9549537bc4c8847f0ce,"— Саня , Ігоря Приймака молодший брат , — похмуро пояснила вона . — Ігор — той падлючий був , а цей — просто злий .","[{""label"": ""PERS"", ""text"": ""Саня""}, {""label"": ""PERS"", ""text"": ""Ігоря Приймака""}, {""label"": ""PERS"", ""text"": ""Ігор""}]","[{""label"": ""PERS"", ""text"": ""Саня"", ""start"": 2, ""end"": 6}, {""label"": ""PERS"", ""text"": ""Ігоря Приймака"", ""start"": 9, ""end"": 23}]"
2ece2bb966caa73d361c7d782ac40178f6e0d6a8b4f0911b745d41aac028c66e,"Він мені раз дитину стусонув , аж вона упала і лоба собі розбила .",[],"[{""label"": ""PERS"", ""text"": ""Він"", ""start"": 0, ""end"": 3}, {""label"": ""PERS"", ""text"": ""дитину"", ""start"": 13, ""end"": 19}, {""label"": ""PERS"", ""text"": ""вона"", ""start"": 34, ""end"": 38}]"
826a890cb08727f81fc9cfa0bd6cdcbe3928b6113e49311c0e2813379cc0a8b1,"— А ровер ? — озирнувшись , поцікавилась Ярка . — Братів ?","[{""label"": ""PERS"", ""text"": ""Ярка""}]","[{""label"": ""PERS"", ""text"": ""Ярка"", ""start"": 41, ""end"": 45}]"
ccfd8a2cb86e408df117db4a2aff0844087ecf2192a901ba031be18174812cab,"— Ні , в того новий був , модний якийсь .",[],[]
9a1a12675397f85224291b6606cb262abe868a4f0d47ee1bd192651e4bb925c0,"А цей , бач , дідівська « Україна » . Ярка гмукнула .","[{""label"": ""LOC"", ""text"": ""Україна""}, {""label"": ""PERS"", ""text"": ""Ярка""}]","[{""label"": ""LOC"", ""text"": ""Україна"", ""start"": 26, ""end"": 33}]"
268ac6aaa362ab45ff62bf48908af2e098e89de646944a6a7855f84b7224bf4e,"Ровер , може й не той , проте погляд ... та і напрям руху — надвечір , до пагорбів , де не було вже житла , де з’являвся натомість примарний вогник ...",[],"[{""label"": ""PERS"", ""text"": ""Ровер"", ""start"": 0, ""end"": 5}, {""label"": ""PERIOD"", ""text"": ""надвечір"", ""start"": 60, ""end"": 68}, {""label"": ""LOC"", ""text"": ""пагорбів"", ""start"": 74, ""end"": 82}, {""label"": ""ART"", ""text"": ""примарний вогник"", ""start"": 131, ""end"": 147}]"
d40225d1f4951cd1c1108434d527a305edc51fdf5374c7995751184806c8b8bc,"Попрощавшись із Галею , Ярка навпростець побігла до берега .","[{""label"": ""PERS"", ""text"": ""Галею""}, {""label"": ""PERS"", ""text"": ""Ярка""}]","[{""label"": ""PERS"", ""text"": ""Галею"", ""start"": 16, ""end"": 21}, {""label"": ""PERS"", ""text"": ""Ярка"", ""start"": 24, ""end"": 28}, {""label"": ""LOC"", ""text"": ""берега"", ""start"": 52, ""end"": 58}]"
bd5f02369b5b0c5d6ba2da8417134bddfe9a1b9abf96c8aff31ff3ec96d5258e,Як лишень зважилась ?,[],[]
51b78c63b70cd0b510075a8eb7c95e47c1c25e80d1648a19b345a9cffa085923,Чи то просто напідпитку страху не мала ?,[],[]
37cc62889ab7bc540086f9befb34e4805e2690c32e22e72deebc05af95f61f79,"Втім , дійшовши до вежі , пригальмувала розважливо , дочекавшись , поки ровер сховається за деревами , а тоді спустилася до води .",[],"[{""label"": ""PERS"", ""text"": ""Втім"", ""start"": 0, ""end"": 4}, {""label"": ""LOC"", ""text"": ""вежі"", ""start"": 19, ""end"": 23}, {""label"": ""ART"", ""text"": ""ровер"", ""start"": 72, ""end"": 77}]"
73e56645770e8cc194030735f5acd1c30db39c46e2a0bca9b125f8e7ae8ae0d8,"Їй чутно було , як стежиною за пагорбами шарудять розхитані колеса , згодом десь за дальнім рудим гребенем звук пропав .",[],"[{""label"": ""LOC"", ""text"": ""стежиною за пагорбами"", ""start"": 19, ""end"": 40}, {""label"": ""ART"", ""text"": ""розхитані колеса"", ""start"": 50, ""end"": 66}, {""label"": ""LOC"", ""text"": ""дальнім рудим гребенем"", ""start"": 84, ""end"": 106}]"
999d5e42ae9306cbef765e74ef7f2d187e1d3d7600d859134746bb86a70ee9a3,"Якраз тоді вже запали сутінки , і Ярка не ризикнула потикатися до сипкої ущелини .","[{""label"": ""PERS"", ""text"": ""Ярка""}]","[{""label"": ""PERIOD"", ""text"": ""сутінки"", ""start"": 22, ""end"": 29}, {""label"": ""PERS"", ""text"": ""Ярка"", ""start"": 34, ""end"": 38}, {""label"": ""LOC"", ""text"": ""сипкої ущелини"", ""start"": 66, ""end"": 80}]"
52db95e71a9d2cc63add702e50a07f7be9b110df8250a328b3e845c79e2c74f9,"Вона знайшла собі сховок за глинистим виріжком і зготувалася чекати ; втім , довго ждати їй не довелось — за кілька хвилин у хащах над нею блимнув вогник . Ярка переможно усміхнулася до себе ; отакі-то , значить , примари !","[{""label"": ""PERIOD"", ""text"": ""кілька хвилин""}, {""label"": ""PERS"", ""text"": ""Ярка""}]","[{""label"": ""PERS"", ""text"": ""Вона"", ""start"": 0, ""end"": 4}, {""label"": ""ART"", ""text"": ""глинистим виріжком"", ""start"": 28, ""end"": 46}, {""label"": ""PERS"", ""text"": ""їй"", ""start"": 89, ""end"": 91}, {""label"": ""PERIOD"", ""text"": ""кілька хвилин"", ""start"": 109, ""end"": 122}, {""label"": ""LOC"", ""text"": ""хащах"", ""start"": 125, ""end"": 130}, {""label"": ""PERS"", ""text"": ""Ярка"", ""start"": 156, ""end"": 160}, {""label"": ""MISC"", ""text"": ""примари"", ""start"": 214, ""end"": 221}]"
9dc9fd3512e4ebf5bdc7d53344edb80c5bb8f7f829ec4525da0021fcfc57392a,"Чи то здибанка в Сані там , чи то сховок ...","[{""label"": ""PERS"", ""text"": ""Сані""}]","[{""label"": ""ART"", ""text"": ""здибанка"", ""start"": 6, ""end"": 14}, {""label"": ""LOC"", ""text"": ""Сані"", ""start"": 17, ""end"": 21}, {""label"": ""ART"", ""text"": ""сховок"", ""start"": 34, ""end"": 40}]"
20fb44f2ba09df3e88432fe318068a41ddd77a96ef6d176d3dee6d4d32f09f22,"Хоча , Нестор мав таки рацію — для фольклорних потреб примари були значно придатніші .","[{""label"": ""PERS"", ""text"": ""Нестор""}]","[{""label"": ""PERS"", ""text"": ""Нестор"", ""start"": 7, ""end"": 13}, {""label"": ""MISC"", ""text"": ""фольклорних потреб"", ""start"": 35, ""end"": 53}, {""label"": ""ORG"", ""text"": ""примари"", ""start"": 54, ""end"": 61}]"
5a204c5a7f9b147157d6557918506f3376c51f662076f0e561f81008e3fccf38,Зараз же видиратися нагору було безглуздо та і просто небезпечно .,[],"[{""label"": ""PERIOD"", ""text"": ""Зараз же"", ""start"": 0, ""end"": 8}]"
89dc83848a9eb90b2687989f7f4ce8adb6fb5b95a47a7253e443762a061fb270,"Слід було дослідити ярочок пізніше , наодинці .",[],"[{""label"": ""MISC"", ""text"": ""ярочок"", ""start"": 20, ""end"": 26}]"
69c68309168ff13f69343d392684a03c15c7b6f750660d19254b84c9223e0351,"Проте , як знайти потрібне місце ? Ярка озирнулася ...","[{""label"": ""PERS"", ""text"": ""Ярка""}]","[{""label"": ""LOC"", ""text"": ""потрібне місце"", ""start"": 18, ""end"": 32}, {""label"": ""PERS"", ""text"": ""Ярка"", ""start"": 35, ""end"": 39}]"
6ff7d603e2c58e18571f2a30438be2bdba87ce3f8f9d8ed32bf5a916c65f97fc,"Цих ярочків уздовж берега — десятки , як не більше ; зітхнувши , вона відірвала смужку від маєчки — у цілком тверезому стані такий фокус їй навряд чи вдався би — і зав’язала бантик на верболозі .",[],"[{""label"": ""ART"", ""text"": ""ярочків"", ""start"": 4, ""end"": 11}, {""label"": ""LOC"", ""text"": ""берега"", ""start"": 19, ""end"": 25}, {""label"": ""QUANT"", ""text"": ""десятки"", ""start"": 28, ""end"": 35}, {""label"": ""PERS"", ""text"": ""вона"", ""start"": 65, ""end"": 69}, {""label"": ""ART"", ""text"": ""смужку від маєчки"", ""start"": 80, ""end"": 97}, {""label"": ""ART"", ""text"": ""бантик"", ""start"": 174, ""end"": 180}, {""label"": ""MISC"", ""text"": ""верболозі"", ""start"": 184, ""end"": 193}]"
532f64fdfacd907b7afe99eef98a23878228890c0aefe9a09f5e41b8173a9384,По тому вона тихенько обійшла ярок і рушила до хати .,[],"[{""label"": ""PERS"", ""text"": ""вона"", ""start"": 8, ""end"": 12}, {""label"": ""LOC"", ""text"": ""хати"", ""start"": 47, ""end"": 51}]"
6b470fa7e537e14a503abdbc9a5ff17a63cb14743d2efd169787b6b6fee0956e,"Вже вдома Ярка помітила , що її капці та шорти густо забрьохані рудою глиною , проте це її не засмутило .","[{""label"": ""PERS"", ""text"": ""Ярка""}]","[{""label"": ""LOC"", ""text"": ""Вже вдома"", ""start"": 0, ""end"": 9}, {""label"": ""PERS"", ""text"": ""Ярка"", ""start"": 10, ""end"": 14}, {""label"": ""ART"", ""text"": ""капці та шорти"", ""start"": 32, ""end"": 46}]"
53884daf389f73db7441ae1f012112b84b3442c95b3ee3ec226c0cb1b4f1b144,"Ще б пак , розгадати місцеву страшну таємницю — чи не досягнення !",[],[]
5e4459f7a6616b7f9898def0bc8e66dc3a2d104707b06760fc996f8bb7d7882c,"І лише зранку , на свіжу голову , вона усвідомлює , що таємниця може бути страшною без жодних тобі лапок та іронії .",[],"[{""label"": ""PERIOD"", ""text"": ""зранку"", ""start"": 7, ""end"": 13}, {""label"": ""PERS"", ""text"": ""вона"", ""start"": 34, ""end"": 38}, {""label"": ""MISC"", ""text"": ""таємниця"", ""start"": 55, ""end"": 63}]"
5f785ea4060db99ba0e1539bbe78ed354cb8af7034754ff9b1c70021cc9eae7b,"Якщо Саня і справді убив свого брата , то що тоді там заховано , в тому ярочку ?","[{""label"": ""PERS"", ""text"": ""Саня""}]","[{""label"": ""PERS"", ""text"": ""Саня"", ""start"": 5, ""end"": 9}]"
4b66f4c1b117abe22434248ab510a1008a7403c73f71b4c180a952567a8ee448,І чи хоче вона це знати ?,[],[]
127e72037a1ba7ff69477579e49fe3a275b2e3f6434d3c55f169c628f6bf2063,Предметні роздуми про душогубство явно не пішли Ярці на користь .,"[{""label"": ""PERS"", ""text"": ""Ярці""}]","[{""label"": ""MISC"", ""text"": ""Предметні роздуми про душогубство"", ""start"": 0, ""end"": 33}, {""label"": ""PERS"", ""text"": ""Ярці"", ""start"": 48, ""end"": 52}]"
0e45d2ddfb9add1d2fb61c9e23f3bc9eeb779bc7e9a65d18dc7eaca6d024ac5d,"Вона мала , на жаль , що згадати з цього приводу , і близькість розв’язки лише повернула їй уповні те , від чого тікала з міста — страх викриття , і то настільки сильний , що попри незмінну спеку її починають бити крижаки .",[],"[{""label"": ""PERS"", ""text"": ""Вона"", ""start"": 0, ""end"": 4}, {""label"": ""PERS"", ""text"": ""їй"", ""start"": 89, ""end"": 91}, {""label"": ""LOC"", ""text"": ""міста"", ""start"": 122, ""end"": 127}, {""label"": ""MISC"", ""text"": ""страх викриття"", ""start"": 130, ""end"": 144}, {""label"": ""MISC"", ""text"": ""крижаки"", ""start"": 214, ""end"": 221}]"
c0a5095968b3221dbb088d8824588176f8338a852cd713658f143ca0342735a1,"Аби бодай якось відволіктись , Ярка дістає нетбук та , лаючись від страху і нетерплячки , завантажує новини .","[{""label"": ""PERS"", ""text"": ""Ярка""}]","[{""label"": ""PERS"", ""text"": ""Ярка"", ""start"": 31, ""end"": 35}, {""label"": ""ART"", ""text"": ""нетбук"", ""start"": 43, ""end"": 49}, {""label"": ""ART"", ""text"": ""новини"", ""start"": 101, ""end"": 107}]"
5f82a52cb9acdc455252f9d21f83c26a8a973d9b2b6216bf437da4f72ab74e5f,"Останні кілька днів вона не перевіряла Катрусин щоденник — боячись , можливо , такої звістки , що змусила би її відмовитися від задуманого .","[{""label"": ""PERIOD"", ""text"": ""кілька днів""}, {""label"": ""PERS"", ""text"": ""Катрусин""}]","[{""label"": ""PERIOD"", ""text"": ""Останні кілька днів"", ""start"": 0, ""end"": 19}]"
cf203d895c8f19dab2602a13fc8ca58abbbf3b581b1834bdbc1b09ef89bf1817,"Зараз же , на порозі безоглядних дій , вона просто повинна дізнатися , що там і як .",[],"[{""label"": ""PERIOD"", ""text"": ""Зараз же"", ""start"": 0, ""end"": 8}, {""label"": ""PERS"", ""text"": ""вона"", ""start"": 39, ""end"": 43}]"
8276bb0c0efede5a4ed75119b1b37679ecf0a0f24be7f2941db1ba74d706e715,"І от , звісно ...",[],[]
8ff150c9ba4a6e7888ed7c59d092cff05cc5b0ea20d27dc7f0149c595eecc498,"Здавалося , недавній дощ принесе полегшення — проте , спека і далі пекельна . Любчик сказав , що бере відпустку за власний рахунок .","[{""label"": ""PERS"", ""text"": ""Любчик""}]","[{""label"": ""PERS"", ""text"": ""Любчик"", ""start"": 78, ""end"": 84}]"
907ed3d2c44cb1a8a9129a9eb76fce56881c6ccb180293138979703c183cf689,"Я його розумію — сама би завіялася десь за північним сяйвом , та й не вертала вже до пекла , хай би скільки там платили .",[],"[{""label"": ""PERS"", ""text"": ""Я"", ""start"": 0, ""end"": 1}, {""label"": ""PERS"", ""text"": ""сама"", ""start"": 17, ""end"": 21}, {""label"": ""LOC"", ""text"": ""північним сяйвом"", ""start"": 43, ""end"": 59}, {""label"": ""MON"", ""text"": ""скільки там платили"", ""start"": 100, ""end"": 119}]"
4b3fa0a6a3eab82cdcc274d1a4337d13025760fe7c63bf3986f5b564dbda9c75,Надто ж літнім людям нині важко ...,[],"[{""label"": ""PERS"", ""text"": ""літнім людям"", ""start"": 8, ""end"": 20}]"
8b52e9c0826bb674fcf570c8d0b34f44eb673c2ebaa08b28ed14014ad93c366f,"Кажуть , одна прочанка навіть зомліла на порозі храму , а її дочку не могли видзвонити , бо у неї від спеки розладнався телефон .",[],"[{""label"": ""PERS"", ""text"": ""прочанка"", ""start"": 14, ""end"": 22}, {""label"": ""LOC"", ""text"": ""порозі храму"", ""start"": 41, ""end"": 53}, {""label"": ""PERS"", ""text"": ""її дочку"", ""start"": 58, ""end"": 66}, {""label"": ""ART"", ""text"": ""телефон"", ""start"": 120, ""end"": 127}]"
50545193d73cbc93dfd6889c162615ff1e78922e8d68220618ce11c4480a77e5,Та що казати — навіть в новинах почали з’являтися різні прогнози .,[],"[{""label"": ""MISC"", ""text"": ""різні прогнози"", ""start"": 50, ""end"": 64}]"
d6b712286de64a1641be56b72dda0854b020f469ac2e485234809cf3392be668,"Обговорюють погоду , мовби біржові ставки .",[],"[{""label"": ""MISC"", ""text"": ""Обговорюють погоду"", ""start"": 0, ""end"": 18}, {""label"": ""MISC"", ""text"": ""біржові ставки"", ""start"": 27, ""end"": 41}]"
444f81650a8195a571adb71869e34712e76f0ae0e11885c31b751ec68683a0ab,"Ну та нічого дивного , людям — аби поворожити . Ярка замружилася чимдуж — аж в оці застрибали цятки .","[{""label"": ""PERS"", ""text"": ""Ярка""}]","[{""label"": ""PERS"", ""text"": ""людям"", ""start"": 23, ""end"": 28}, {""label"": ""PERS"", ""text"": ""Ярка"", ""start"": 48, ""end"": 52}]"
c19c405fcac87d5e10da7f42aa430079b5173dd9ff824caabbd2e95910ce87d7,Як же це вона не подумала ...,[],"[{""label"": ""PERS"", ""text"": ""вона"", ""start"": 9, ""end"": 13}]"
e79b3594372ff3c98ba65e8430fb6fae61e04ab101d21c90ac59e418a45fe693,Мама ...,[],"[{""label"": ""PERS"", ""text"": ""Мама"", ""start"": 0, ""end"": 4}]"
53c6166d0a03fb93ed312b604d88613bfceec344acfa2e109d672a30c0be9633,Невдатна фея і вірна прочанка ...,[],"[{""label"": ""PERS"", ""text"": ""Невдатна фея"", ""start"": 0, ""end"": 12}]"
7f1c4794c32716a3359dca72493591f558df78690c9f32988e4efc6e7a81882d,"Звісно , не видзвонивши дочку , вона могла підняти ґвалт .",[],"[{""label"": ""PERS"", ""text"": ""дочку"", ""start"": 24, ""end"": 29}, {""label"": ""PERS"", ""text"": ""вона"", ""start"": 32, ""end"": 36}]"
dcbeb67da9c72d3f6c5120f24337efe94d21139f77776815ab51573a0a89f3fe,"Вона не знає нічого-нічогісінько , Ярка їй ніц не казала .","[{""label"": ""PERS"", ""text"": ""Ярка""}]","[{""label"": ""PERS"", ""text"": ""Вона"", ""start"": 0, ""end"": 4}, {""label"": ""PERS"", ""text"": ""Ярка"", ""start"": 35, ""end"": 39}]"
2ef6dba3a48ad9890b6e8001bcbcbd99991193686ccf591537406ee11f1108db,Проте самою своєю панікою вона здатна наробити біди .,[],"[{""label"": ""PERS"", ""text"": ""вона"", ""start"": 26, ""end"": 30}]"
624446e2d727355605351cecb05ca29c014f1850883f90a387475810cbaa06b0,А « любчик » ?,[],"[{""label"": ""PERS"", ""text"": ""любчик"", ""start"": 4, ""end"": 10}]"
369968874e1bf18e93e25f8a3df03eab2cf4ff8a8f408cfe3a3bdef930dcd618,"Це ж , коли Ярка правильно розуміє , Ромко — Катруся довго сміялася з приводу його кмітливих залицянь ...","[{""label"": ""PERS"", ""text"": ""Ярка""}, {""label"": ""PERS"", ""text"": ""Ромко""}, {""label"": ""PERS"", ""text"": ""Катруся""}]","[{""label"": ""PERS"", ""text"": ""Ярка"", ""start"": 12, ""end"": 16}, {""label"": ""PERS"", ""text"": ""Ромко"", ""start"": 37, ""end"": 42}, {""label"": ""PERS"", ""text"": ""Катруся"", ""start"": 45, ""end"": 52}]"
b509299e37eb4dde20f243bea9d6055eb5a50dd3b9224dd6e93b717cec66bcac,"Ну так , напевне !",[],[]
e437ec2f1aef2f8c3f24f83a7e1861b70fcd87f82154be58ea794f0a0e2c3266,"Взяв відпустку , значить .",[],[]
a58ba3b4561acfc66cae3843ce5a02f7854ebdfba07cb17af9e76c7ef694417e,"Чи не для того , аби розшукати колегу ?",[],"[{""label"": ""PERS"", ""text"": ""колегу"", ""start"": 31, ""end"": 37}]"
96776976253955975e9239e4fa760a3bdd81fa0464f4e264c21c6f5001218024,"Що ж до прогнозів , то , значить , обговорення останніх подій таки уникнути не вдалося ...",[],[]
d4a3efd62399b7be47e111dbac045f733c1e3253bac3990375992f9141dd899d,"І це , коли розважити , не так вже і погано .",[],[]
7caeea47020a432fc4306720ebed1aac4d66305d3e73648e193ec2d34e212444,"Вимкнувши ноут , Ярка підводиться і визирає у вікно .","[{""label"": ""PERS"", ""text"": ""Ярка""}]","[{""label"": ""ART"", ""text"": ""ноут"", ""start"": 10, ""end"": 14}, {""label"": ""PERS"", ""text"": ""Ярка"", ""start"": 17, ""end"": 21}, {""label"": ""LOC"", ""text"": ""вікно"", ""start"": 46, ""end"": 51}]"
6a94e102f76f31c184be0376e969000e423192974471878dbaf6f0e4f0822bed,Чи справді — за сусідським парканом рвучко блимнуло білим ?,[],"[{""label"": ""LOC"", ""text"": ""за сусідським парканом"", ""start"": 13, ""end"": 35}]"
7c96773e0bfd3573e1d9912767b7d66bbd4ecb2848369ec6686d1491163322fd,Чи примарилось ?,[],"[{""label"": ""PERS"", ""text"": ""Чи примарилось ?"", ""start"": 0, ""end"": 16}]"
4f62227dfead7264630ad1750e254cc44f5afd06b5355f0b9422255da8d1554e,"Все це , обсмикує себе втікачка , все це починає вислизати з-під контролю .",[],"[{""label"": ""ART"", ""text"": ""Все це"", ""start"": 0, ""end"": 6}, {""label"": ""PERS"", ""text"": ""втікачка"", ""start"": 23, ""end"": 31}, {""label"": ""ART"", ""text"": ""все це"", ""start"": 34, ""end"": 40}]"
d4d223ab3f5fa5f611af7461dcef4ef3b6b41561c27567dced54c3ec6e17ee4e,"Якщо вона і далі зволікатиме , то втратить будь-яку можливість для маневру , будь-яку свободу дій .",[],"[{""label"": ""PERS"", ""text"": ""вона"", ""start"": 5, ""end"": 9}]"
abf5dc3d9340e19159841103c69427b5548ee196c4ad49fbe3376cd73f4a2bb9,І всі її моральні потерпання не важитимуть тоді ані шеляга .,[],[]
c6dccd54dd1308699db615118c95b3341d60e8e2e31bd32629ff2149a671c66b,"Як , імовірно , й саме її життя .",[],[]
cd8271dab4f4a2c9fd3a2cda47ad9c26bf123c5a512b199202e6a2ec8bd25b5c,"Дивна річ — але усвідомивши це , Ярка припиняє нарешті труситися .","[{""label"": ""PERS"", ""text"": ""Ярка""}]","[{""label"": ""ART"", ""text"": ""Дивна річ"", ""start"": 0, ""end"": 9}, {""label"": ""PERS"", ""text"": ""Ярка"", ""start"": 33, ""end"": 37}]"
bec33a3554a1d123a5928bc949c0149dbe292d2d64dd922ade34e50bb0d829ed,"Вбравши вчорашні вимащені глиною шорти , вона вирушає шукати ярочок з примарами .",[],"[{""label"": ""ART"", ""text"": ""шорти"", ""start"": 33, ""end"": 38}, {""label"": ""PERS"", ""text"": ""вона"", ""start"": 41, ""end"": 45}, {""label"": ""MISC"", ""text"": ""ярочок з примарами"", ""start"": 61, ""end"": 79}]"
2f9c393db26da2a28096728942db671212bbdc2464a640a9fcba6d926f83ab62,"Добре , хвалить вона себе , що подбала позначити потрібне місце червоним бантиком .",[],"[{""label"": ""PERS"", ""text"": ""Добре"", ""start"": 0, ""end"": 5}, {""label"": ""PERS"", ""text"": ""вона себе"", ""start"": 16, ""end"": 25}, {""label"": ""LOC"", ""text"": ""потрібне місце"", ""start"": 49, ""end"": 63}, {""label"": ""ART"", ""text"": ""червоним бантиком"", ""start"": 64, ""end"": 81}]"
404ae7c345019d2b285ba82f8fbf08ffadd40b59e5646688f6f28c0baed963f6,"Бо насправді тутешні схили поламані , наче зронений на підлогу святковий пиріг , і між сипких виріжків та піщаних проріх легко можна заблукати .",[],"[{""label"": ""LOC"", ""text"": ""тутешні схили"", ""start"": 13, ""end"": 26}, {""label"": ""ART"", ""text"": ""святковий пиріг"", ""start"": 63, ""end"": 78}]"
273f4c28589aadcfedccce749d4a3daed96e8bdc58d43735d513668d6d006e14,"Сторожко роззирнувшись , Ярка вступає до розпадини , одразу ж занурившись у гарячий присмерк і задушливий запах степового полину .","[{""label"": ""PERS"", ""text"": ""Ярка""}]","[{""label"": ""PERS"", ""text"": ""Сторожко"", ""start"": 0, ""end"": 8}, {""label"": ""PERS"", ""text"": ""Ярка"", ""start"": 25, ""end"": 29}, {""label"": ""LOC"", ""text"": ""розпадини"", ""start"": 41, ""end"": 50}, {""label"": ""LOC"", ""text"": ""степового полину"", ""start"": 112, ""end"": 128}]"
b24c2bd8cee06ac0579e62118bcb17baab8cf22d048a544224404e4f94e23978,"Далі — несподівано вологе заглиблення , поросле вербою та колючими кущами акації , а вже після того — встелений сухою травою схил .",[],"[{""label"": ""LOC"", ""text"": ""несподівано вологе заглиблення"", ""start"": 7, ""end"": 37}]"
7e2d4345bddc61287a68d6803983de041ce4141fc7b17a19ced47d109058c4d8,Де ж це міг спускатися Приймак-молодший зі своїм ровером ?,"[{""label"": ""PERS"", ""text"": ""Приймак-молодший""}]","[{""label"": ""PERS"", ""text"": ""Приймак-молодший"", ""start"": 23, ""end"": 39}, {""label"": ""JOB"", ""text"": ""ровером"", ""start"": 49, ""end"": 56}]"
d4678dadb226e74685a0995ab5b73496c0b89c540108dafa444ae756e8078569,"Ага , трохи вище по схилу видно латку вирваної трави та просипаного піску .",[],"[{""label"": ""PERS"", ""text"": ""Ага"", ""start"": 0, ""end"": 3}, {""label"": ""LOC"", ""text"": ""схилу"", ""start"": 20, ""end"": 25}]"
8e599a8664fe18b838d9ba644a6d55577347d907a02bedf0f6c8d3e352aa2d0d,"Тримаючись за колючі гілки , Ярка видирається метри на два вгору , туди , де відносно положистий бічний схил зустрічається із прямовисною стіною ущелини .","[{""label"": ""PERS"", ""text"": ""Ярка""}]","[{""label"": ""ART"", ""text"": ""колючі гілки"", ""start"": 14, ""end"": 26}, {""label"": ""PERS"", ""text"": ""Ярка"", ""start"": 29, ""end"": 33}, {""label"": ""LOC"", ""text"": ""відносно положистий бічний схил"", ""start"": 77, ""end"": 108}, {""label"": ""LOC"", ""text"": ""прямовисною стіною ущелини"", ""start"": 126, ""end"": 152}]"
3bad5f43b7aaec4a784aa6abe6298b0818bf1e85d7c5e626d9357b8217b878a7,"Захекавшись , опускається навколішки — все ж таки спека добряче забиває памороки — і тут нарешті бачить те місце , куди , очевидячки , навідувався Саня .","[{""label"": ""PERS"", ""text"": ""Саня""}]","[{""label"": ""LOC"", ""text"": ""місце"", ""start"": 107, ""end"": 112}, {""label"": ""PERS"", ""text"": ""Саня"", ""start"": 147, ""end"": 151}]"
3e4b55a1b7153b526456159375c447e6a2f8d90da5c00999de3f8239d5bd717b,"У прямовисній стіні — напівзасипана ніша , її видно тільки впритул ; ані зверху , ані знизу ніхто би її ніколи не розгледів , якби не знав , чого шукати .",[],"[{""label"": ""LOC"", ""text"": ""У прямовисній стіні"", ""start"": 0, ""end"": 19}, {""label"": ""ART"", ""text"": ""напівзасипана ніша"", ""start"": 22, ""end"": 40}]"
99f1636395b3751962914a8b64f391688ecc67c6c729552407551c9dd3c1ea41,Що ж ...,[],[]
93e2f337fc971d7bccdf296e4b08f80ba2b1044b125b8dfcb2bbfc2bd22bc0db,"Вона не має більше сумніву , але серце калатає попри те .",[],"[{""label"": ""PERS"", ""text"": ""Вона"", ""start"": 0, ""end"": 4}]"
3b2b86cb2660103e56f68abf6c2a631f05ca40b25bba531b89991cc794d69209,"А що , страхається Ярка , коли Саня заховав тут свій corpus delicti ?","[{""label"": ""PERS"", ""text"": ""Ярка""}, {""label"": ""PERS"", ""text"": ""Саня""}]","[{""label"": ""PERS"", ""text"": ""Ярка"", ""start"": 19, ""end"": 23}, {""label"": ""PERS"", ""text"": ""Саня"", ""start"": 31, ""end"": 35}, {""label"": ""LOC"", ""text"": ""тут"", ""start"": 44, ""end"": 47}, {""label"": ""ART"", ""text"": ""corpus delicti"", ""start"": 53, ""end"": 67}]"
d0da89ce1472d006fd88714b1ebe39cb27a49f78c08ad33fb2121d388787a41f,"Тобто , простіше мовлячи , труп ?",[],"[{""label"": ""ART"", ""text"": ""труп"", ""start"": 27, ""end"": 31}]"
41d8bf1f052e8ac136a5411ebca910599dc93f3a5f4f4cd27a04a801fcd89540,"Це ж рік минув , і навряд чи видовище буде приємним ...","[{""label"": ""PERIOD"", ""text"": ""рік""}]","[{""label"": ""PERIOD"", ""text"": ""рік"", ""start"": 5, ""end"": 8}]"
307101f7e3a9e550ba40d1c07047b428f1e788ad0f327522bb79f9fa7b8ca218,"Нервово хихикнувши , проте , вона відкидає таку можливість .",[],"[{""label"": ""PERS"", ""text"": ""вона"", ""start"": 29, ""end"": 33}]"
d4b2860d021cffa3e8aea46b1674331ba2964c2f347ab3fee659712bd3e73c35,"Навряд чи хлопець вчащав би до трупа з такою регулярністю , що аж вістівчани запримітили вогонь за пустищем .",[],"[{""label"": ""PERS"", ""text"": ""хлопець"", ""start"": 10, ""end"": 17}, {""label"": ""ART"", ""text"": ""трупа"", ""start"": 31, ""end"": 36}, {""label"": ""ORG"", ""text"": ""вістівчани"", ""start"": 66, ""end"": 76}, {""label"": ""LOC"", ""text"": ""пустищем"", ""start"": 99, ""end"": 107}]"
f008e72800df811cf7b6845ce01a445cef4c7bd6680a652945cea85257194e9d,"Та і нащо взагалі до трупа ходити , коли вже на те ?",[],"[{""label"": ""LOC"", ""text"": ""до трупа"", ""start"": 18, ""end"": 26}]"
793b3830c9c43b8a0307bc900c31bbd4ebb89db22c12e6993a76e81ba783946f,"Звівши подих , Ярка підбирається до ніші і обережно розгрібає глиняні брили .","[{""label"": ""PERS"", ""text"": ""Ярка""}]","[{""label"": ""PERS"", ""text"": ""Ярка"", ""start"": 15, ""end"": 19}, {""label"": ""MISC"", ""text"": ""ніші"", ""start"": 36, ""end"": 40}, {""label"": ""ART"", ""text"": ""глиняні брили"", ""start"": 62, ""end"": 75}]"
79f5a17859a7c94f9da54c1139aa7d2dd852f5d73849b2e0fbf36fdc1289ca68,"Невдовзі її пальці намацують відмінну від глини фактуру — щось гладеньке і прямокутне , мов цеглина .",[],"[{""label"": ""ART"", ""text"": ""цеглина"", ""start"": 92, ""end"": 99}]"
91caae4807cd1518338dcb783dc0bfa68119c449389efd408e5ef241edb550ec,"Запустивши руку глибше , Ярка підгрібає невідомий предмет , бере його і витягає на світло .","[{""label"": ""PERS"", ""text"": ""Ярка""}]","[{""label"": ""PERS"", ""text"": ""Ярка"", ""start"": 25, ""end"": 29}, {""label"": ""ART"", ""text"": ""невідомий предмет"", ""start"": 40, ""end"": 57}]"
8866fefe297fc31032473a7f648bd3919e334fb77b5bdd4544dcb11de3db4e32,"Дивно ... і справді , брикет , запаяний у цупкий прозорий пластик .",[],"[{""label"": ""ART"", ""text"": ""брикет"", ""start"": 22, ""end"": 28}]"
af692d29a7a9b92079e1fc2fe88aeae30567b3149dac9d662dc2cdb526641e11,"Усередині — зеленкувата пресована маса , таке , наче поганий зелений чай .",[],"[{""label"": ""ART"", ""text"": ""зеленкувата пресована маса"", ""start"": 12, ""end"": 38}, {""label"": ""MISC"", ""text"": ""поганий зелений чай"", ""start"": 53, ""end"": 72}]"
ef423548becf6d3eb2b56487005fd4e15b78e2decf84160bd4b7f750f9d006b9,"Іще якусь мить Ярка безтямно витріщається на знахідку , і тоді нарешті приходить до неї розуміння .","[{""label"": ""PERS"", ""text"": ""Ярка""}]","[{""label"": ""PERIOD"", ""text"": ""Іще якусь мить"", ""start"": 0, ""end"": 14}, {""label"": ""PERS"", ""text"": ""Ярка"", ""start"": 15, ""end"": 19}, {""label"": ""ART"", ""text"": ""знахідку"", ""start"": 45, ""end"": 53}]"
badf15a0c55f1c8aa01ab08f25f3738a53a20bf0c83e1acd040475521b60e669,"Чай , аякже ж !",[],[]
b51c705cf7fd81f8757808de12c54a3e76ba499223618475f7c8764268c7ba26,"Для безумного чаювання хіба що ! Ярка запускає руку якомога далі — ага , та тут не один такий брикет !","[{""label"": ""PERS"", ""text"": ""Ярка""}]","[{""label"": ""PERS"", ""text"": ""Ярка"", ""start"": 33, ""end"": 37}, {""label"": ""ART"", ""text"": ""брикет"", ""start"": 94, ""end"": 100}]"
4280cfc902e9d6fad5ebae5431fb1483fd447a84de01bc71d76d0ee167ecf296,"Може з десяток , а може і більше !",[],"[{""label"": ""QUANT"", ""text"": ""десяток"", ""start"": 7, ""end"": 14}]"
aa7cc33d43ebc9e76745614024cecbbeb84635087e84f2a0943f88f34d3ae8d3,"Опустивши пакет на землю , дівчина приголомшено падає поряд .",[],"[{""label"": ""ART"", ""text"": ""пакет"", ""start"": 10, ""end"": 15}, {""label"": ""LOC"", ""text"": ""землю"", ""start"": 19, ""end"": 24}, {""label"": ""PERS"", ""text"": ""дівчина"", ""start"": 27, ""end"": 34}]"
3478bec072cb8d88b3a1e7fda74807e2e928cb5fad04d64bf5167caa7121b4da,Скільки ж може коштувати подібний скарб ?,[],"[{""label"": ""ART"", ""text"": ""подібний скарб"", ""start"": 25, ""end"": 39}]"
980dfb36678a0dca35cf46d160996b19d55b28b0c07c71529df044c4a57e9436,"Якось ніколи досі їй не випадало торгувати « травою » , але якщо сірникова коробка такої штуки уроздріб коштувала з півсотні , то цеглина ... та ще й не одна ...",[],"[{""label"": ""MISC"", ""text"": ""травою"", ""start"": 45, ""end"": 51}, {""label"": ""ART"", ""text"": ""сірникова коробка"", ""start"": 65, ""end"": 82}, {""label"": ""MON"", ""text"": ""півсотні"", ""start"": 116, ""end"": 124}, {""label"": ""ART"", ""text"": ""цеглина ..."", ""start"": 130, ""end"": 141}]"
5925b62e7bc1dac7c7c2e6f3aa6bffaf041012017641ec1a5c2283c706155faf,"Якщо це не мотив для злочину — то значить , ніц вона у злочинах не тямить !",[],[]
b22133be104496e585755da8e19e6d065ad9de855d72c60a1c9ac5b0799a50b6,"Насилу здолавши зачудування , Ярка обережно вертає скарб на місце , намагаючись навіть каміння скласти так , як було .","[{""label"": ""PERS"", ""text"": ""Ярка""}]","[{""label"": ""PERS"", ""text"": ""Ярка"", ""start"": 30, ""end"": 34}, {""label"": ""ART"", ""text"": ""скарб"", ""start"": 51, ""end"": 56}, {""label"": ""LOC"", ""text"": ""місце"", ""start"": 60, ""end"": 65}, {""label"": ""ART"", ""text"": ""каміння"", ""start"": 87, ""end"": 94}]"
4a79b1b9a2e69302296966edd4cb1642ad03abe6303bd81664a81fac19e619cc,"То от , виявляється , які оборудки провертав зниклий Приймак !","[{""label"": ""PERS"", ""text"": ""Приймак""}]","[{""label"": ""PERS"", ""text"": ""зниклий Приймак"", ""start"": 45, ""end"": 60}]"
80640f0f4e9798024eb063ff6d239c54b54815519e9efe170fab37fb33fea2c8,Щось вони із молодшим братом не поділили абощо ?,[],"[{""label"": ""PERS"", ""text"": ""молодшим братом"", ""start"": 13, ""end"": 28}]"
08608d3d59c7874d1a02389159d0274375f652117b4b9951760c6e1d9888d965,"Один підступний , другий — просто злий , казала Галя .","[{""label"": ""PERS"", ""text"": ""Галя""}]","[{""label"": ""PERS"", ""text"": ""Галя"", ""start"": 48, ""end"": 52}]"
cb2b93b6a4e967c9fecd00e77a9b54235b5831e31ac455747ffd31a2f83c4f0e,"А отже , зло подужало підступність ...",[],"[{""label"": ""PERS"", ""text"": ""зло"", ""start"": 9, ""end"": 12}]"
a7e2c1c671eb91574be5e96dd33354be213a4a3735941650e54dc964715c7a10,І хіба це — не підстава для оптимізму ?,[],[]
109510644bb4c21f8eb3bdf0be4db1175a5311a1f6ce66b3f05a8bacae47a8b4,* * *,[],[]
7a6c914e68ed2f3aea304d40163b6f72129e0ba7d1cdafc9e7e9f54ea29255d0,"Ти , пригадую , колись мала душевну симпатію до Макіавеллі та його ідей . « Чини добро , поки можливо , але умій чинити зло , коли необхідно » — ця сентенція здавалася тобі надзвичайно мудрою .","[{""label"": ""PERS"", ""text"": ""Макіавеллі""}]","[{""label"": ""PERS"", ""text"": ""Ти"", ""start"": 0, ""end"": 2}, {""label"": ""PERS"", ""text"": ""Макіавеллі"", ""start"": 48, ""end"": 58}, {""label"": ""MISC"", ""text"": ""добро"", ""start"": 81, ""end"": 86}, {""label"": ""PERS"", ""text"": ""тобі"", ""start"": 168, ""end"": 172}]"
36982a593e486a30abc4e06a6207b1da7a16ac8f80d72992694d258c956a48a1,"Зло заради більшого добра — наче і не зло уже зовсім ; проте насправді ти завжди легко відрізняла одне від іншого , так само безтямно і так само безпомильно , як відрізняємо біль від насолоди .",[],"[{""label"": ""MISC"", ""text"": ""Зло"", ""start"": 0, ""end"": 3}, {""label"": ""MISC"", ""text"": ""зло"", ""start"": 38, ""end"": 41}, {""label"": ""PERS"", ""text"": ""ти"", ""start"": 71, ""end"": 73}, {""label"": ""MISC"", ""text"": ""біль"", ""start"": 174, ""end"": 178}]"
305a1c65691d94e745269f92bb5613a362f518e7038ee48324d107d6701ef0a4,Вчинки ж твої далеко не завжди були у тому сенсі безболісними для оточення .,[],"[{""label"": ""MISC"", ""text"": ""Вчинки"", ""start"": 0, ""end"": 6}, {""label"": ""PERS"", ""text"": ""твої"", ""start"": 9, ""end"": 13}, {""label"": ""LOC"", ""text"": ""оточення"", ""start"": 66, ""end"": 74}]"
d630a0dc89c04caf81634a1264899e80551a7b25d4ae407fc4e152dfdcb83a78,"Такий конфлікт уявлень та дійсності якраз і є тою притичиною , що змушує злих людей залишатися злими .",[],"[{""label"": ""PERS"", ""text"": ""злих людей"", ""start"": 73, ""end"": 83}]"
bc61280f68e893159e91036b3908e775b73fc9536f25c2633af56f4770405e3a,Адже ж як ми уявляємо себе ?,[],[]
2b9b164aa834faf1c52d854f8de6fd38199f7d9e46f039ed16332013f2a4463d,"Авжеж , не схибленими на насильстві маніяками !",[],[]
1bde6fba2c7aa0960d25e09af077bb9b0395067d985ea91b9ad37e4d43367df1,"Ні , звісно — окрім особливих випадків — ми радше бачимо себе доброю загалом людиною , котру жорстокий світ примушує до « необхідних » вчинків .",[],"[{""label"": ""PERS"", ""text"": ""ми"", ""start"": 41, ""end"": 43}, {""label"": ""PERS"", ""text"": ""людиною"", ""start"": 77, ""end"": 84}, {""label"": ""ORG"", ""text"": ""жорстокий світ"", ""start"": 93, ""end"": 107}]"
98797de4677b30adfd88ad058aea4cac4a4c3e248daae47a5deccb06413ac9ea,"А оскільки ми — хороші , то те , що робимо , ніяк не може бути злом .",[],"[{""label"": ""PERS"", ""text"": ""ми"", ""start"": 11, ""end"": 13}]"
600bd5f0a8e6df25c4b1f9d783d35dbe2233f5f2f8b387cb805fe847c3622e6a,То навіщо чинити інакше ?,[],[]
c27a59741f8901d357e8a3fc5c9796b72e6761d462ea0e954f2caf5133e386e5,"Звісно , коли результати нашої діяльності є очевидно руйнівними , доводиться трішечки коригувати позицію захисту .",[],[]
f3bac6c54b05676db5f61426891e6ff2a57ae69dfd466ebbfd086b48d8bb3633,"Дуже добре спрацьовує , скажімо , перенесення нашої провини на жертву .",[],"[{""label"": ""PERS"", ""text"": ""жертву"", ""start"": 63, ""end"": 69}]"
7d9f769c8326bdf825aaed0f0a06317a6d298f72356169958208900e59d19b9b,"О , ми надзвичайно в тому винахідливі !",[],[]
fa7f2ff087ad5d12a13d2f1258bb01228d434a24a9aa240b8fa19fb2dbfd8d7b,"Адже жертва — така сама людина , яка , безумовно , також вдавалася до « необхідного » , а значить — усього лиш дістала по заслузі .",[],"[{""label"": ""PERS"", ""text"": ""жертва"", ""start"": 5, ""end"": 11}, {""label"": ""PERS"", ""text"": ""людина"", ""start"": 24, ""end"": 30}, {""label"": ""MISC"", ""text"": ""необхідного"", ""start"": 72, ""end"": 83}]"
d49745a4749f07d6a5248069705aa8ba8522720a25413b8ad8a5dd0d509527c2,"Так само гарно махнути на все рукою з позиції вічності — мовляв , які то все дрібниці !",[],"[{""label"": ""MISC"", ""text"": ""дрібниці"", ""start"": 77, ""end"": 85}]"
da97d7406a843f228b470336ad7e2951d35649b971330a1392fbd3851f2ee572,"Чиясь зруйнована доля , чиєсь зраджене кохання — що то важить на терезах історії ?",[],[]
dd06c79978d6ee11a9add5fe3b75d96b3108fbcc0f12a4c40eb1b8f84b8ab1c2,"Так , витребеньки !",[],[]
9bb5b0c4ed5408b774fb68c0a87647b47d5bfb5af190f22f8a9cb329551f0a3b,"Одного дня , проте , такий самодіяльний макіавеллі стикається з тим , чим знехтувати неможливо .",[],"[{""label"": ""PERIOD"", ""text"": ""Одного дня"", ""start"": 0, ""end"": 10}, {""label"": ""JOB"", ""text"": ""самодіяльний макіавеллі"", ""start"": 27, ""end"": 50}]"
266e8c9ccac751b001ea449126e9c201481cd3f5560b47dfb45a47e78813ffb8,І ти знаєш — чи не так ? — до чого це призводить .,[],"[{""label"": ""PERS"", ""text"": ""ти"", ""start"": 2, ""end"": 4}]"
109510644bb4c21f8eb3bdf0be4db1175a5311a1f6ce66b3f05a8bacae47a8b4,* * *,[],[]
69cfb7ca5315f550fc3ab6e29b07f349c4edeee70c478a7630da52235da945b5,"Колись Ярка гордовито говорила друзям — працюю , мовляв , британським джентльменом : приходжу до офісу випити кави та перечитати ранкові газети .","[{""label"": ""PERS"", ""text"": ""Ярка""}]","[{""label"": ""PERS"", ""text"": ""Ярка"", ""start"": 7, ""end"": 11}, {""label"": ""JOB"", ""text"": ""британським джентльменом"", ""start"": 58, ""end"": 82}, {""label"": ""LOC"", ""text"": ""офісу"", ""start"": 97, ""end"": 102}, {""label"": ""ART"", ""text"": ""ранкові газети"", ""start"": 129, ""end"": 143}]"
6a71f4d01159e74337f0e2f1a60e9c8af053440e1b0975121dad93fd0062d35b,"З часом гордість її дещо поблякла , газети читали підлеглі , а від офісної кави млоїло од самого ранку .",[],"[{""label"": ""PERS"", ""text"": ""гордість"", ""start"": 8, ""end"": 16}, {""label"": ""ART"", ""text"": ""газети"", ""start"": 36, ""end"": 42}, {""label"": ""PERIOD"", ""text"": ""од самого ранку"", ""start"": 87, ""end"": 102}]"
7c369758ff03281637469f4db574be1bbebc2363a78e02d105d91ec38c34c38f,"Втім , новини вона і далі переглядала — мусила залишатися в темі , щоправда , відчуття « руки на пульсі » давно вже захвату не викликало : надто часто хотілося відсмикнути пальці з того нездорового пульсу , а чи й скрутити з них непристойну комбінацію . Сьогодні новини також не надихали : Лада Ер оголосила про скасування запланованого туру мільйонниками .","[{""label"": ""DATE"", ""text"": ""Сьогодні""}, {""label"": ""PERS"", ""text"": ""Лада Ер""}]","[{""label"": ""MISC"", ""text"": ""новини"", ""start"": 7, ""end"": 13}, {""label"": ""PERS"", ""text"": ""вона"", ""start"": 14, ""end"": 18}, {""label"": ""MISC"", ""text"": ""новини"", ""start"": 263, ""end"": 269}, {""label"": ""ORG"", ""text"": ""Лада Ер"", ""start"": 290, ""end"": 297}, {""label"": ""MON"", ""text"": ""мільйонниками"", ""start"": 342, ""end"": 355}]"
a5f3681eac923cefbe2f53c7d0394dbc69126fb1e14dbe2bb42e55066b82d33c,"Співачка слухняно відбула всі зазначені у контракті заходи , тож відміна гастролей безпосередньо « Делекти » не стосувалася .","[{""label"": ""ORG"", ""text"": ""Делекти""}]","[{""label"": ""PERS"", ""text"": ""Співачка"", ""start"": 0, ""end"": 8}, {""label"": ""ORG"", ""text"": ""Делекти"", ""start"": 99, ""end"": 106}]"
aeeb1eb7ddd309442e63edb41a4484796febf6d79ea4125cff328c7d282f9bab,"Однак що ж у такому разі могло спричинити це , невигідне для самої Лади рішення ? Настя кинула коментар , що в патронеси просто здали нерви ; Настя її розуміла — так натерпітися через дитину !","[{""label"": ""PERS"", ""text"": ""Лади""}, {""label"": ""PERS"", ""text"": ""Настя""}, {""label"": ""PERS"", ""text"": ""Настя""}]","[{""label"": ""PERS"", ""text"": ""Лади"", ""start"": 67, ""end"": 71}, {""label"": ""PERS"", ""text"": ""Настя"", ""start"": 82, ""end"": 87}, {""label"": ""ORG"", ""text"": ""патронеси"", ""start"": 111, ""end"": 120}, {""label"": ""PERS"", ""text"": ""Настя"", ""start"": 142, ""end"": 147}]"
c98249bb007b605e59b63ddca06f8c7e1a57f9c93bc5d2c26b5196f7ce5cc0f6,Проте Ярка думала інакше .,"[{""label"": ""PERS"", ""text"": ""Ярка""}]","[{""label"": ""PERS"", ""text"": ""Ярка"", ""start"": 6, ""end"": 10}]"
fa5e823db73cfe0349c773044c924e19aa609d79ee82a74876cacc3f631e91ea,"Вона відчувала щось віддавна знайоме в тому темному погляді , яким дивилася співачка на осоружних своїх партнерів . Ярка добре знала це почуття — звичайнісінький сором , як не сказати — бридливість .","[{""label"": ""PERS"", ""text"": ""Ярка""}]","[{""label"": ""PERS"", ""text"": ""Вона"", ""start"": 0, ""end"": 4}, {""label"": ""PERS"", ""text"": ""співачка"", ""start"": 76, ""end"": 84}, {""label"": ""PERS"", ""text"": ""Ярка"", ""start"": 116, ""end"": 120}, {""label"": ""MISC"", ""text"": ""звичайнісінький сором"", ""start"": 146, ""end"": 167}]"
337d140661ce2d4224fc77436157e95b613a03be9301beb01819f0f0e105e733,"І то не до партнерів — до самої себе , зганьбленої безумовно , хоча й невільно . РУСАЛКА",[],"[{""label"": ""PERS"", ""text"": ""РУСАЛКА"", ""start"": 81, ""end"": 88}]"
aab02447eebef4e8ddb3392ac5a232345fe5776432c9eec623aba68934870f7a,Колись давно я була русалкою .,[],[]
e39e7d69d96ef1dbb799532692ec0fe225500133b57bdb3e53d4268f8963d021,"З довгим зеленим волоссям , прохолодно-слизьким тілом і гарним хвостом із дзеркальних лусочок .",[],"[{""label"": ""ART"", ""text"": ""прохолодно-слизьким тілом"", ""start"": 28, ""end"": 53}, {""label"": ""ART"", ""text"": ""гарним хвостом із дзеркальних лусочок"", ""start"": 56, ""end"": 93}]"
f3f8fb9a3cb5f288c58d4ed11641d749a068076725512ceb8d679b54bc45a9aa,"Я мала тонкої роботи срібну арфу й завжди перед світанком ніжно перебирала струни , виткані золотими шовкопрядами , і співала .",[],"[{""label"": ""PERS"", ""text"": ""Я"", ""start"": 0, ""end"": 1}, {""label"": ""ART"", ""text"": ""срібну арфу"", ""start"": 21, ""end"": 32}, {""label"": ""ART"", ""text"": ""струни , виткані золотими шовкопрядами"", ""start"": 75, ""end"": 113}]"
8441ba42762cbf57398a7999aec972250e62b01daddc1d7b6bb2a8a715eed143,Так я вітала новий день .,[],"[{""label"": ""PERS"", ""text"": ""я"", ""start"": 4, ""end"": 5}]"
c3e2e270a29558713260e1bc196f5c093f8ecd87da2bf13f8029114d5d5d31ff,"Сидячи на неопалимій купині , розчісувала своє волосся , полоскала його в прозорій воді , прикрашала ліліями .",[],"[{""label"": ""LOC"", ""text"": ""неопалимій купині"", ""start"": 10, ""end"": 27}, {""label"": ""ART"", ""text"": ""ліліями"", ""start"": 101, ""end"": 108}]"
8288767e7ac710d26595559bd93ad74c3c571854f0a248f1882002023b8aa4bd,"Коли спадав густий надвечірній туман , понад річкою линув тихий плескіт .",[],"[{""label"": ""LOC"", ""text"": ""річкою"", ""start"": 45, ""end"": 51}, {""label"": ""ART"", ""text"": ""тихий плескіт"", ""start"": 58, ""end"": 71}]"
28ffb5813b5a81bf51298c2a11cba914a8e8b6c5531f10988b34ea85127152dd,То я пірнала на саме дно .,[],"[{""label"": ""PERS"", ""text"": ""я"", ""start"": 3, ""end"": 4}, {""label"": ""LOC"", ""text"": ""саме дно"", ""start"": 16, ""end"": 24}]"
d1a7b26c5f48d04cddbc762e662e3911c7ab68cc4ff4c94fb4782fdbe4ae3218,"Там , унизу , я спала в безпечному спокої-мушлі аж до ранку .",[],"[{""label"": ""LOC"", ""text"": ""Там"", ""start"": 0, ""end"": 3}, {""label"": ""PERS"", ""text"": ""унизу"", ""start"": 6, ""end"": 11}, {""label"": ""LOC"", ""text"": ""безпечному спокої-мушлі"", ""start"": 24, ""end"": 47}, {""label"": ""PERIOD"", ""text"": ""аж до ранку"", ""start"": 48, ""end"": 59}]"
d2a6bf77fe9307ff5a2c4231c83a1431badbdf5ca110604a67a91f7faf32174c,Так було давно .,[],[]
2ad56a3733662b98f910ac11ccd1c1babd2a2da1917408255a5c89d36aca9ad9,"Тепер я боюся нічної води : пам’ятаю , як самотньо мені було там , у темних глибинах .",[],"[{""label"": ""PERS"", ""text"": ""я"", ""start"": 6, ""end"": 7}, {""label"": ""PERS"", ""text"": ""мені"", ""start"": 51, ""end"": 55}, {""label"": ""LOC"", ""text"": ""темних глибинах"", ""start"": 69, ""end"": 84}]"
8f2441e69a90833269d31cfc903e258946947641da79ba549bc44d83eeb83416,СОНЯЧНЕ ЦАРСТВО,[],"[{""label"": ""LOC"", ""text"": ""СОНЯЧНЕ ЦАРСТВО"", ""start"": 0, ""end"": 15}]"
0e8fe5acde154621f6b1cb623a1bbafe178c8129a72ac8650a4a7c547ef01f50,"Десь далеко-далеко , за синіми пагорбами та фіолетовими ріками , за густими лісами , за блакитними луками є Сонячне Царство .",[],"[{""label"": ""LOC"", ""text"": ""за синіми пагорбами та фіолетовими ріками"", ""start"": 21, ""end"": 62}, {""label"": ""LOC"", ""text"": ""за блакитними луками"", ""start"": 85, ""end"": 105}, {""label"": ""ORG"", ""text"": ""Сонячне Царство"", ""start"": 108, ""end"": 123}]"
bc2be90d758172c2050779ae04aa42852c835ebf54123a368ff7d2130eb66a77,"Там барвисті метелики танцюють на білих хмаринках , а грайливі сонячні зайчики сповіщають усіх жителів про початок нового дня .",[],"[{""label"": ""LOC"", ""text"": ""Там"", ""start"": 0, ""end"": 3}, {""label"": ""ART"", ""text"": ""білих хмаринках"", ""start"": 34, ""end"": 49}, {""label"": ""MISC"", ""text"": ""грайливі сонячні зайчики"", ""start"": 54, ""end"": 78}, {""label"": ""PERIOD"", ""text"": ""початок нового дня"", ""start"": 107, ""end"": 125}]"
dd40686a65849de3d2af2e8df716bfbdf6f4b8f53b3044db2a975ce73dc6c374,"Там золоті зорі квітнуть чудернацькими суцвіттями в небі , а маленькі феї розсипають уночі добрі сни .",[],"[{""label"": ""LOC"", ""text"": ""Там"", ""start"": 0, ""end"": 3}, {""label"": ""ART"", ""text"": ""золоті зорі"", ""start"": 4, ""end"": 15}]"
0d479edcf6e4549afeeae3f2fde10cfc6fd44d81fce242af97a318c232c166e2,Там живуть крихітні янголики .,[],"[{""label"": ""LOC"", ""text"": ""Там"", ""start"": 0, ""end"": 3}]"
de62f89ba86b236d012a224a7a567fdf9500410d2de2333ef481526b9aebed90,"Удень вони купаються у ранковій росі , катаються верхи на білосніжних єдинорогах , бавляться кольоровими скельцями .",[],"[{""label"": ""PERIOD"", ""text"": ""Удень"", ""start"": 0, ""end"": 5}, {""label"": ""MISC"", ""text"": ""білосніжних єдинорогах"", ""start"": 58, ""end"": 80}, {""label"": ""MISC"", ""text"": ""кольоровими скельцями"", ""start"": 93, ""end"": 114}]"
4874df5cb1f09c34bbe060c836c349400259ac3d5a84a7eb99b74c2aba07920c,"А як надходить вечір , дзвонять у маленькі срібні дзвоники .",[],"[{""label"": ""PERIOD"", ""text"": ""вечір"", ""start"": 15, ""end"": 20}, {""label"": ""ART"", ""text"": ""маленькі срібні дзвоники"", ""start"": 34, ""end"": 58}]"
fbc03b5a1279c435070d44d458d76d47955d34bebb42cc71de51f793e203e962,"І тоді з-за цукрово-молочних хмар прилітають до них дивовижні білі птахи , садовлять їх собі на крила й несуть на землю , до батьків .",[],"[{""label"": ""MISC"", ""text"": ""дивовижні білі птахи"", ""start"": 52, ""end"": 72}, {""label"": ""LOC"", ""text"": ""землю"", ""start"": 114, ""end"": 119}]"
dd3fbdd7410960482d8d939e30572e34d4c548802be8f8d2a7b22ef729aac6e3,ДОРОГА ДОДОМУ,[],"[{""label"": ""PERS"", ""text"": ""ДОРОГА ДОДОМУ"", ""start"": 0, ""end"": 13}]"
2008e56ea5957126181de6f8882ea200cd3764416ce6d30c988b3578da8b4b51,Теплими сонячними промінчиками крізь смарагдово-багряне листя високих дерев .,[],"[{""label"": ""ART"", ""text"": ""Теплими сонячними промінчиками"", ""start"": 0, ""end"": 30}]"
7b1e4ed1d132a0d8dcde1fd9c6641ef73a7b2d4d5f1480b6842a3acc3f896f44,Блакитними латочками м’якого неба .,[],"[{""label"": ""LOC"", ""text"": ""м’якого неба"", ""start"": 21, ""end"": 33}]"
9eef2a81200b31861faac63b1910529e0bdca9df21bbc228d06c1dd8076d43be,"Тонкими , невловимими , срібними ниточками-павутинками .",[],"[{""label"": ""ART"", ""text"": ""Тонкими , невловимими , срібними ниточками-павутинками"", ""start"": 0, ""end"": 54}]"
25aadc800c7f13cf2f873aeac9d4614e9a82a9ae0ef31fef0318f6b2723a5570,"Рясно насіяними хатками , кольорово-веселковими , майже іграшковими .",[],"[{""label"": ""ART"", ""text"": ""Рясно насіяними хатками"", ""start"": 0, ""end"": 23}, {""label"": ""ART"", ""text"": ""кольорово-веселковими , майже іграшковими"", ""start"": 26, ""end"": 67}]"
16cf6c0c59ddc3d43b190dbc2770ed47568e6f14d6fbd63b26d0a90bd7fcc956,"Усміхненими бабусями на лавчинах , коло воріт .",[],[]
3609e82eb569d8c8416a7903f003a064f50a2460f61a4be2a7fb9bdc008b646c,"Жовтогарячими соняшниками , тендітними мальвами , садками , рясними кущами барвистих півоній , квітучими айстрами .",[],"[{""label"": ""MISC"", ""text"": ""Жовтогарячими соняшниками"", ""start"": 0, ""end"": 25}, {""label"": ""MISC"", ""text"": ""тендітними мальвами"", ""start"": 28, ""end"": 47}, {""label"": ""MISC"", ""text"": ""садками"", ""start"": 50, ""end"": 57}, {""label"": ""MISC"", ""text"": ""рясними кущами барвистих півоній"", ""start"": 60, ""end"": 92}, {""label"": ""MISC"", ""text"": ""квітучими айстрами"", ""start"": 95, ""end"": 113}]"
8b0f1f70b6e3316a0606048881d695f1d1d321e20bfe43b69f7a1af871e346e2,"Безкрайніми луками , ще зеленими .",[],"[{""label"": ""MISC"", ""text"": ""Безкрайніми луками"", ""start"": 0, ""end"": 18}]"
a3026d48b79dd904e84b081956c945ffd409a78dc4947c80c859d4991216431d,"Табунами коней , що відчайдушно мчать із вітром наввипередки .",[],"[{""label"": ""MISC"", ""text"": ""Табунами"", ""start"": 0, ""end"": 8}]"
52fb9e27706a213481d360d244df715953e00b89f938d42e9919b9696af725d0,Золотими куполами білосніжних храмів .,[],[]
0ed7ece851e298b958e8d0e2908a0fa6ba63dd812ebcac5ee2e6b8cc9b348d4a,"Тонким , протяжним звуком дзвону , що тане й зникає .",[],[]
ff8a34aa72d1631f11899e6928340106b9d3ddbc55a947190ac0766629f24128,"Відчиненими хвірточками , вбраними клумбами .",[],"[{""label"": ""ART"", ""text"": ""Відчиненими хвірточками"", ""start"": 0, ""end"": 23}, {""label"": ""ART"", ""text"": ""вбраними клумбами"", ""start"": 26, ""end"": 43}]"
d4ce2046e6c0a845d55a10a4606ad4c012e9d50ba3dfdd589e8fbd878d60c3bd,Кудлатим собакою .,[],[]
287fb1da4f250fa0e80037abafe5b023e9f9853072abe7dd84637678eacda4e7,Дрібними курочками на подвір’ях .,[],"[{""label"": ""ART"", ""text"": ""Дрібними курочками"", ""start"": 0, ""end"": 18}, {""label"": ""LOC"", ""text"": ""подвір’ях"", ""start"": 22, ""end"": 31}]"
ebc795941b4a539d9086ae78777dc0039f79bafc750dfa8b6a694dc5150f3143,Веселим сміхом дітлахів .,[],[]
895ca0e117973899ff0d83c1532859910401b88caa1d683b3d4ab8ce7de1ad6b,"Стогоном дерев’яного воза , скрипом колеса о кам’яний ґрунт .",[],"[{""label"": ""ART"", ""text"": ""Стогоном дерев’яного воза"", ""start"": 0, ""end"": 25}, {""label"": ""LOC"", ""text"": ""кам’яний ґрунт"", ""start"": 45, ""end"": 59}]"
b5fc729c2343c21352ced8322e6a71c6d7bfe772ec71e2f74cc2fe836cae76e9,Духмяним запахом свіжовипеченого хліба .,[],"[{""label"": ""ART"", ""text"": ""свіжовипеченого хліба"", ""start"": 17, ""end"": 38}]"
db2eda2544bf0081d5555547d431b3cf8227c83c11f7143c402e1986c592f5e4,Важким ароматом диму й осіннього листя в повітрі .,[],[]
5777b3c0d856d4ee46ba038963c7491998e5d113d7cfbeb32d876ace1498d244,Дорога додому .,[],"[{""label"": ""LOC"", ""text"": ""Дорога додому"", ""start"": 0, ""end"": 13}]"
9dfef0bb6ddb99b901cbe8bc2c60e9ff3ca42d61ba1a360c1e92d7e5af2d8871,Бабине літо .,[],[]
d4b12606696d9a81a6146a91cd008bd9c4ff85513ff030e539e0100689d8b8cb,ТУМАН,[],"[{""label"": ""MISC"", ""text"": ""ТУМАН"", ""start"": 0, ""end"": 5}]"
711b3b9affa2b9f8d6282a49c279cc3d8dc31740c11d3018a91fb1b1561ddcb6,Невідоме тепле дихання поволі наповнило собою прохолодний простір .,[],"[{""label"": ""ART"", ""text"": ""Невідоме тепле дихання"", ""start"": 0, ""end"": 22}, {""label"": ""LOC"", ""text"": ""прохолодний простір"", ""start"": 46, ""end"": 65}]"
ab71ae26808f09b0245d3184af9598c51500102e222496a0396de3642e8ea59a,Вдих-видих ...,[],"[{""label"": ""MISC"", ""text"": ""Вдих-видих ..."", ""start"": 0, ""end"": 14}]"
23d07d42a0319a30d5b0f2139d1545c2eceb25ca48c365d9f3737e91c91c2eb9,"Захукало всіх чимсь непроглядним та густим , м’яким та білим , загадковим .",[],[]
fb38513ca77979f94fb496b9ba377a805f41c38b99a455a19fa04c46eb8132bd,"Заповнило вулиці , заплутало людей .",[],"[{""label"": ""LOC"", ""text"": ""вулиці"", ""start"": 10, ""end"": 16}, {""label"": ""PERS"", ""text"": ""людей"", ""start"": 29, ""end"": 34}]"
9152731cc8d2f4aefecd7fc3a749d596154fb9c42ffa6cd5d51661652c4117ab,"Сховало в міріадах крихітних краплинок і сонце , і місяць .",[],"[{""label"": ""MISC"", ""text"": ""сонце"", ""start"": 41, ""end"": 46}, {""label"": ""MISC"", ""text"": ""місяць"", ""start"": 51, ""end"": 57}]"
dc7d0f1fccb6dafff47306931063dcbc7295f48c642e14f57615482051212103,Зник горизонт .,[],"[{""label"": ""ORG"", ""text"": ""Зник горизонт ."", ""start"": 0, ""end"": 15}]"
6e0d4573ea2f361fa1b225ce9959c48873e182b5b43900c08816df951df4af0e,Об’єдналися в одне ціле тверді – земна й небесна .,[],[]
3350b4c94f50495b341ab19983d7059a0830a9512c3e10e8a1f785e55860d942,Хмари зійшли з небес і поглинули місто .,[],"[{""label"": ""ART"", ""text"": ""Хмари"", ""start"": 0, ""end"": 5}, {""label"": ""LOC"", ""text"": ""місто"", ""start"": 33, ""end"": 38}]"
8992c8284b3da006bf355521ef3229d5c68e39356d2107df1d19a06bbd5766bd,"Зникли будинки , розчинилися в молочному серпанку дерева .",[],"[{""label"": ""ART"", ""text"": ""Зникли будинки"", ""start"": 0, ""end"": 14}]"
3afaba47d3f93c5c1b85ffb18366985481fd359f8d5fd9d87a6a0f61fcb01bcd,Лише вуличні ліхтарі горять .,[],"[{""label"": ""ART"", ""text"": ""вуличні ліхтарі"", ""start"": 5, ""end"": 20}]"
cbf07ad2db8a627560d2be9ae20e27db3ddf2f53406743ef3b0d09949109afb6,Розмитими жовтогарячими сонцями своїми в незвідану глибину манять .,[],"[{""label"": ""ART"", ""text"": ""Розмитими жовтогарячими сонцями"", ""start"": 0, ""end"": 31}]"
93ce8e2e15a7a22a4b7b00ad88ef88180a33435daade6e0bb4e3acd6276bcd44,Тихо довкола .,[],[]
0e8fb0b4f2fa0b33a6742ef5e925b9d5cb865fa6a4a7d635691941542b4625b3,Густе повітря ночі вимикає звуки .,[],[]
df9b3c6f726527c471aaa6c4fdea92bbb37fc808420cce107bb1fb9d950134e9,Лише самотня краплина скотиться додолу з вологої гілки .,[],"[{""label"": ""ART"", ""text"": ""самотня краплина"", ""start"": 5, ""end"": 21}, {""label"": ""LOC"", ""text"": ""вологої гілки"", ""start"": 41, ""end"": 54}]"
3a03818aa5c6c52ed33869125164f30f8138a1f6938f04071895dcb7e65fcd0a,"Ніби сльоза , впаде й важко розіб’ється о бруківку .",[],"[{""label"": ""ART"", ""text"": ""сльоза"", ""start"": 5, ""end"": 11}, {""label"": ""ART"", ""text"": ""бруківку"", ""start"": 42, ""end"": 50}]"
ab71ae26808f09b0245d3184af9598c51500102e222496a0396de3642e8ea59a,Вдих-видих ...,[],"[{""label"": ""MISC"", ""text"": ""Вдих-видих ..."", ""start"": 0, ""end"": 14}]"
bc7cdbd79c2d0e26232a3dd328e6d105efc9febf34793d1645ecfec4391cff7a,Туман .,[],"[{""label"": ""PERS"", ""text"": ""Туман"", ""start"": 0, ""end"": 5}]"
fda98988be2c1ca47ef8fa135a10b1cfd7197b88b0475c1eb06d4a3e15746975,ЗЕЛЕНИЙ АВТОБУС,[],"[{""label"": ""MISC"", ""text"": ""ЗЕЛЕНИЙ АВТОБУС"", ""start"": 0, ""end"": 15}]"
29a8ecf7ff076c2acdc8700c61fab7e5d5a4d7fc7a0ffc423226b8921e77d2c9,"Коли я була маленька , то їздила в майбутнє на зеленому автобусі .",[],"[{""label"": ""PERS"", ""text"": ""я"", ""start"": 5, ""end"": 6}, {""label"": ""ART"", ""text"": ""зеленому автобусі"", ""start"": 47, ""end"": 64}]"
60fea3db508a4ad2cfa52049f17eae03c707e64f196144f4370bf9e36ea2d049,"Я чекала його рівно опівдні вчорашнього дня , на перехресті трьох сусідніх вулиць .","[{""label"": ""DATE"", ""text"": ""вчорашнього дня""}]","[{""label"": ""PERS"", ""text"": ""Я"", ""start"": 0, ""end"": 1}, {""label"": ""TIME"", ""text"": ""рівно опівдні вчорашнього дня"", ""start"": 14, ""end"": 43}, {""label"": ""LOC"", ""text"": ""перехресті трьох сусідніх вулиць"", ""start"": 49, ""end"": 81}]"
9977bfdeef6742be3ca238507daca44b1fc64bcce0f65d3ef39ccefef5c554b1,"І з’являвся він завжди несподівано – то виїжджав із бузинових кущів , то випірнав із глибоченної дощової калюжі .",[],"[{""label"": ""PERS"", ""text"": ""він"", ""start"": 12, ""end"": 15}, {""label"": ""MISC"", ""text"": ""бузинових кущів"", ""start"": 52, ""end"": 67}, {""label"": ""LOC"", ""text"": ""глибоченної дощової калюжі"", ""start"": 85, ""end"": 111}]"
2c9f6552e9c5dba2e9765e5b17c6ed646b811653e7ab7d9147c7482420ada965,"Щоразу блимав мені сонячною фарою та ввічливо відчиняв свої двері , впускаючи до квіткового салону , де смачно пахло медом і бабусиною гарбузовою кашею .",[],"[{""label"": ""ART"", ""text"": ""сонячною фарою"", ""start"": 19, ""end"": 33}, {""label"": ""LOC"", ""text"": ""квіткового салону"", ""start"": 81, ""end"": 98}, {""label"": ""MISC"", ""text"": ""медом"", ""start"": 117, ""end"": 122}, {""label"": ""ART"", ""text"": ""бабусиною гарбузовою кашею"", ""start"": 125, ""end"": 151}]"
01b73895194853067b4de62262e744beab1f7900663266ed8b0fe7081b72b94a,Разом ми їхали вперед – до незвіданого – аж вітер свистів у вухах !,[],[]
5af2518d09b331524c27a42bc4ef878e2e7f74819bce5a6641f10915c49688b7,"І поверталися лише завтра , з першими сутінками ранку .",[],"[{""label"": ""DATE"", ""text"": ""завтра"", ""start"": 19, ""end"": 25}, {""label"": ""PERIOD"", ""text"": ""першими сутінками ранку"", ""start"": 30, ""end"": 53}]"
f016f0c17b1ac818adaa4bbcd918421beb99ab203e0e8f4ca38dcf79517c9286,"Зараз , коли мені сумно , іду до знайомого перехрестя й чекаю .",[],"[{""label"": ""PERS"", ""text"": ""мені"", ""start"": 13, ""end"": 17}, {""label"": ""LOC"", ""text"": ""знайомого перехрестя"", ""start"": 33, ""end"": 53}]"
1c85de5eb76eac6413072fb092af42cdd081d42a42a5ae5bbc4728e025307fef,Але зелений автобус чомусь давно не приїздить .,[],"[{""label"": ""ART"", ""text"": ""зелений автобус"", ""start"": 4, ""end"": 19}]"
0bf76facd28520b09f7bc87585a1838965ffae05af942e56e25b46d73addefbd,ПОТУГИ,[],[]
07e4134c3d18fa4220271c44b4376fc49bb3ae96fb48f48c236317420b001e02,"Мабуть , ще не час .",[],[]
a6b0a9af73d0a40e6e6e40827c4eeb39912a0bdb456915b7705ca6eb72289b5c,"Бо коли час , тоді все легко .",[],"[{""label"": ""PERIOD"", ""text"": ""час"", ""start"": 8, ""end"": 11}]"
ca1d9abaffe62ec619fc8b6c3934fa7edee867292d1da943fd46d54c4bbc56f3,"Тоді не треба важко дихати , хапати ротом повітря .",[],[]
2153535769f533acd940a97d6e346c830331601ea07f64340a344d6ea6d38695,"Не потрібно пітніти , міцно стискаючи пальці в кулак .",[],[]
f7ef81b1e85c50f0a6b0aca6eb32458c3759c3bfe346e176e9ae81c48a5eb7a2,До хрускоту в кісточках .,[],[]
63d62fe7a4145f01875934cae2edb2c1919be79fd68907e2e13db4a93ebb4288,Немає необхідності важко дихати і водночас задихатися .,[],[]
2b7e38be441be95b8939108a24bb42ed943563a9dcfcd1475f187edea2b6b01f,Від нестачі повітря .,[],[]
f06cdee5e2776238d953b4aeb34f9eaf9307226fae49ef10ab69ec22eb768ac7,Не треба битися в конвульсіях і вигинатися всім тілом .,[],[]
d617fe0e9b6232d5192d07745b413c0f979034b2cd39444151b34895057941a0,У болях .,[],"[{""label"": ""LOC"", ""text"": ""У болях ."", ""start"": 0, ""end"": 9}]"
d99baf1848523b64cd335ff293c01e8cf1b13752b66588179600b3f5884473ff,У муках .,[],"[{""label"": ""LOC"", ""text"": ""У муках"", ""start"": 0, ""end"": 7}]"
62dd0e390bcf70e00fe81de224c53e3a5a6aa83436b7e325bd8c0cd381ae2b52,Немає чого зціплювати зуби й стримувати крик у горлі .,[],[]
3ed713c9b5c022e40e3d26e87d66298fb63208f29b959f1add52e500424eda48,Вона так хотіла вистраждати й дати життя .,[],"[{""label"": ""PERS"", ""text"": ""Вона"", ""start"": 0, ""end"": 4}]"
7a2b44e04e810d0a7879fc28f831819d7ec517f5eaa59ef9fa95f13ea9e4a9b8,І не могла .,[],[]
fbcc87a38ef01c1861c9cc20fb53f12a115d374b972ebadf0fcd536e8b7d231b,Чистий аркуш паперу лежить на столі .,[],"[{""label"": ""ART"", ""text"": ""Чистий аркуш паперу"", ""start"": 0, ""end"": 19}]"
5195f5e3685ac602a9085c8aad2a8a8924315abc7d0858efe0ab3327a868bed7,Рояться думки .,[],[]
e8e6efb2703314fc6558d415f880075867d59604ad6c6a33be4ab8998e072f58,І жодного слова .,[],[]
12f93b3a830dd0a7bb271cc5c72684c3d385950ead8f794f248f47e2ddd93cec,"У потугах легко народжувати , а от творити ...",[],[]
b9f2727259f20e916fb3926cfe8a97a9f4c375529d700ce54bd59b1d6baecb91,Важко ?,[],[]
94039a7fe270b4c296e8217102193c38547cef00530788e53e8ede494088140e,Колись вона напише свій шедевр .,[],"[{""label"": ""PERS"", ""text"": ""вона"", ""start"": 7, ""end"": 11}, {""label"": ""ART"", ""text"": ""шедевр"", ""start"": 24, ""end"": 30}]"
0c891295e0a0b00983edb0fd26ce715b530ed18c006a4bad1d2ef22479dc1a79,"Мабуть , іще не час .",[],[]
34dfe34912743be5578b6d8d67f76c45c24126a9719819fb1d485659453fd641,НЕБЕСНІ БАРАНЦІ,[],"[{""label"": ""ORG"", ""text"": ""НЕБЕСНІ БАРАНЦІ"", ""start"": 0, ""end"": 15}]"
b12b04af015969fd01296f2f49cd61c900c03251fa9f45ce2c956a741b9d8306,"Коли усміхаються небеса , відбуваються всілякі дива !",[],"[{""label"": ""LOC"", ""text"": ""небеса"", ""start"": 17, ""end"": 23}, {""label"": ""MISC"", ""text"": ""всілякі дива"", ""start"": 39, ""end"": 51}]"
ece9c37403ea643defcab0fd000310b76f571d659d2cd709cabf97779553e3cd,Пухкі ефемерні хмаринки оживають і бавляться між собою !,[],"[{""label"": ""MISC"", ""text"": ""Пухкі ефемерні хмаринки"", ""start"": 0, ""end"": 23}]"
3249e249977178a30a6580554d55153d88a387feaeb55c00e2c7c89730005fb7,"Саме там , посеред сонячного серпанку й прозорості безкрайнього неба .",[],"[{""label"": ""LOC"", ""text"": ""посеред сонячного серпанку й прозорості безкрайнього неба"", ""start"": 11, ""end"": 68}]"
b0bced99887cded2d678dbd662c5057d23039ac8999ff1d6c206a263617590e7,За ними так цікаво спостерігати .,[],[]
d7b82f15e761c4e069ce41c62cb69b9a09f22a31d5abc1f3fe1747385f998088,"Стояти , закинувши голову догори , жмурити очі й усміхатися .",[],[]
54d84a9b6ec662685e8cabae3f10e3b3b5231e41cbe62c639447dce253101218,Вітерець легенько згонить докупи кілька пустотливих м’якеньких хмаринок : ще мить – і посеред блакиті з’явилася дивовижна квітка !,[],"[{""label"": ""PERS"", ""text"": ""Вітерець"", ""start"": 0, ""end"": 8}, {""label"": ""PERIOD"", ""text"": ""ще мить"", ""start"": 74, ""end"": 81}, {""label"": ""ART"", ""text"": ""дивовижна квітка"", ""start"": 112, ""end"": 128}]"
b4e5ed5bcd48e7d986574050c4cccf2821ea743a00760318b9ef3fb51b638652,"Вона росте , розпускає сніжно-білі пелюсточки ...",[],"[{""label"": ""PERS"", ""text"": ""Вона"", ""start"": 0, ""end"": 4}, {""label"": ""ART"", ""text"": ""сніжно-білі пелюсточки"", ""start"": 23, ""end"": 45}]"
a5e83fbc797a216cfe82f8ae00a8c13083dc69aadffb0802a5a305b2f0d06395,"Вітерець дмухнув – і ось уже пелюсточки розлетілися , закружляли у веселому танку !",[],"[{""label"": ""PERS"", ""text"": ""Вітерець"", ""start"": 0, ""end"": 8}, {""label"": ""ART"", ""text"": ""пелюсточки"", ""start"": 29, ""end"": 39}]"
35ee01711a9a9ce09a00eaacbcf536277b9d6327df33bf3e4753760c401dedb7,"Дивись , – і посеред самого неба з’явилися маленькі баранці .",[],"[{""label"": ""LOC"", ""text"": ""посеред самого неба"", ""start"": 13, ""end"": 32}, {""label"": ""ART"", ""text"": ""маленькі баранці"", ""start"": 43, ""end"": 59}]"
797cc70c8d86acd39d7857209bc9c87c14b6e9b0981169f55e2b0456be2a1fe2,Небесні .,[],"[{""label"": ""ORG"", ""text"": ""Небесні ."", ""start"": 0, ""end"": 9}]"
52bf7471f85f876b0920d37c0cba8a80760fdca94959b34ef00fcc6603f54bc5,"Вони кумедно буцаються між собою , граються й тишком спостерігають за всіма з височини . МОРФЕЙ Мій сон , ніби п’янкий трунок .","[{""label"": ""PERS"", ""text"": ""МОРФЕЙ""}]","[{""label"": ""LOC"", ""text"": ""височини"", ""start"": 78, ""end"": 86}, {""label"": ""ART"", ""text"": ""МОРФЕЙ"", ""start"": 89, ""end"": 95}]"
2854895922ad6f5fcb4c3b1f8d70ee82b585bcc6048179b9acda5ff6f67ac316,Я поволі заплющую очі й солодко впиваюся ним до нестями .,[],"[{""label"": ""PERS"", ""text"": ""Я"", ""start"": 0, ""end"": 1}]"
2af5f3d9e8890f74dea570bd55e655f8eb5c51deaebc81c594684ce5f35f7926,"Він , ніби нектар богів , наповнює відчуттям легкості , прозорої невагомості й спокою .",[],"[{""label"": ""ART"", ""text"": ""нектар богів"", ""start"": 11, ""end"": 23}]"
793e1ce08a9254492831c10e2aa7ea677625b63bcff78f211846e6b14df2432d,Нестримною насолодою .,[],[]
5b61b57bf1809745aa5c0337814102234f676e7830707f000a6601f460437767,"Лежу нерухомо , оповита хмарами срібного космічного пилу , і чекаю .",[],[]
547300c01b1676761dd893703eee90b0d1771139d4b8d7c9b987e8ef0f5dc64f,Нічні метелики безшумно піднімають мене на свої м’які крила й несуть у незвідану темінь неба .,[],"[{""label"": ""MISC"", ""text"": ""Нічні метелики"", ""start"": 0, ""end"": 14}, {""label"": ""PERS"", ""text"": ""мене"", ""start"": 35, ""end"": 39}, {""label"": ""LOC"", ""text"": ""незвідану темінь неба"", ""start"": 71, ""end"": 92}]"
6bf4a511c312ba9ecce8b113c176249d5deb30bafd5b9317868734bb08cdbc18,Я – безтілесна .,[],"[{""label"": ""PERS"", ""text"": ""Я"", ""start"": 0, ""end"": 1}, {""label"": ""PERS"", ""text"": ""безтілесна"", ""start"": 4, ""end"": 14}]"
0508c249c473d291e19479c28bc4ccc863e799e2acee6d18cfd0f30b99b76be2,"Поміж зоряних ліхтарів стрімко лечу , босими ногами звивистим Чумацьким Шляхом ступаю .","[{""label"": ""MISC"", ""text"": ""Чумацьким Шляхом""}]","[{""label"": ""MISC"", ""text"": ""Поміж зоряних ліхтарів"", ""start"": 0, ""end"": 22}, {""label"": ""LOC"", ""text"": ""Чумацьким Шляхом"", ""start"": 62, ""end"": 78}]"
5b667e748591e3f8b3f837c3ce13ff56b3f16716ae04c51cd46d18a1d89d6bb6,"Місячною доріжкою серпанковою мандрую далеко , в сонне царство Морфея .","[{""label"": ""PERS"", ""text"": ""Морфея""}]","[{""label"": ""LOC"", ""text"": ""сонне царство Морфея"", ""start"": 49, ""end"": 69}]"
5b8e69b950804a8abfacf134649429c4c3a066ba576859312094f0f85bb8aff9,Небесними ріками молочними пропливаю .,[],"[{""label"": ""LOC"", ""text"": ""Небесними ріками молочними"", ""start"": 0, ""end"": 26}]"
d011168e4644055b53543b25a266be2e47c9b093c1911e570f3c5a391ae5558a,І добре мені .,[],[]
02ea2cdd3c449019e7ffaf593a346b01a517bc4708f82cddab23ec3c27fe064c,"Оповита пухкими хмарами , солодко сплю .",[],[]
3feaff70838b031522923f2efee70216f717988e6cc2ef2db0bbb8d516aa9c20,"ТОЙ , ХТО ВСМІХАЄТЬСЯ ПТАХАМ",[],[]
2a1f648fe526c1c20f46aba53a2a9fd79d714955a473460feeab7286e8c2712a,Він приблуда .,[],"[{""label"": ""ART"", ""text"": ""приблуда"", ""start"": 4, ""end"": 12}]"
64c7f60af933d237d142000ec0983affe0111863d2745a50e3f016d320d38bbd,Люди його не люблять .,[],"[{""label"": ""PERS"", ""text"": ""Люди"", ""start"": 0, ""end"": 4}]"
b3541bf2faf7783551726087df75cb02468b4b238dd8802e9badce4f96772695,Брудний .,[],"[{""label"": ""LOC"", ""text"": ""Брудний"", ""start"": 0, ""end"": 7}]"
8400254f1c98eb16d7c052c8e665e1b3782397de3b8125e62c9e0a91a547ae62,"Тхне однаково і в мороз , і в спеку .",[],[]
bb4ddaefb6d895938ccdbe03d61e201e02c83ef88866cd2e87bef48f2c104d48,"У нього темне , майже чорне обличчя – чи то від природи , чи то від засмаги , чи то від невмиваності .",[],"[{""label"": ""PERS"", ""text"": ""У нього"", ""start"": 0, ""end"": 7}]"
e83bc1d1794d2b172176621cbb71c4f447edaa774313b1002dca79810b576ab1,На голові – клубок нечесаного волосся .,[],"[{""label"": ""LOC"", ""text"": ""На голові"", ""start"": 0, ""end"": 9}, {""label"": ""ART"", ""text"": ""клубок нечесаного волосся"", ""start"": 12, ""end"": 37}]"
7f90f63efcc08c7a6f539a4f0ff7b616d8359bb71bdfbd12668c93ae446ccb58,"І взагалі , він якийсь не в собі .",[],"[{""label"": ""PERS"", ""text"": ""він"", ""start"": 12, ""end"": 15}]"
110edfb60a01262823a3458e56c0629e403bd1a3709a8df5361c9abb1738d60f,"Смикає себе за сорочку , чухається за вухом .",[],"[{""label"": ""ART"", ""text"": ""сорочку"", ""start"": 15, ""end"": 22}]"
b268490d89fc24daae49249aedefb1b97bb1f7b91a441465872c8779cbfa61da,І всміхається .,[],[]
4caff22d053c19f0e056d9ff5354cd2c15230eec22755510b7b51c431afe3623,"Стоїть , закинувши голову , посеред площі , посеред натовпу .",[],"[{""label"": ""LOC"", ""text"": ""посеред площі"", ""start"": 28, ""end"": 41}]"
fea90153f723500391c6a978b4a6a1cf475aaefcc7d225edfa5723e8a8bad0fc,І пильно вдивляється в небо .,[],"[{""label"": ""LOC"", ""text"": ""небо"", ""start"": 23, ""end"": 27}]"
5daa57c8a3364b6c54a3b6b04bc5e41097af4d6e807c8c7d648fb03d85a84c9b,"Там , високо , серед білих хмар , літають голуби .",[],"[{""label"": ""LOC"", ""text"": ""Там"", ""start"": 0, ""end"": 3}, {""label"": ""LOC"", ""text"": ""високо , серед білих хмар"", ""start"": 6, ""end"": 31}, {""label"": ""MISC"", ""text"": ""голуби"", ""start"": 42, ""end"": 48}]"
b31f025a9c132a5b2ecff8146438c03e8b7cd5eecbd0e02f6f5a8157df74eb6c,Вони вільні у своєму польоті .,[],"[{""label"": ""PERS"", ""text"": ""Вони"", ""start"": 0, ""end"": 4}]"
1eecff90fa349cd236b6a6e9e09e355fefbe8cce3f15d9815206937021739596,Як і він .,[],"[{""label"": ""PERS"", ""text"": ""він"", ""start"": 5, ""end"": 8}]"
f41c26a6bcd28df5cde59cc87c32d49ad624c3c10616d7290ec8cc69797a48cb,Вони літають у небі .,[],[]
f5f4ccaa267b9bf383bd877b62fa90609bc9959d22c8350ad091e3723156d67c,А він літає разом із ними .,[],"[{""label"": ""PERS"", ""text"": ""А він"", ""start"": 0, ""end"": 5}]"
9839b7f05d5564b4039f9a12942af74a80204b4cef94a19c3fddc96e3d996b2a,Тільки вві сні .,[],[]
07b7b028fbbba05b87a931a5de37ac2ec85900426ed84ab13c4119a0b67daae2,Він щасливий .,[],"[{""label"": ""PERS"", ""text"": ""Він щасливий"", ""start"": 0, ""end"": 12}]"
60b0b510882d7f8f358b98ede222d886336d38496e48bfd6f0b897fcec581098,"Той , хто всміхається птахам . Книгарня « Є » та Феміністична майстерня запрошують на лекцію Олени Синчак на тему « Фемінітиви : від символічної влади до справедливої мови » , яка відбудеться 28 жовтня .","[{""label"": ""ORG"", ""text"": ""Є""}, {""label"": ""ORG"", ""text"": ""Феміністична майстерня""}, {""label"": ""PERS"", ""text"": ""Олени Синчак""}, {""label"": ""ART"", ""text"": ""Фемінітиви : від символічної влади до справедливої мови""}, {""label"": ""DATE"", ""text"": ""28 жовтня""}]","[{""label"": ""ORG"", ""text"": ""Книгарня « Є »"", ""start"": 31, ""end"": 45}, {""label"": ""ORG"", ""text"": ""Феміністична майстерня"", ""start"": 49, ""end"": 71}, {""label"": ""PERS"", ""text"": ""Олени Синчак"", ""start"": 93, ""end"": 105}, {""label"": ""MISC"", ""text"": ""Фемінітиви"", ""start"": 116, ""end"": 126}, {""label"": ""DATE"", ""text"": ""28 жовтня"", ""start"": 192, ""end"": 201}]"
978c6d98f1558e84ad892b2e393960c4e5c73baeb7714e777ea87882ab776a7d,Початок — о 18.00 .,"[{""label"": ""TIME"", ""text"": ""18.00""}]","[{""label"": ""TIME"", ""text"": ""18.00"", ""start"": 12, ""end"": 17}]"
aac8c44b0399c3cfc609c20bcd53c2002ddc45c510ef25597e187897ebfa0364,"Як часто ви вагаєтесь щодо того , як правильно назвати жінку за професією чи видом діяльності : лікар чи лікарка , секретар чи секретарка , психолог чи психологиня ?","[{""label"": ""JOB"", ""text"": ""лікар""}, {""label"": ""JOB"", ""text"": ""лікарка""}, {""label"": ""JOB"", ""text"": ""секретар""}, {""label"": ""JOB"", ""text"": ""секретарка""}, {""label"": ""JOB"", ""text"": ""психолог""}, {""label"": ""JOB"", ""text"": ""психологиня""}]","[{""label"": ""PERS"", ""text"": ""жінку"", ""start"": 55, ""end"": 60}, {""label"": ""JOB"", ""text"": ""лікар"", ""start"": 96, ""end"": 101}, {""label"": ""JOB"", ""text"": ""лікарка"", ""start"": 105, ""end"": 112}, {""label"": ""JOB"", ""text"": ""секретар"", ""start"": 115, ""end"": 123}, {""label"": ""JOB"", ""text"": ""секретарка"", ""start"": 127, ""end"": 137}, {""label"": ""JOB"", ""text"": ""психолог"", ""start"": 140, ""end"": 148}, {""label"": ""JOB"", ""text"": ""психологиня"", ""start"": 152, ""end"": 163}]"
7bf0cc865759f8e26de219efbec9539e95d40738832ad70cee0145cf33927764,І про що свідчать такі вагання ?,[],[]
4ad39308dca94d9be3d812866008e3b28df76b894ff3c0093b39978b8fe5704f,"На ці , а також низку інших запитань спробуємо спільно пошукати відповіді в перебігу лекції .",[],[]
668e4569be1e36ca96b6d16c79557347f6d694f07ed0d30589c581a40f9ecd78,"Зокрема , розглянемо такі питання :",[],"[{""label"": ""MISC"", ""text"": ""Зокрема"", ""start"": 0, ""end"": 7}]"
0096aebe524ad245c54703fd8af4bee45ded2354ca863cabb1b6a9f0db58d0b8,1 .,[],[]
a2cd37430636e8234be732d844b43c3bc9a86a64e85f1150a2ca6bb4dae72676,Чому прийняті мовні норми витісняють фемінітиви з офіційного вжитку ?,[],"[{""label"": ""MISC"", ""text"": ""фемінітиви"", ""start"": 37, ""end"": 47}]"
c3856928922419056c12b1741ce1b9ec0887f93cbca3a98834ada342cb05db04,Які граматичні правила порушує така традиція і які соціокультурні наслідки приховані за нею ?,[],[]
36fb8073d722e4731f45b96094eb5defacf9bdc90ff28eba9195f52b53a7e639,2 .,[],[]
cf4f02d122f1a48e065cd730a131ec386b671051995facd32943d5cd3f4349bf,Як фемінітиви пов’язані з розподілом на ринку праці ?,[],"[{""label"": ""MISC"", ""text"": ""фемінітиви"", ""start"": 3, ""end"": 13}, {""label"": ""ORG"", ""text"": ""ринку праці"", ""start"": 40, ""end"": 51}]"
c1dbd968475a2cd3f0bb81a7f8a62752f8abc51964f7771116070a4b85ff94ab,Як вони залучені до розподілу влади і символічного капіталу ?,[],[]
f6cfefbf17c741d51650968de13abda2752b6b8b521cf803240a1ffef2c3bde7,3 .,[],[]
51718226acea12bef66c73dbab155aadafef09edb3486283d9fc2e5e0e558509,Які існують моделі утворення фемінітивів ?,[],"[{""label"": ""MISC"", ""text"": ""фемінітивів"", ""start"": 29, ""end"": 40}]"
07f96c04c1340f541a64840cdc2ecbed348af597448e7369762c33887841fc71,Як ними послуговуватися ?,[],[]
8ff7ca56f3b0f23e0e9b81099e6d3ba67b821eeffd079a5637985372eaa8fd02,4 .,[],[]
0ffcac614069aa06a28fc53fa3c8a3380e83362f1547680171cb67363bd2d27e,Як мовна політика пов’язана зі ставленням до мови в суспільстві ?,[],"[{""label"": ""MISC"", ""text"": ""мовна політика"", ""start"": 3, ""end"": 17}]"
58c045db14bdd85d58860b91067311b68e0b5b3957da84b9154d7ab94ae4c225,І які чинники впливають на перегляд мовних норм ?,[],"[{""label"": ""MISC"", ""text"": ""мовних норм"", ""start"": 36, ""end"": 47}]"
7095dbcf72063581b21f78cb981a15f6b8aead8f53a15051c4d73e01eaa5630e,5 .,[],[]
c5436d6aacf0a068a6a8f6b996e07469323f14971d863b3a228017533c64957c,Які можливі стратегії ґендерного реформування української мови ? ( плюралізм підходів ) .,[],"[{""label"": ""MISC"", ""text"": ""плюралізм підходів"", ""start"": 67, ""end"": 85}]"
ac3ddb39123273619b319db9d28b041b3c03048a2935986ed7ca94249a4e12fb,"Як не передати куті меду , або чи існують межі в стратегії фемінізації ?",[],"[{""label"": ""ART"", ""text"": ""куті меду"", ""start"": 15, ""end"": 24}]"
5d7a7b1c473f675d921588578e678506803404130738d18f347144228ad0811a,Чи може текст із фемінітивами бути мізогінним та сексистським ?,[],"[{""label"": ""ART"", ""text"": ""текст із фемінітивами"", ""start"": 8, ""end"": 29}]"
75249401c0016824d1a9e30eae77a1f21fb00b4a05f9bea7f8fae8d78a879123,"Захід відбувається в рамках проекту « Феміністичний лекторій » , що реалізується громадською ініціативою « Феміністична майстерня » за підтримки Фонду ім . Гайнріха Бьолля в Україні . Олена Синчак – мовознавиця , кандидатка філологічних наук , старша викладачка Українського католицького університету ( де викладає курси « Українська мова за професійним спрямуванням » , « Українська мова : публічний виступ » , « Українська мова : академічне письмо » , « Українська мова як іноземна » ) .","[{""label"": ""ORG"", ""text"": ""Феміністичний лекторій""}, {""label"": ""ORG"", ""text"": ""Феміністична майстерня""}, {""label"": ""ORG"", ""text"": ""Фонду ім . Гайнріха Бьолля в Україні""}, {""label"": ""PERS"", ""text"": ""Олена Синчак""}, {""label"": ""JOB"", ""text"": ""мовознавиця""}, {""label"": ""JOB"", ""text"": ""кандидатка філологічних наук""}, {""label"": ""JOB"", ""text"": ""викладачка""}, {""label"": ""ORG"", ""text"": ""Українського католицького університету""}, {""label"": ""ART"", ""text"": ""Українська мова за професійним спрямуванням""}, {""label"": ""ART"", ""text"": ""Українська мова : публічний виступ""}, {""label"": ""ART"", ""text"": ""Українська мова : академічне письмо""}, {""label"": ""ART"", ""text"": ""Українська мова як іноземна""}]","[{""label"": ""ORG"", ""text"": ""Феміністична майстерня"", ""start"": 107, ""end"": 129}, {""label"": ""ORG"", ""text"": ""Фонду ім . Гайнріха Бьолля"", ""start"": 145, ""end"": 171}, {""label"": ""LOC"", ""text"": ""Україні"", ""start"": 174, ""end"": 181}, {""label"": ""PERS"", ""text"": ""Олена Синчак"", ""start"": 184, ""end"": 196}, {""label"": ""JOB"", ""text"": ""мовознавиця"", ""start"": 199, ""end"": 210}, {""label"": ""JOB"", ""text"": ""кандидатка філологічних наук"", ""start"": 213, ""end"": 241}, {""label"": ""JOB"", ""text"": ""старша викладачка"", ""start"": 244, ""end"": 261}, {""label"": ""ORG"", ""text"": ""Українського католицького університету"", ""start"": 262, ""end"": 300}, {""label"": ""MISC"", ""text"": ""Українська мова за професійним спрямуванням"", ""start"": 323, ""end"": 366}, {""label"": ""MISC"", ""text"": ""Українська мова як іноземна"", ""start"": 456, ""end"": 483}]"
3d65ca49372448a3c5e327d23d107c06a1ee2968b6a3b5f3e7aa1cbb67bbab88,"Крім того , викладає дистанційний курс « Ґендерно чутлива мова в медіях : виклики і здобутки » для харківської ґендерної школи з журналістики , яку організовує експертна платформа « Крона » .","[{""label"": ""ART"", ""text"": ""Ґендерно чутлива мова в медіях : виклики і здобутки""}, {""label"": ""ORG"", ""text"": ""Крона""}]","[{""label"": ""ORG"", ""text"": ""харківської ґендерної школи з журналістики"", ""start"": 99, ""end"": 141}, {""label"": ""ORG"", ""text"": ""Крона"", ""start"": 182, ""end"": 187}]"
6c8aa564a9ef4cf6ba77640e695712515fd476821cb6d4e53ccf773a59dd193e,"Є співавторкою підручника « Гендер для медій » ( за редакцією Марії Маєрчик , Ольги Плахотнік та Галини Ярманова , К . : Критика , 2013 ) , до якого написала розділ « Ґендерована мова : вектори влади і впливу » , а також авторкою низки публікацій стосовно різних аспектів вираження ґендеру в мові .","[{""label"": ""ART"", ""text"": ""Гендер для медій""}, {""label"": ""PERS"", ""text"": ""Марії Маєрчик""}, {""label"": ""PERS"", ""text"": ""Ольги Плахотнік""}, {""label"": ""PERS"", ""text"": ""Галини Ярманова""}, {""label"": ""ORG"", ""text"": ""Критика""}, {""label"": ""DATE"", ""text"": ""2013""}, {""label"": ""ART"", ""text"": ""Ґендерована мова : вектори влади і впливу""}]","[{""label"": ""MISC"", ""text"": ""Гендер для медій"", ""start"": 28, ""end"": 44}, {""label"": ""PERS"", ""text"": ""Марії Маєрчик"", ""start"": 62, ""end"": 75}, {""label"": ""PERS"", ""text"": ""Ольги Плахотнік"", ""start"": 78, ""end"": 93}, {""label"": ""PERS"", ""text"": ""Галини Ярманова"", ""start"": 97, ""end"": 112}, {""label"": ""MISC"", ""text"": ""Ґендерована мова : вектори влади і впливу"", ""start"": 167, ""end"": 208}]"
0fcd24604401aed985421fb6feddcc3cf889110e1683d359b3142b7e7f1788ac,"Адреса книгарні « Є » : просп . Свободи , 7 Вхід вільний .","[{""label"": ""ORG"", ""text"": ""Є""}, {""label"": ""LOC"", ""text"": ""просп . Свободи , 7""}]","[{""label"": ""ORG"", ""text"": ""книгарні « Є »"", ""start"": 7, ""end"": 21}]"
0ac85e3a1aab34f7fdc3808772f4b1a0c528b7dc4cf8c804d0f4b7aae4074de9,"Медіа-партнер заходу — тижневик « Український тиждень » . Мине кілька років , і Христина перестане зауважувати момент перетину внутрішніх кордонів між країнами , давно уявних , символічних , іноді не позначених навіть присутністю таких-сяких прикордонників .","[{""label"": ""ORG"", ""text"": ""Український тиждень""}, {""label"": ""PERIOD"", ""text"": ""кілька років""}, {""label"": ""PERS"", ""text"": ""Христина""}]","[{""label"": ""JOB"", ""text"": ""Медіа-партнер заходу"", ""start"": 0, ""end"": 20}, {""label"": ""ORG"", ""text"": ""Український тиждень"", ""start"": 34, ""end"": 53}, {""label"": ""PERIOD"", ""text"": ""кілька років"", ""start"": 63, ""end"": 75}, {""label"": ""PERS"", ""text"": ""Христина"", ""start"": 80, ""end"": 88}]"
dc2868d597fac36173105ca1aacc88a803491cf3351f8326abd4f269e2becb20,"Просто порожні будки та шлагбауми , які давно ніхто не використовує .",[],"[{""label"": ""ART"", ""text"": ""шлагбауми"", ""start"": 24, ""end"": 33}]"
d69945003131a08fd0ca1b83ce0ae8edb27827dc49a6f5f415323e11554e8370,"І тоді це відчуття одночасної втоми й ейфорії після вибуху адреналіну на кордоні вже здаватиметься їй таким же напівпридуманим , як і самі кордони , які вона минатиме .",[],"[{""label"": ""LOC"", ""text"": ""кордоні"", ""start"": 73, ""end"": 80}, {""label"": ""PERS"", ""text"": ""їй"", ""start"": 99, ""end"": 101}, {""label"": ""LOC"", ""text"": ""кордони"", ""start"": 139, ""end"": 146}]"
6d579c911ca8a6ed5c309a40b3e5e9d51a38b9fa3ce1941cd5c9136babd5ad67,"І лише час від часу , коли вона їздитиме до Львова на відвідини , пересвідчуватиметься , що тут усе й далі по-старому , кордони залишилися справжніми , суворими та непохитними фортецями , які слід долати із зусиллями й страхом , слід переживати ввесь належний до процесу пакет емоцій , вражень і негативу , слід отримувати лекції покори , опанування себе й приниження , право на яке часто вимірюється одним-єдиним повноваженням піднімати та опускати помаранчеву стрілу шлагбаума .","[{""label"": ""LOC"", ""text"": ""Львова""}]","[{""label"": ""PERIOD"", ""text"": ""час від часу"", ""start"": 7, ""end"": 19}, {""label"": ""PERS"", ""text"": ""вона"", ""start"": 27, ""end"": 31}, {""label"": ""LOC"", ""text"": ""Львова"", ""start"": 44, ""end"": 50}, {""label"": ""ART"", ""text"": ""помаранчеву стрілу шлагбаума"", ""start"": 450, ""end"": 478}]"
78b5aa5a665692d29c5a816faba2b28e1a9702257157665cc3f309657049bc50,"Відтепер уже є шанс подорожувати відповідно до плану й не треба буде стільки сил зосереджувати на самому фізичному пересуванні , дбати про його уможливлення , про усунення всіх наявних і гіпотетичних перешкод .",[],[]
3d3fea6cb1b2a2cb5782fd1dabe1a28fe14fc9d47d2840cfff33fb981020ffe9,Замість цього слід подумати й про щось приємне . Христина вийшла на невеличку площу біля вокзалу в Перемишлі .,"[{""label"": ""PERS"", ""text"": ""Христина""}, {""label"": ""LOC"", ""text"": ""Перемишлі""}]","[{""label"": ""PERS"", ""text"": ""Христина"", ""start"": 49, ""end"": 57}, {""label"": ""LOC"", ""text"": ""вокзалу в Перемишлі"", ""start"": 89, ""end"": 108}]"
55de4f35c189796d5fd88a9f34f311d1a230230ecc483a53464626006f641c17,"Вона дуже любила тут гуляти й завжди , навіть коли їздила до Польщі прямим потягом , якому три години міняли колеса в Перемишлі , достосовуючи їх до вужчих європейських колій , не залишалася сидіти у вагоні , як більшість подорожніх , а виходила , щоб погуляти містом .","[{""label"": ""LOC"", ""text"": ""Польщі""}, {""label"": ""LOC"", ""text"": ""Перемишлі""}]","[{""label"": ""PERS"", ""text"": ""Вона"", ""start"": 0, ""end"": 4}, {""label"": ""LOC"", ""text"": ""Польщі"", ""start"": 61, ""end"": 67}, {""label"": ""PERIOD"", ""text"": ""три години"", ""start"": 91, ""end"": 101}, {""label"": ""LOC"", ""text"": ""Перемишлі"", ""start"": 118, ""end"": 127}]"
a7efa758cf6c34c1aa7481214f265e65823724319c40d2325ed65b5e09b79a34,А потім верталася знайомим маршрутом — до вокзалу й далі в напрямку таємничої стрілки з написом « Реron 4 » .,"[{""label"": ""MISC"", ""text"": ""Реron 4""}]","[{""label"": ""LOC"", ""text"": ""вокзалу"", ""start"": 42, ""end"": 49}, {""label"": ""ART"", ""text"": ""Реron 4"", ""start"": 98, ""end"": 105}]"
dcb2f4017725b54ebf1793879850a437e7606f089c2b4bb2e23b07199f0a9f6b,"Колись давно , коли вона блукала тут уперше й ще не вміла знайти цей перон , доброзичливий чоловік , за вимовою киянин , пояснив їй :",[],"[{""label"": ""PERS"", ""text"": ""вона"", ""start"": 20, ""end"": 24}, {""label"": ""LOC"", ""text"": ""перон"", ""start"": 69, ""end"": 74}, {""label"": ""PERS"", ""text"": ""доброзичливий чоловік"", ""start"": 77, ""end"": 98}]"
62cca44eb81052d7ba1d513de7f461bdee5d8ce936b96a11c7f1965b885886d6,"— Виходите звідсіля , чимчикуєте сто метрів , а тоді направо .","[{""label"": ""QUANT"", ""text"": ""сто метрів""}]","[{""label"": ""LOC"", ""text"": ""Виходите звідсіля"", ""start"": 2, ""end"": 19}, {""label"": ""LOC"", ""text"": ""сто метрів"", ""start"": 33, ""end"": 43}]"
d67641a4efa2d09839f0ef2d3d441c110e1f687ae6ecb912acb108a9a20a8f96,"Саме цей перон на вокзалі в Перемишлі і є справжнім східноєвропейським кордоном , бо це останній європейський перон , куди можуть заїздити наші потяги та де їх можна зупинити навіть без застосування зброї .","[{""label"": ""LOC"", ""text"": ""Перемишлі""}]","[{""label"": ""ART"", ""text"": ""перон"", ""start"": 9, ""end"": 14}, {""label"": ""LOC"", ""text"": ""вокзалі в Перемишлі"", ""start"": 18, ""end"": 37}]"
a94216193a63ec4996f0a6d24971a620cac8a78b5ef6adc8983f368d2f127a31,"Імовірно , тому він і відділений від решти перонів густим колючим дротом , а з міста через нього можна потрапити , лише пройшовши паспортний контроль .",[],"[{""label"": ""ART"", ""text"": ""густим колючим дротом"", ""start"": 51, ""end"": 72}, {""label"": ""LOC"", ""text"": ""міста"", ""start"": 79, ""end"": 84}]"
d93897d789dd2d412178477955a2af9a2059f9dba43a1995b438a359a83efc65,"Десь поблизу вокзалу в некошеній траві , мабуть , ще можна знайти колишні рейки , якими потяги , що курсували між Краковом і Львовом , долали цю відстань якщо не швидше , то принаймні більш вправно , без багатогодинного стояння в полі й на безглуздому кордоні .","[{""label"": ""LOC"", ""text"": ""Краковом""}, {""label"": ""LOC"", ""text"": ""Львовом""}]","[{""label"": ""LOC"", ""text"": ""вокзалу"", ""start"": 13, ""end"": 20}, {""label"": ""ART"", ""text"": ""колишні рейки"", ""start"": 66, ""end"": 79}, {""label"": ""LOC"", ""text"": ""Краковом і Львовом"", ""start"": 114, ""end"": 132}]"
4d8b3c74793dacde6388407c48e6f3bf52239b98d061999dec3e6521819421e5,Але все це поросле травою минуле .,[],[]
ed82a2bf9372a64af3393c038c312a9ceedec4849163294c911186fc640431ce,"Тепер , вийшовши з автобуса та перейшовши кілька метрів від автобусного вокзалу до залізничного , Христина вперше усвідомила , що почала нове життя .","[{""label"": ""QUANT"", ""text"": ""кілька метрів""}, {""label"": ""PERS"", ""text"": ""Христина""}]","[{""label"": ""ART"", ""text"": ""автобуса"", ""start"": 19, ""end"": 27}, {""label"": ""LOC"", ""text"": ""автобусного вокзалу"", ""start"": 60, ""end"": 79}, {""label"": ""LOC"", ""text"": ""залізничного"", ""start"": 83, ""end"": 95}, {""label"": ""PERS"", ""text"": ""Христина"", ""start"": 98, ""end"": 106}]"
b55fd6dea04a9b6563409322559706738035d2cbd61511803a7492c78cf6e163,"Досі вона цілковито зосередилася на приготуваннях до подорожі й не встигла замислитися над тим , що ж усе це означає для неї і що її чекає .",[],"[{""label"": ""PERS"", ""text"": ""вона"", ""start"": 5, ""end"": 9}, {""label"": ""PERS"", ""text"": ""неї"", ""start"": 121, ""end"": 124}]"
e386a1ce2943194c253d3f8cbb9b00d06bb3a3f300a582500b1d4a9a0762422b,Їй навіть ще не було по-справжньому страшно .,[],"[{""label"": ""PERS"", ""text"": ""Їй"", ""start"": 0, ""end"": 2}]"
26437e39b5ba350deb2899ecfe58c36ad9ac64ad38abd5c2a76f09ce0817c13b,"Досі вона сприймала це як пригоду , навіть не до кінця свою власну , як повторення чужих пригод , імітацію , щось , що чекає на неї в далекому майбутньому .",[],"[{""label"": ""PERS"", ""text"": ""вона"", ""start"": 5, ""end"": 9}, {""label"": ""PERIOD"", ""text"": ""далекому майбутньому"", ""start"": 134, ""end"": 154}]"
1979533d6eaf6380b9e8451e1e3954f7d638c8b62b37cbdf409e30216604225a,"А своє дотеперішнє життя вже записала в далеке минуле , до якого ближчим часом не буде повернення .",[],"[{""label"": ""PERIOD"", ""text"": ""ближчим часом"", ""start"": 65, ""end"": 78}]"
4816241a7336b71291af89db9d51c7dd37e7f491961aa09525f443c085bdb22f,І опинилася в якомусь міжчассі — прощання з колишнім і очікування невідомого .,[],"[{""label"": ""PERIOD"", ""text"": ""міжчассі"", ""start"": 22, ""end"": 30}]"
d24d7f47939e613da9c41051135a67fd7f09034c7ab826c325390e18681f167b,"Це було своєрідне , але неспокійне відчуття .",[],[]
5725c03686a889e457e1f86fd8e2f801ef36c1de16bf077ca75b93f659d77c15,"І завершилося воно аж тепер , коли кордон опинився позаду й доводиться рушати далі в невідомість , яку вже не можна було проігнорувати , загорнувши в нереальність умовного способу , майбутнього часу чи незнаної території , і тепер Христині стало водночас легше і страшніше .","[{""label"": ""PERS"", ""text"": ""Христині""}]","[{""label"": ""LOC"", ""text"": ""кордон"", ""start"": 35, ""end"": 41}, {""label"": ""PERIOD"", ""text"": ""майбутнього часу"", ""start"": 182, ""end"": 198}, {""label"": ""LOC"", ""text"": ""незнаної території"", ""start"": 202, ""end"": 220}, {""label"": ""PERS"", ""text"": ""Христині"", ""start"": 231, ""end"": 239}]"
30a9bdc645b656b057ec295ccdff651b071d9c5e49b708ff820265ca215f488d,"Легше було від того , що головне рішення вже було прийняте , денні вагання й нічні жахіття уві сні , які супроводжували цей процес , залишилися позаду .",[],[]
5deff93778ca7d0365c5f8fed44ff159c07f485d7aeb61486ed65513978fcd81,"Вона раптом усвідомила , що досі , розмірковуючи про потенційну еміграцію , нелегальну чи в перспективі й легальну , вона думала не стільки про те , що чекає її там , скільки шукала виправдань і причин виїхати з дому .",[],"[{""label"": ""PERS"", ""text"": ""Вона"", ""start"": 0, ""end"": 4}, {""label"": ""PERS"", ""text"": ""вона"", ""start"": 117, ""end"": 121}, {""label"": ""LOC"", ""text"": ""там"", ""start"": 161, ""end"": 164}]"
4ff64a7307cb995b1b89983866cad7485cb40da90f472377f24c777f84e6e15e,"І ця необхідність , просто неминучість рішення на користь від’їзду якось заспокоювала її , дозволяла відкласти на потім турботи про те , що робити далі , після приїзду .",[],"[{""label"": ""PERIOD"", ""text"": ""після приїзду"", ""start"": 154, ""end"": 167}]"
ef9ffb1071d86332eefac92479a9b9f3fffa3f9de816caf71090620cf9c2337e,"Їй чомусь здавалося , що чим більше вона знайде аргументів на користь того , що їхати таки треба й іншого виходу немає , і що робити це потрібно саме так і саме зараз , тим швидше й легше знайдуться відповіді на запитання , що ж робити далі .",[],"[{""label"": ""PERS"", ""text"": ""Їй"", ""start"": 0, ""end"": 2}, {""label"": ""PERS"", ""text"": ""вона"", ""start"": 36, ""end"": 40}]"
b7b09060a1e44ce4b4f1d7018bebc30eb6b0527df506fecf08e990af182aa33a,"Але ось вона вже переконала себе , організувала все , виїхала , а відповіді на запитання все не знаходилися .",[],"[{""label"": ""PERS"", ""text"": ""вона"", ""start"": 8, ""end"": 12}]"
22c80f2d1e9a2f869a338e4b152785ff0091ca8e750a45a3c2ab587bea4f9cab,Чомусь цей момент Христина уявляла собі простішим .,"[{""label"": ""PERS"", ""text"": ""Христина""}]","[{""label"": ""PERS"", ""text"": ""Христина"", ""start"": 18, ""end"": 26}]"
bbcc6d81467693b687702eaf5358f5aa2f6838de3729f74221d66e89ff9c559c,"Здавалося , що все прийде само собою — крок за кроком , достатньо буде лише позбутися баласту вагань .",[],[]
01c5ff2084752cd0ed3df7c7f52f6ffc2162225806b45811bc26d9d4fb91f5d8,"Але тепер уже можна було більше не приховувати від самої себе усвідомлення , що позбутися вагань не вдасться ніколи — можна лише змінити одні вагання на інші .",[],"[{""label"": ""MISC"", ""text"": ""вагань"", ""start"": 90, ""end"": 96}, {""label"": ""MISC"", ""text"": ""вагання"", ""start"": 142, ""end"": 149}]"
8ec9d816593be77052c0cfdd2b9a6b99b09f5e8b3011283583506745eb16bb6f,"І тепер вона дуже чітко відчула , що наступні години , які вона проведе в потязі до Кракова , потім у потязі до Берліна і далі — в літаку до Афін стануть чи не останніми безтурботними годинами в цьому її проекті .","[{""label"": ""PERIOD"", ""text"": ""години""}, {""label"": ""LOC"", ""text"": ""Кракова""}, {""label"": ""LOC"", ""text"": ""Берліна""}, {""label"": ""LOC"", ""text"": ""Афін""}, {""label"": ""PERIOD"", ""text"": ""годинами""}]","[{""label"": ""PERS"", ""text"": ""вона"", ""start"": 8, ""end"": 12}, {""label"": ""PERIOD"", ""text"": ""наступні години"", ""start"": 37, ""end"": 52}, {""label"": ""PERS"", ""text"": ""вона"", ""start"": 59, ""end"": 63}, {""label"": ""LOC"", ""text"": ""Кракова"", ""start"": 84, ""end"": 91}, {""label"": ""LOC"", ""text"": ""Берліна"", ""start"": 112, ""end"": 119}, {""label"": ""LOC"", ""text"": ""Афін"", ""start"": 141, ""end"": 145}]"
a579e58bfb8f035361fe5c02cd08c8ff4dbae205a39ffd5c658562b393596331,"Коли попередні труднощі вже майже залишилися позаду , а майбутні — ще десь у невідомості .",[],[]
3209cb6fdcfe684213559931f495d258ecc12d33733f245f58e7838c6a429228,"І є лише теперішнє — просто подорож , у яку можна зануритися цілком , ніби увійти в морську воду .",[],"[{""label"": ""PERIOD"", ""text"": ""теперішнє"", ""start"": 9, ""end"": 18}, {""label"": ""MISC"", ""text"": ""подорож"", ""start"": 28, ""end"": 35}, {""label"": ""LOC"", ""text"": ""морську воду"", ""start"": 84, ""end"": 96}]"
ba1e5f73c62eced9b81953c40c66f02656179f2b91c8bf2b93e33a2075dab3a0,"І це різке відчування теперішнього моменту раптом захопило її з незнаною раніше інтенсивністю , вона пишалася тим , що нарешті досягла цього — жила тим , що відбувається зараз , не минулим і не майбутнім , як завжди до цього .",[],"[{""label"": ""PERS"", ""text"": ""її"", ""start"": 59, ""end"": 61}, {""label"": ""PERS"", ""text"": ""вона"", ""start"": 96, ""end"": 100}]"
764e136bc6a83d1f53c12a13272aad4de11bbf1e577fad6a2a8ffda340a5fc4e,"Востаннє така світла й нічим не спотворена радість охоплювала її ще в дитинстві , коли лунав дзвінок з уроку чи коли вона прокидалася в перший день канікул .",[],"[{""label"": ""PERS"", ""text"": ""її"", ""start"": 62, ""end"": 64}, {""label"": ""PERS"", ""text"": ""вона"", ""start"": 117, ""end"": 121}, {""label"": ""PERIOD"", ""text"": ""перший день канікул"", ""start"": 136, ""end"": 155}]"
4d1fe85e2eb5fe50fa817afd013b58a7f152e3e588c29235209766b75bd3eb60,"І разом із цією радістю прийшов особливий внутрішній спокій — як би не склалося все в неї далі , цей момент уже став незворотнім , вона зуміла зосередитися на теперішньому відчуванні , відсунути від себе тривогу про минуле , майбутнє та інші гіпотетичні реальності , і тепер їй залишається тільки зберегти це вміння , захистити його в собі , — більшої свободи від обставин , мабуть , просто не буває . На думку Пола Деннісона , найголовнішою вправою для зняття стресу є вживання чистої негазованої води .","[{""label"": ""PERS"", ""text"": ""Пола Деннісона""}]","[{""label"": ""PERS"", ""text"": ""вона"", ""start"": 131, ""end"": 135}, {""label"": ""PERS"", ""text"": ""Пола Деннісона"", ""start"": 411, ""end"": 425}, {""label"": ""MISC"", ""text"": ""чистої негазованої води"", ""start"": 479, ""end"": 502}]"
be6bff239f9b2772dd1cd476e21e2a5166193851408a9cb270a663f290f4ed25,Так-так — ця вправа входить до офіційного переліку вправ .,[],"[{""label"": ""ART"", ""text"": ""Так-так"", ""start"": 0, ""end"": 7}, {""label"": ""DOC"", ""text"": ""офіційного переліку вправ"", ""start"": 31, ""end"": 56}]"
266fd268509ea0a6637a53f0c7995da7f85d172d9381ba866944d46071ca21b8,"Мої діти вивчили її дуже добре , і тепер , якщо вони почуваються втомленими , загальмованими , « пересохлими » , якщо в них починає боліти голова або стає якось дуже тривожно , — то відразу біжать до пляшки з водою .",[],"[{""label"": ""PERS"", ""text"": ""Мої діти"", ""start"": 0, ""end"": 8}, {""label"": ""ART"", ""text"": ""пляшки з водою"", ""start"": 200, ""end"": 214}]"
ae53692c63b8b2d0ff9499107ffd34e03c6cde62b49b24173b3830627c890dfe,"Важливо розуміти , що інші напої , такі як чай , кава , соки , солодкі напої — не замінять води .",[],"[{""label"": ""MISC"", ""text"": ""інші напої"", ""start"": 22, ""end"": 32}, {""label"": ""MISC"", ""text"": ""чай"", ""start"": 43, ""end"": 46}, {""label"": ""MISC"", ""text"": ""води"", ""start"": 91, ""end"": 95}]"
a6b369db9062c148080d3a3064ec6061a867fd49a6dc35e1085551b0f9d33e4b,"Адже для ефективного функціонування організму важлива готова для споживання вода , яку організмові не треба виокремлювати з інших речовин .",[],"[{""label"": ""MISC"", ""text"": ""вода"", ""start"": 76, ""end"": 80}, {""label"": ""MISC"", ""text"": ""інших речовин"", ""start"": 124, ""end"": 137}]"
44282556d9b76460856706163b16d971a4d983523264f0398ce029bfe3165801,Чому вода така важлива ?,[],"[{""label"": ""ART"", ""text"": ""вода"", ""start"": 5, ""end"": 9}]"
9766510857e31d2cefcaa2472b99b3000e5b21f94666d9f5c57b6890a2ec91d9,"Очевидно , тому , що ми на 80 % складаємося з рідини і наш організм функціонує завдяки коректній роботі рідин : крові , лімфи , спинномозкового ліквору , який несе живлення для мозку , жовчі , слизу тощо .","[{""label"": ""PCT"", ""text"": ""80 %""}]","[{""label"": ""PCT"", ""text"": ""80 %"", ""start"": 27, ""end"": 31}, {""label"": ""MISC"", ""text"": ""рідини"", ""start"": 46, ""end"": 52}, {""label"": ""MISC"", ""text"": ""крові , лімфи"", ""start"": 112, ""end"": 125}, {""label"": ""MISC"", ""text"": ""спинномозкового ліквору"", ""start"": 128, ""end"": 151}, {""label"": ""MISC"", ""text"": ""мозку"", ""start"": 177, ""end"": 182}, {""label"": ""MISC"", ""text"": ""жовчі"", ""start"": 185, ""end"": 190}, {""label"": ""MISC"", ""text"": ""слизу"", ""start"": 193, ""end"": 198}]"
165e9c4e0de3531f1bbfd2a9e51ee0c10778b70f8f30704b19afeab29c880568,"У разі нестачі води всі важливі рідини починають густішати , повільніше рухаються і , таким чином , не встигають правильно розподіляти необхідні для життєдіяльності речовини .",[],"[{""label"": ""MISC"", ""text"": ""всі важливі рідини"", ""start"": 20, ""end"": 38}]"
7f6502adc0687fe951347c85c648b6c3d3839e74da78eaa92d0855a39d6c8334,"Мозок відчуває загрозу життю , а ми — постійну тривогу і напруженість .",[],"[{""label"": ""PERS"", ""text"": ""Мозок"", ""start"": 0, ""end"": 5}, {""label"": ""PERS"", ""text"": ""ми"", ""start"": 33, ""end"": 35}]"
2f9541b894db5734930695e83a9b28b5a99b25ebb751d193f834b218dc10a4ee,"Особливо схильним до тривоги радять не лише пити воду , а просто тримати її в полі зору , наприклад , поставивши чашку з водою біля себе під час роботи .",[],"[{""label"": ""MISC"", ""text"": ""воду"", ""start"": 49, ""end"": 53}, {""label"": ""ART"", ""text"": ""чашку з водою"", ""start"": 113, ""end"": 126}]"
b53bdb2493b0342ec6bba08cae90de74a8970968e0bab265536423ea1354bb92,"Так ми нагадуємо нашому давньому мозку рептилій , які на свій страх і ризик полишили водне середовище заради суші , що вода є і вона поруч .",[],"[{""label"": ""MISC"", ""text"": ""водне середовище"", ""start"": 85, ""end"": 101}, {""label"": ""LOC"", ""text"": ""суші"", ""start"": 109, ""end"": 113}]"
c5024cc825ce388fa3b44d770251b58f2d284cfe30a5bf7ff363cf5645dde4ea,"А отже , не потрібно заради порятунку вимикати системи життєдіяльності і впадати в сплячку .",[],[]
eeed372ac42d019ca004bec55b5fbf16cbae9d672f2a2c77d388b8654fafd8c5,ПОЗИТИВНІ ТОЧКИ,[],[]
e5d61ea6a21046a98c2efbc46149285288d206ae9cc7c8e2d5b85b101492961a,"Згадайте роденівського Мислителя , та й самих себе : коли думаєте над чимось , ви часто прикладаєте руку до чола .","[{""label"": ""MISC"", ""text"": ""Мислителя""}]","[{""label"": ""PERS"", ""text"": ""роденівського Мислителя"", ""start"": 9, ""end"": 32}]"
a9fa5e2beb17330bd75388bc0750485be39f146ccdabec9336df75c00bc73199,"Таким чином відбувається стимуляція лобової артерії , яка несе кров до лобової частки , що спричиняється до ввімкнення критичного мислення , а також відтоку крові від гіпоталамуса , що дуже чутливий до стресу .",[],"[{""label"": ""LOC"", ""text"": ""лобової частки"", ""start"": 71, ""end"": 85}, {""label"": ""LOC"", ""text"": ""гіпоталамуса"", ""start"": 167, ""end"": 179}]"
d964b61175e5aff8671d779ed67b1632e28abb11665855340276fba564326fae,"У разі стресу ви в такий спосіб , привертаючи увагу свого мозку , наче нагадуєте йому , що він може користуватися новішим еволюційним здобутком — неокортексом .",[],"[{""label"": ""PERS"", ""text"": ""ви"", ""start"": 14, ""end"": 16}, {""label"": ""PERS"", ""text"": ""він"", ""start"": 91, ""end"": 94}, {""label"": ""MISC"", ""text"": ""неокортексом"", ""start"": 146, ""end"": 158}]"
922414fcea72445f72b224b00288bf6f89d7a17d11541cdda677c86a5c42b605,"Отже , вправу роблять так : ви легко торкаєтеся вказівним і великим пальцем однієї руки точок над кожним оком , а також посередині між ними і лінією волосся — і так тримаєте доти , доки не відчуєте легку пульсацію .",[],"[{""label"": ""PERS"", ""text"": ""ви"", ""start"": 28, ""end"": 30}]"
0329d04a6209bf4a0bcb000481e0dc86b4b489e705afda2221b9acf7c37203c9,Потім чекаєте ще 5 секунд і закінчуєте вправу .,"[{""label"": ""PERIOD"", ""text"": ""5 секунд""}]","[{""label"": ""TIME"", ""text"": ""5 секунд"", ""start"": 17, ""end"": 25}]"
5fb4435bf156b9b2d7577c923ab76fe06580669a5baf15b8185c563eaa340b68,"Якщо ви боїтеся , що не знайдете потрібних точок , можете просто прикласти долоню до чола і потримати .",[],"[{""label"": ""PERS"", ""text"": ""ви"", ""start"": 5, ""end"": 7}]"
62abd86d36cee289d706cc239574f3f96d5a80d1939f73c4a1a816f58c98f679,"Завдяки цьому ви зможете чіткіше побачити проблему , врахувати можливі наслідки , відпустити емоційні переживання .",[],"[{""label"": ""PERS"", ""text"": ""ви"", ""start"": 14, ""end"": 16}]"
549802a15cc899087eedec229eea01036fc1765e5e65c016d263207e7349c726,"Ця вправа також підходить для зняття головного болю , викликаного стресом .",[],[]
3ec94633d449507220b5d3f86af1c7859ba0802ac4d5d5b3e09e9c4ed20cab4f,ДІАФРАГМАЛЬНЕ ДИХАННЯ,[],"[{""label"": ""MISC"", ""text"": ""ДІАФРАГМАЛЬНЕ ДИХАННЯ"", ""start"": 0, ""end"": 21}]"
561a7967da20329aaf6d4fc0476ce21e4642141f0f31ee01b9ec0e04c951dd86,"Як було сказано раніше , іноді ми сприймаємо стрес як необхідність рятуватись або тікати .",[],"[{""label"": ""MISC"", ""text"": ""стрес"", ""start"": 45, ""end"": 50}]"
0a07d33d697d65c78e3037774617aec377b143dca79d13f6cb6c5f43498ec61b,"В такому разі нервова система за допомогою р-комплексу перемикається в режим утечі , а це означає прискорення серцебиття , підвищення артеріального тиску і вентиляції легенів : щоб підтримувати такий високий ритм серцебиття і швидку циркуляцію крові , потрібно швидко подавати порції свіжого повітря в легені .",[],"[{""label"": ""MISC"", ""text"": ""р-комплексу"", ""start"": 43, ""end"": 54}]"
cd3789b6e90b876a19364ba252b9503927abe18066fed97df7dd052c3e57a6a6,Активізується грудне дихання .,[],[]
1836b351bf7fffc1b39a0939a3a0b6e2f553525389216ff1e50c21813776e5fc,"В цей самий час парасимпатична нервова система вимикає « непотрібні » ( на її думку ) для втечі системи , що відповідають за травлення , сон тощо .",[],"[{""label"": ""PERIOD"", ""text"": ""В цей самий час"", ""start"": 0, ""end"": 15}, {""label"": ""MISC"", ""text"": ""травлення"", ""start"": 125, ""end"": 134}]"
6c538ffa3c1b197091136cc71b5ce5dc6117107213f5739e14ad993d4d098105,"Часом буває : стрес уже минув , а часте грудне дихання — ні , воно й далі посилає сигнали в нервову систему , що небезпека триває .",[],[]
5fa455cc6709fac93a4d6edd7bf995c97d24a862e67bc59ca097e8036578cab2,Через грудне дихання можуть траплятися й напади паніки .,[],[]
24ade1b2a8ed33990cb33ba6ba0f87482322c76099c446f495c69c96349e7a8b,"В такій ситуації допоможе перехід на діафрагмальне дихання , або дихання в живіт .",[],[]
183d8e11d165f2fa949db1a7a616bc8e8ac8eb3fd9251dff0b8720ce8bb71c7b,"Для виконання цієї вправи потрібно покласти руку на живіт і спрямувати свій вдих саме туди , щоб під час вдиху рука разом із животом піднялась , а під час видиху — опустилася , ніби виштовхуючи залишки повітря .",[],"[{""label"": ""LOC"", ""text"": ""живіт"", ""start"": 52, ""end"": 57}]"
645529282962b3520447633f1df652aee7de09c56db368ae204f313888771a4d,"Вдих має бути глибоким , але повільним .",[],[]
3ca17eaeac5c668151307ebf3128958d86726beabe611764523a5ec6214fdf2b,"Коли вам вдасться відчути , що ви дихаєте в живіт , зробіть 3 – 4 повільні повні вдихи – видихи .",[],"[{""label"": ""PERS"", ""text"": ""ви"", ""start"": 31, ""end"": 33}, {""label"": ""QUANT"", ""text"": ""3 – 4"", ""start"": 60, ""end"": 65}]"
e2dd24e4cd8d658b9d0ca09c3e6db099c894df0bb958f2aeb7e91d08d76cacb2,"Ця вправа насичує киснем усе тіло і посилає нервовій системі сигнал про те , що небезпека минула , переводячи її в режим спокійного функціонування .",[],[]
16bfce2bc34a1dc3aede373985c87d4503baeb5ba531533ee23482d20509768f,Після закінчення ви відчуєте певне розслаблення і підвищення енергетичного рівня .,[],"[{""label"": ""PERIOD"", ""text"": ""Після закінчення"", ""start"": 0, ""end"": 16}, {""label"": ""PERS"", ""text"": ""ви"", ""start"": 17, ""end"": 19}]"
348a3c5c98d6a7cb3b13c31ad10c4db5c56c1944b0b8556a4fda9a0f18e45793,"Крім того , ця вправа полегшує читання і покращує ораторські здібності .",[],[]
5e8513b169bb3d4468fdeb61b5424735a0de7310b7bcd92f172e5702ad6cc9d9,ПЕРЕХРЕСНІ КРОКИ,[],[]
8a36af0544c78ee45627e51431ecc545b11754fc575950741ea8ce84f12ab1dd,"Як відомо , головний мозок людини має дві півкулі , кожна з яких виконує власну функцію , але лише інтегрована взаємодія обох півкуль гарантує нашу ефективну не лише розумову , а й фізичну діяльність .",[],"[{""label"": ""PERS"", ""text"": ""людини"", ""start"": 27, ""end"": 33}]"
75b0658db4a036031f63ec927b790af9e79d7a65a5e1e23c5e412d9a5ae0c762,"Звісно , у кожного індивіда переважає певна півкуля .",[],"[{""label"": ""PERS"", ""text"": ""кожного індивіда"", ""start"": 11, ""end"": 27}]"
f8ddccb466151efdefc41e0ff08dbf92ec61d89f0f90cc972440c27a87bfe970,"У праворукого — це ліва півкуля , у шульги — права .",[],"[{""label"": ""PERS"", ""text"": ""праворукого"", ""start"": 2, ""end"": 13}, {""label"": ""ART"", ""text"": ""ліва півкуля"", ""start"": 19, ""end"": 31}, {""label"": ""PERS"", ""text"": ""шульги"", ""start"": 36, ""end"": 42}, {""label"": ""ART"", ""text"": ""права"", ""start"": 45, ""end"": 50}]"
c75738598f1a85e65c37519c5bf448fbf4c13f299073ed59529c3591cbb45b70,"Однак інколи під дією стресу відбувається дисбаланс , що призводить або до втрати зв’язку між півкулями , або до погіршення його якості .",[],"[{""label"": ""MISC"", ""text"": ""дисбаланс"", ""start"": 42, ""end"": 51}]"
50e6f7ce90dd4ba7c10961ef090c6257dd3a0bbc89ca3657475f5fc7c3ad6472,В такому разі в пригоді стане вправа « перехресні кроки » .,[],"[{""label"": ""MISC"", ""text"": ""перехресні кроки"", ""start"": 39, ""end"": 55}]"
7ea732c74e6116c92d2b49c1bc02b5b327fb6262cae6cb39bdabf8f68044e111,"Ця вправа сприяє відновленню координації та орієнтації в просторі , засвоєнню нової інформації , знімає біль у попереку і підтягує м’язи живота .",[],[]
f8bec2f387ec3b5c79614fa4cdb146446ddfb41761cedfcc20dc730bd11785dd,Виконувати вправу просто .,[],[]
a22e7086597bf39bf9411e828fe722d10b12eb182571e4f58df9ee3dd7a6ab60,"Ви крокуєте на місці , по черзі піднімаючи ліву і праву ногу , при цьому до правої ноги схиляєте лівий лікоть , а до лівої — правий .",[],"[{""label"": ""PERS"", ""text"": ""Ви"", ""start"": 0, ""end"": 2}, {""label"": ""LOC"", ""text"": ""місці"", ""start"": 15, ""end"": 20}]"
2cbf98f5ffd2166986c0218667e572d51d6729e3f6791c9536c8211995688ab4,"Важливо , щоб нижня частина тіла і ноги піднімалися прямо , не відхиляючись убік , а ось верхня частина тіла має скручуватися .",[],[]
69f4b9797ab8bec31ab9a0182705eb7dbbc877a0f28cc41655833f357df433a9,Потрібно зробити по 5 – 6 кроків на кожну ногу .,[],"[{""label"": ""QUANT"", ""text"": ""5 – 6 кроків"", ""start"": 20, ""end"": 32}]"
7b0ee2d771443d50f13984da6f05ca5b676a56c38a53688242b6dc5f04102c28,"Ця вправа не лише інтегрує праву і ліву півкулі , а й відновлює втрачений зв’язок інтелект – тіло .",[],[]
dc5ed903c413b4300af5dafee2558cbc5ec12c08f29cecbb0e6c0ad777f4f509,"Тому її радять виконувати перед будь-якою діяльністю , що передбачає вивчення нового — як у тілесному плані , так і в інтелектуальному .",[],"[{""label"": ""PERS"", ""text"": ""її"", ""start"": 5, ""end"": 7}]"
9149c601558b48250fffc8c7f870ca7612348b30eb057b9395fa5cc9fd8c9753,"Гімнастика мозку є частиною освітньої кінесіології і пропонує багато вправ та їх комбінацій , які так чи інакше допомагають справитися зі стресом , інтегрувати півкулі мозку , збалансувати спілкування між тілом та інтелектом , повернути собі радість мислення і відчуття власного тіла одночасно .",[],"[{""label"": ""ORG"", ""text"": ""Гімнастика мозку"", ""start"": 0, ""end"": 16}]"
95cfbd7532a3c370061455eb69a218e010eecb8a2659f62f355e7f31af9e05a5,"Цю систему використовують у багатьох країнах світу , а в деяких із них її запроваджено в школах на обов’язкових засадах , зокрема у Великій Британії та Росії . 1987 року вперше було оцінено результати гімнастики мозку .","[{""label"": ""LOC"", ""text"": ""Великій Британії""}, {""label"": ""LOC"", ""text"": ""Росії""}, {""label"": ""DATE"", ""text"": ""1987 року""}]","[{""label"": ""ORG"", ""text"": ""школах"", ""start"": 89, ""end"": 95}, {""label"": ""LOC"", ""text"": ""Великій Британії"", ""start"": 132, ""end"": 148}, {""label"": ""LOC"", ""text"": ""Росії"", ""start"": 152, ""end"": 157}, {""label"": ""DATE"", ""text"": ""1987 року"", ""start"": 160, ""end"": 169}, {""label"": ""MISC"", ""text"": ""гімнастики мозку"", ""start"": 201, ""end"": 217}]"
d2e675ff1dc3041049b3a1267ab8d07aa3c9190853934c4c2030a64388ef3cdc,В експерименті брали участь 19 учнів корекційної школи .,[],"[{""label"": ""QUANT"", ""text"": ""19"", ""start"": 28, ""end"": 30}, {""label"": ""ORG"", ""text"": ""корекційної школи"", ""start"": 37, ""end"": 54}]"
a1d9970d639e86947000c8479cb645f91773a922e9503b0079e6d0a4e1ec4271,Кожен учень робив вправи з гімнастики мозку по 10 – 15 хвилин щодня .,"[{""label"": ""PERIOD"", ""text"": ""10 – 15 хвилин""}]","[{""label"": ""PERS"", ""text"": ""Кожен учень"", ""start"": 0, ""end"": 11}, {""label"": ""MISC"", ""text"": ""вправи з гімнастики мозку"", ""start"": 18, ""end"": 43}]"
b4fdc4f9425036ffb9e787102155849461e02891c8286b8332f67dda58b842ee,Завдяки цьому за рік показники прогресу учнів зросли на 50 % .,"[{""label"": ""PERIOD"", ""text"": ""рік""}, {""label"": ""PCT"", ""text"": ""50 %""}]","[{""label"": ""PERIOD"", ""text"": ""рік"", ""start"": 17, ""end"": 20}, {""label"": ""PERS"", ""text"": ""учнів"", ""start"": 40, ""end"": 45}, {""label"": ""PCT"", ""text"": ""50 %"", ""start"": 56, ""end"": 60}]"
1a3883df1b95c0e79890f28c403c303211b046787a80ff15ba63f5b668d713bf,Найбільше підвищилася здатність концентруватися на розв’язуванні завдань .,[],[]
dec40bd7d2c8aecb6939c9cf4ade043d0adf4ac5ec4f8f766108d2ff212c21ee,"Очевидно , що в цьому разі з дітьми працювали професійні педагоги , які індивідуально підбирали кожній дитині необхідний комплекс .",[],"[{""label"": ""JOB"", ""text"": ""професійні педагоги"", ""start"": 46, ""end"": 65}, {""label"": ""MISC"", ""text"": ""комплекс"", ""start"": 121, ""end"": 129}]"
a2dfa6fa411ba6884688b2e81b9c319bbfbc2728d718fb976850a4b4e5a4d45b,"Але навіть якщо самому навчитися робити прості вправи і виконувати їх регулярно — наприклад , частіше пити воду чи дихати в живіт — то ефект також буде помітним .",[],"[{""label"": ""PERS"", ""text"": ""самому"", ""start"": 16, ""end"": 22}, {""label"": ""MISC"", ""text"": ""прості вправи"", ""start"": 40, ""end"": 53}, {""label"": ""MISC"", ""text"": ""воду"", ""start"": 107, ""end"": 111}, {""label"": ""MISC"", ""text"": ""дихати в живіт"", ""start"": 115, ""end"": 129}]"
bb4a2fd081d027757f7da7b0c00447935ea186c38273a82c410713b7471948c2,Існує й критика щодо самого автора та його підходу .,[],"[{""label"": ""PERS"", ""text"": ""автора"", ""start"": 28, ""end"": 34}]"
76eedae086ebb9a36f94ed2ead165ee16e5adf956674c3f2837cdf0267702cd2,"Систему було розроблено для того , щоб людина в будь-якій стресовій ситуації , хоч би де вона була , могла допомогти собі простими рухами , що не вимагають жодного глибокого наукового знання чи медичної практики .",[],"[{""label"": ""ORG"", ""text"": ""Систему"", ""start"": 0, ""end"": 7}, {""label"": ""PERS"", ""text"": ""людина"", ""start"": 39, ""end"": 45}]"
ab3b60e76353b0d99dbd7ab016b00617372b87818eba9362222872d7e753e1cb,"Тому , можливо , вона й виглядає дещо спрощеною , не такою науковою , як хотілося б деяким критикам .",[],[]
ff79f0f312835e825c4d3e4610b1e18cd44582d7bd78443af0ecd7469324e8de,"Однак система вправ працює і покращує стан , допомагає подолати наслідки хронічних чи раптових стресів дорослим і дітям незалежно від причин чи тривалості їхнього стресу .",[],"[{""label"": ""PERS"", ""text"": ""дорослим і дітям"", ""start"": 103, ""end"": 119}]"
db5de4529a7d9a9a4a14abf87033058cc606447a2a63e953370a108d059dcd41,"Ми часто чуємо , що сучасні люди забагато думають , занадто перевантажені інформацією , живуть у віртуальному світі .",[],"[{""label"": ""PERS"", ""text"": ""сучасні люди"", ""start"": 20, ""end"": 32}, {""label"": ""LOC"", ""text"": ""віртуальному світі"", ""start"": 97, ""end"": 115}]"
a5d773f78215cd84e1a3bab8a7226c9d87b451e2aeaa24fdf501666c78cec637,"Так і є , оскільки світ змінився з часів , коли нашим предкам доводилося виживати в первісному лісі .",[],"[{""label"": ""LOC"", ""text"": ""світ"", ""start"": 19, ""end"": 23}, {""label"": ""PERS"", ""text"": ""нашим предкам"", ""start"": 48, ""end"": 61}, {""label"": ""LOC"", ""text"": ""первісному лісі"", ""start"": 84, ""end"": 99}]"
6ca52975720592bedfb503783e8ff6991ff381851916b0e4b7181d041c74abd9,"Проте чи варто вимикати найточніший інструмент пізнання задля того , щоб відчути себе живим ?",[],[]
a699bd9ee48f5aa7f0861a84eff8b29495385a23d76abd03600244ef9e0f07ff,"Людині , на відміну від тварини , щоб відчути себе живою , треба усвідомити себе такою .",[],"[{""label"": ""PERS"", ""text"": ""Людині"", ""start"": 0, ""end"": 6}, {""label"": ""MISC"", ""text"": ""тварини"", ""start"": 24, ""end"": 31}]"
176de199aac09a636b5e0216a27d9d184e0ba580f67f4fc94de12d0eedfedefa,"Потрібно не лише відчувати фізичну присутність , мати фізичні відчуття , а й розуміти своє місце серед собі подібних , знати , чого прагнути , усвідомлювати межі моралі .",[],[]
8d2442ada3ae9b386546d7ec14bea760e93fcb20fd89f02400dc525f7885d3fa,"Тому замість того , щоб щось вимикати , спершу варто збалансувати філігранні зв’язки між частинами мозку , між розумом і тілом , між духовним і фізичним .",[],[]
94c201fb2932cf638c4c9f481ebf8481d87e67bb05dc6e9cd0ecb0dfaa5be92d,"І саме тоді ми зможемо ненадовго відчути себе щасливими — лише для того , щоб насититись енергією , аби рухатися далі у безкінечних пошуках щастя . Нещодавно в спортивному комплексі « Розсошенці » відбулися фінальні змагання чемпіонату Полтавської обласної організації ВФСТ « Колос » АПК України з міні-футболу серед чоловіків .","[{""label"": ""ORG"", ""text"": ""Розсошенці""}, {""label"": ""ORG"", ""text"": ""Полтавської обласної організації ВФСТ « Колос » АПК України""}]","[{""label"": ""LOC"", ""text"": ""спортивному комплексі « Розсошенці »"", ""start"": 160, ""end"": 196}, {""label"": ""ORG"", ""text"": ""ВФСТ « Колос » АПК України"", ""start"": 269, ""end"": 295}]"
8a7df180e77f0a1af443a5b452639e42db9b2e0f28a482bb0795afdd82ea2cfd,"Команди Козельщинського , Кременчуцького , Полтавського , Зіньківського , Миргородського районів стали переможцями зональних змагань і таким чином здобули право грати у фіналі .","[{""label"": ""LOC"", ""text"": ""Козельщинського""}, {""label"": ""LOC"", ""text"": ""Кременчуцького""}, {""label"": ""LOC"", ""text"": ""Полтавського""}, {""label"": ""LOC"", ""text"": ""Зіньківського""}, {""label"": ""LOC"", ""text"": ""Миргородського районів""}]","[{""label"": ""LOC"", ""text"": ""Козельщинського , Кременчуцького , Полтавського , Зіньківського , Миргородського районів"", ""start"": 8, ""end"": 96}]"
40df127974dce3c9d473e16493943ab6e11bdb202024b5813d7dc268b2af3d42,Відповідно до жеребкування команди були розподілені на дві групи .,[],"[{""label"": ""ORG"", ""text"": ""команди"", ""start"": 27, ""end"": 34}]"
a4bd5524971e3c013ca787312ec6bc182bf635a729f25f8fe83a658c4441b533,"До першої потрапили футбольні дружини Козельщинського , Кременчуцького і Полтавського районів .","[{""label"": ""LOC"", ""text"": ""Козельщинського""}, {""label"": ""LOC"", ""text"": ""Кременчуцького""}, {""label"": ""LOC"", ""text"": ""Полтавського районів""}]","[{""label"": ""LOC"", ""text"": ""Козельщинського , Кременчуцького і Полтавського районів"", ""start"": 38, ""end"": 93}]"
ea0c8f0f76143f7ebe86274fe0360cd78c1378c255c69fdf96fda94fda93f06a,У першій грі господарі змагань аматори Полтавського району впевнено перемогли з рахунком 3 : 0 своїх візаві із Козельщини .,"[{""label"": ""LOC"", ""text"": ""Полтавського району""}, {""label"": ""LOC"", ""text"": ""Козельщини""}]","[{""label"": ""LOC"", ""text"": ""Полтавського району"", ""start"": 39, ""end"": 58}, {""label"": ""PCT"", ""text"": ""3 : 0"", ""start"": 89, ""end"": 94}, {""label"": ""LOC"", ""text"": ""Козельщини"", ""start"": 111, ""end"": 121}]"
d5505c410fc5a652202b9b3ffe2f75c66831c944b086d9a2907398a089a1bf4e,"Наступна гра між командами Козельщинського і Кременчуцького районів була напрочуд цікавою , напруженою і сповненою драматизму .","[{""label"": ""LOC"", ""text"": ""Козельщинського""}, {""label"": ""LOC"", ""text"": ""Кременчуцького районів""}]","[{""label"": ""LOC"", ""text"": ""Козельщинського і Кременчуцького районів"", ""start"": 27, ""end"": 67}]"
00d5c516de12fefc68f743bb81b1fc845b1625162ac0747ba0598158bdfaa00a,Спочатку в рахунку повели футболісти Козельщини .,"[{""label"": ""LOC"", ""text"": ""Козельщини""}]","[{""label"": ""ORG"", ""text"": ""футболісти Козельщини"", ""start"": 26, ""end"": 47}]"
9ec4ed62909de3f854a35c7cd24c3cc277870b10e7958ae13e022a4f26edd437,Вони забили у ворота суперника два м’ячі .,[],"[{""label"": ""PERS"", ""text"": ""Вони"", ""start"": 0, ""end"": 4}, {""label"": ""QUANT"", ""text"": ""два м’ячі"", ""start"": 31, ""end"": 40}]"
5562a29e01abaa06876361962837a0cddc48b22b29457a59a21f81b1d3ba6d86,Але до кінця першого тайму рахунок став нічийним .,[],"[{""label"": ""PERIOD"", ""text"": ""першого тайму"", ""start"": 13, ""end"": 26}, {""label"": ""MISC"", ""text"": ""рахунок"", ""start"": 27, ""end"": 34}]"
5f695622863e5f87e9201b7d63263a512856ff595546e6fe96d91000585c89ee,Початок другого тайму був точною копією першого .,[],"[{""label"": ""PERIOD"", ""text"": ""другого тайму"", ""start"": 8, ""end"": 21}]"
ea6623324032bbb5b76ee5a5c10b4d2b5c026e785571c3a54ff3ca8ff19e2301,Козельщинські футболісти забили два м’ячі .,[],"[{""label"": ""ORG"", ""text"": ""Козельщинські футболісти"", ""start"": 0, ""end"": 24}, {""label"": ""QUANT"", ""text"": ""два м’ячі"", ""start"": 32, ""end"": 41}]"
335ebac3090460dd1c6e56c9bc03b1d7954821905ccd0f369538de2df449ed22,"Інтрига розпочалася , коли до завершення гри залишалось хвилин п’ять .","[{""label"": ""PERIOD"", ""text"": ""хвилин п’ять""}]","[{""label"": ""PERIOD"", ""text"": ""хвилин п’ять"", ""start"": 56, ""end"": 68}]"
83d2b62d33c862f97317b62e80d8551027a4b43ca06597f8645e366c471ad44c,Спочатку три м’ячі забили кременчужани і повели в рахунку 5 : 4 .,[],"[{""label"": ""QUANT"", ""text"": ""три м’ячі"", ""start"": 9, ""end"": 18}, {""label"": ""ORG"", ""text"": ""кременчужани"", ""start"": 26, ""end"": 38}, {""label"": ""PCT"", ""text"": ""5 : 4"", ""start"": 58, ""end"": 63}]"
fefda4efab3ac1e2f0ecc8ef63ce4152b9b507d36fe9d30932ad8c5b41a24979,"До кінця гри залишалась одна хвилина , здавалось уже ніхто не завадить кременчужанам перемогти .",[],"[{""label"": ""PERIOD"", ""text"": ""одна хвилина"", ""start"": 24, ""end"": 36}, {""label"": ""ORG"", ""text"": ""кременчужанам"", ""start"": 71, ""end"": 84}]"
18eef85b08c131bec5b4e4a43b536715f369274a8ba7d9b7b735c6074a536357,Проте протягом хвилини гравці команди Козельщанського району двічі вражали ворота суперника і здобули вольову перемогу з рахунком 6 : 5 .,"[{""label"": ""LOC"", ""text"": ""Козельщанського району""}]","[{""label"": ""PERIOD"", ""text"": ""хвилини"", ""start"": 15, ""end"": 22}, {""label"": ""LOC"", ""text"": ""Козельщанського району"", ""start"": 38, ""end"": 60}]"
792e7eede83855da8522957ce10adfce8a68b755a8c3ed96da7f6c928a2bb787,"Так і не оговтавшись , кременчужани майже без бою поступились аматорам Полтавського району з рахунком 1 : 5 .","[{""label"": ""LOC"", ""text"": ""Полтавського району""}]","[{""label"": ""ORG"", ""text"": ""кременчужани"", ""start"": 23, ""end"": 35}, {""label"": ""LOC"", ""text"": ""Полтавського району"", ""start"": 71, ""end"": 90}, {""label"": ""PCT"", ""text"": ""1 : 5"", ""start"": 102, ""end"": 107}]"
daa4d3142aa12cafcd2c0d94b75089258ea1d9da8fc5fcdf5225012bdf25cef9,В іншій групі футболісти Зіньківського району впевнено перемогли миргородців із рахунком 5 : 1 .,"[{""label"": ""LOC"", ""text"": ""Зіньківського району""}]","[{""label"": ""LOC"", ""text"": ""Зіньківського району"", ""start"": 25, ""end"": 45}, {""label"": ""ORG"", ""text"": ""миргородців"", ""start"": 65, ""end"": 76}, {""label"": ""PCT"", ""text"": ""5 : 1"", ""start"": 89, ""end"": 94}]"
9f28ae98c1af8bb013203385c740573834b5133bb4f5651fd9de7a6f18576ec8,У грі за третє місце аматори Козельщинського району з рахунком 4 : 1 перемогли суперників із Миргородського району .,"[{""label"": ""LOC"", ""text"": ""Козельщинського району""}, {""label"": ""LOC"", ""text"": ""Миргородського району""}]","[{""label"": ""LOC"", ""text"": ""Козельщинського району"", ""start"": 29, ""end"": 51}, {""label"": ""PCT"", ""text"": ""4 : 1"", ""start"": 63, ""end"": 68}, {""label"": ""LOC"", ""text"": ""Миргородського району"", ""start"": 93, ""end"": 114}]"
294782ecd5252f008919a855c7792abf5a2002fa5bc02e00eb81bd2395af29e3,Фінальна гра між футболістами Полтавського і Зіньківського району була мало видовищною .,"[{""label"": ""LOC"", ""text"": ""Полтавського""}, {""label"": ""LOC"", ""text"": ""Зіньківського району""}]","[{""label"": ""ORG"", ""text"": ""футболістами Полтавського і Зіньківського району"", ""start"": 17, ""end"": 65}]"
c8f2c1a20954cde1138a040dee6947071375f3633fb275f1e137615ec1f76320,"Полтавці , забивши в дебюті два м’ячі , в основному контролювали м’яч , і лише час від часу турбували ворота суперників .",[],"[{""label"": ""ORG"", ""text"": ""Полтавці"", ""start"": 0, ""end"": 8}, {""label"": ""QUANT"", ""text"": ""два м’ячі"", ""start"": 28, ""end"": 37}, {""label"": ""MISC"", ""text"": ""м’яч"", ""start"": 65, ""end"": 69}, {""label"": ""PERIOD"", ""text"": ""час від часу"", ""start"": 79, ""end"": 91}]"
1fd63f3745e04becb82c35ae2e7ba3adb6812307c32388282d03e52ee816e122,Футболісти Зіньківського району лише захищалися .,"[{""label"": ""LOC"", ""text"": ""Зіньківського району""}]","[{""label"": ""LOC"", ""text"": ""Зіньківського району"", ""start"": 11, ""end"": 31}]"
23bb55ca0295c8b90c54e80e7b7960d109d3079607d59d5fae5be8163e0a7a57,Але під кінець гри трибуни ожили .,[],"[{""label"": ""ORG"", ""text"": ""трибуни"", ""start"": 19, ""end"": 26}]"
99fabdd119bdb07818dece08d0c28990deeb18b114f436af704c320009204b95,"Помилкою в нападі полтавців скористалися зіньківчани і « відквитали » один м’яч , та на більше їх не вистачило .",[],"[{""label"": ""QUANT"", ""text"": ""один м’яч"", ""start"": 70, ""end"": 79}]"
f08fdfd0f0048101a9916ebe279124edc336219490ccafb315b432c36d67fb35,"Отже , чемпіоном стала команда Полтавського району , срібні нагороди в аматорів Зіньківського району , бронзові – у футболістів Козельщинського району .","[{""label"": ""LOC"", ""text"": ""Полтавського району""}, {""label"": ""LOC"", ""text"": ""Зіньківського району""}, {""label"": ""LOC"", ""text"": ""Козельщинського району""}]","[{""label"": ""LOC"", ""text"": ""Полтавського району"", ""start"": 31, ""end"": 50}, {""label"": ""LOC"", ""text"": ""Зіньківського району"", ""start"": 80, ""end"": 100}, {""label"": ""LOC"", ""text"": ""Козельщинського району"", ""start"": 128, ""end"": 150}]"
08e6406320dabb9b403be741c2a2e57bc1b2e3cb6badb71c4c18851be16f40cc,"Усі переможці і призери отримали медалі і грамоти від Полтавської обласної організації ВФСТ « Колос » АПК України . Філогенез головного мозку хордових , до яких належить і людина , — захопливий процес .","[{""label"": ""ORG"", ""text"": ""Полтавської обласної організації ВФСТ « Колос » АПК України""}]","[{""label"": ""PERS"", ""text"": ""Усі переможці і призери"", ""start"": 0, ""end"": 23}, {""label"": ""MISC"", ""text"": ""медалі і грамоти"", ""start"": 33, ""end"": 49}, {""label"": ""ORG"", ""text"": ""ВФСТ « Колос » АПК України"", ""start"": 87, ""end"": 113}, {""label"": ""MISC"", ""text"": ""Філогенез головного мозку хордових"", ""start"": 116, ""end"": 150}, {""label"": ""PERS"", ""text"": ""людина"", ""start"": 172, ""end"": 178}]"
ea856b4351fa5aa13276ee8759665a2106a6cfc4a5c90d99fc994b0e4cc3ff2e,Мені він нагадує вдосконалення наявної програмної оболонки разом із нарощуванням потужності самого « процесора » .,[],"[{""label"": ""PERS"", ""text"": ""Мені він"", ""start"": 0, ""end"": 8}, {""label"": ""ART"", ""text"": ""процесора"", ""start"": 101, ""end"": 110}]"
d1b7d2e97498b45c597b84b646fb9c8bc4baf2db71ec63cb593a9364cbce9795,"Оскільки природа дуже економна , то вона рідко викидає корисне , а частіше трансформує його і додає до нього нове .",[],"[{""label"": ""MISC"", ""text"": ""корисне"", ""start"": 55, ""end"": 62}]"
176f59651385299a65867d6632b8f634083bde0527b4fd412e6b65e4dc704c15,"Відповідно до концепції триєдиного мозку Пола МакЛіна ( Paul D . MacLean ) , розробленої в 60-х роках XX століття , в мозку людини тим чи тим чином збережено всі попередні моделі головного мозку : рептилійний мозок ( р-комплекс ) , лімбічна система і найновіший винахід еволюції — неокортекс .","[{""label"": ""PERS"", ""text"": ""Пола МакЛіна""}, {""label"": ""PERS"", ""text"": ""Paul D . MacLean""}, {""label"": ""DATE"", ""text"": ""60-х роках XX століття""}]","[{""label"": ""PERS"", ""text"": ""Paul D . MacLean"", ""start"": 56, ""end"": 72}, {""label"": ""PERIOD"", ""text"": ""60-х роках XX століття"", ""start"": 91, ""end"": 113}, {""label"": ""MISC"", ""text"": ""рептилійний мозок ( р-комплекс )"", ""start"": 197, ""end"": 229}, {""label"": ""MISC"", ""text"": ""лімбічна система"", ""start"": 232, ""end"": 248}, {""label"": ""MISC"", ""text"": ""неокортекс"", ""start"": 281, ""end"": 291}]"
af106b1d28d0243f7951e93374b6f96dfe0168617974fe6f779e3d4ef850094d,Ці модулі приблизно відповідають етапам філогенезу головного мозку від рептилій через ссавців до приматів .,[],"[{""label"": ""MISC"", ""text"": ""рептилій"", ""start"": 71, ""end"": 79}, {""label"": ""MISC"", ""text"": ""ссавців"", ""start"": 86, ""end"": 93}, {""label"": ""MISC"", ""text"": ""приматів"", ""start"": 97, ""end"": 105}]"
6cdad13a91c7e7ee3f4f39905d36bbe333099747403fd06472c9676bbe8b484e,"Також у процесі еволюції головного мозку виникла ієрархізація : підпорядкування розташованих глибше , давніших структур — вищим , новішим .",[],[]
4d94d1093289f505de96399ec5842d453d97d9fec8fb236135509888721f88aa,"У процесі розвитку головного мозку ми отримали складний триєдиний мозок , яким керує « процесор » найновішого покоління — неокортекс .",[],"[{""label"": ""MISC"", ""text"": ""складний триєдиний мозок"", ""start"": 47, ""end"": 71}, {""label"": ""ART"", ""text"": ""неокортекс"", ""start"": 122, ""end"": 132}]"
11229937ad09763574228499aec47c170912a9fc29ecc81d31e9e390adff44b7,Розгляньмо детальніше його « підлеглих » колег .,[],[]
507a9ea41c0d65e6f164f6b3e7f3590d4a6d39995438746066c16b7b00fd1777,"Найглибший і найдавніший — р-комплекс , який ми успадкували від рептилій .",[],"[{""label"": ""MISC"", ""text"": ""р-комплекс"", ""start"": 27, ""end"": 37}]"
bd0f49d54a65a69d7ddc1f4cef45a90714f912b0d02e317f337c807873e01ae0,"Він керує базовою поведінкою , відповідає за виживання особини , захист території , розмноження , агресію тощо .",[],"[{""label"": ""PERS"", ""text"": ""Він"", ""start"": 0, ""end"": 3}, {""label"": ""MISC"", ""text"": ""розмноження"", ""start"": 84, ""end"": 95}, {""label"": ""MISC"", ""text"": ""агресію"", ""start"": 98, ""end"": 105}]"
6e653d0d3d765b552c3067d51b426c9a2bbdba557eeb63c37cfdef8b90b02be9,"У ньому відсутні емоції й такі поняття , як , наприклад , співчуття .",[],"[{""label"": ""MISC"", ""text"": ""співчуття"", ""start"": 58, ""end"": 67}]"
593f3421cefd5cd7c6bc4fac40291259bdd3e020c31640dd7b2efc72dbf14def,"Це автопілот , що рятував наших предків від неминучої смерті саме швидкими , доведеними до автоматизму реакціями : в потрібний момент завмерти , в інший — бігти так швидко , як ти можеш , а часом — нападати на агресора з усієї сили .",[],"[{""label"": ""JOB"", ""text"": ""автопілот"", ""start"": 3, ""end"": 12}]"
0700e50c30311b81523f08e42d21d5b4066fbc937422c47356f96af7c2e2bffe,"Новіший палеомамальний модуль , або лімбічна система , вперше з’явився у ссавців .",[],"[{""label"": ""MISC"", ""text"": ""Новіший палеомамальний модуль"", ""start"": 0, ""end"": 29}, {""label"": ""MISC"", ""text"": ""лімбічна система"", ""start"": 36, ""end"": 52}]"
f9e9b03aa1fcb2ba8082620a3a48f177c1eb9f082e70caeeecf0c318f3aa8399,"На відміну від рептилій , ссавці отримали здатність доглядати нащадків і гратися з ними .",[],"[{""label"": ""MISC"", ""text"": ""рептилій"", ""start"": 15, ""end"": 23}, {""label"": ""MISC"", ""text"": ""ссавці"", ""start"": 26, ""end"": 32}]"
81b33e5634528d0e25348c7aaf7a3a9e9b55440365b7c16efe3cb5872c327862,"Також виникають аналоги людських емоцій , які змінюють стан тіла ( наприклад , такі , що викликають збудження в разі викидання адреналіну в кров ) .",[],[]
6cd39691790926dc79bef76c643ffc8d4af6d78dd151e878595a84c53f018695,"Лімбічна система завдяки своїм складним компонентам також допомагає збалансувати гармонійне функціонування всього організму , відповідає за регуляцію переживань , пам’яті , сну , денної активності та ін .",[],[]
ecb4e19aa32d96711fa74147fb992aae0e82ecd6984e7bc78f84460ce8fa931f,"Ця новіша і гнучкіша система дублює й деякі функції рептилійного мозку : харчування , самозахист , форми соціальної поведінки .",[],"[{""label"": ""MISC"", ""text"": ""харчування"", ""start"": 73, ""end"": 83}, {""label"": ""MISC"", ""text"": ""самозахист"", ""start"": 86, ""end"": 96}, {""label"": ""MISC"", ""text"": ""форми соціальної поведінки"", ""start"": 99, ""end"": 125}]"
9e78ef80f100302a12d590577e6f50a237c84316a5d269713510e58484dc6d7a,"Однак на цьому рівні розвитку мозку важливим є вже захист не себе , а групи найближчих особин — сім’ї .",[],"[{""label"": ""MISC"", ""text"": ""сім’ї"", ""start"": 96, ""end"": 101}]"
6c42e6a650e3a698db5e22559a797c3f82bb700101f69522d19a17d07c7353aa,"Лімбічна система , подібно до р-комплексу , має свої центри агресії , однак , на відміну від попередньої моделі , й свої центри задоволення , що стимулюються через хімічні нейротрансмітери і нейромодулятори : ендорфіни , окситоцин ( гормон прив’язаності ) тощо .",[],[]
87a18b1adda0a8857d02fe319c4caadaf2e4ca94fb8e120ffcfdcbccccd41a5b,"Третім , найновішим модулем з триєдиної моделі виступає неокортекс .",[],"[{""label"": ""MISC"", ""text"": ""неокортекс"", ""start"": 56, ""end"": 66}]"
79efbb0c1ffcc03f156584932b3e73b36effab278246c7e354ad15cbd5790187,"Він з’являється вже у ссавців , однак найактивніше проявляється у приматів , а найвищого свого розвитку досягає у людини .",[],"[{""label"": ""PERS"", ""text"": ""Він"", ""start"": 0, ""end"": 3}, {""label"": ""MISC"", ""text"": ""приматів"", ""start"": 66, ""end"": 74}, {""label"": ""PERS"", ""text"": ""людини"", ""start"": 114, ""end"": 120}]"
36eec0f7bae5d6f51eec49b691e0e542ce5428b95db6613295e60efe8ee3f00b,"Неокортекс відповідає за безпосереднє сприйняття інформації від органів чуття — тактильних , зорових , слухових .",[],"[{""label"": ""PERS"", ""text"": ""Неокортекс"", ""start"": 0, ""end"": 10}]"
41ba85299efb469dd249cb28f59d43acd85e121a778b4d13f9739606bf5b1b80,Однак на це йде лише 5 % від площі неокортексу .,"[{""label"": ""PCT"", ""text"": ""5 %""}]","[{""label"": ""PCT"", ""text"": ""5 %"", ""start"": 21, ""end"": 24}]"
05549ed63ab3c841c97d8452f15ce34fbe9aba7a171c13a038dd7613648e9917,"Решта 95 % — вторинна , або асоціативна , кора .","[{""label"": ""PCT"", ""text"": ""95 %""}]","[{""label"": ""PCT"", ""text"": ""95 %"", ""start"": 6, ""end"": 10}, {""label"": ""MISC"", ""text"": ""вторинна , або асоціативна , кора"", ""start"": 13, ""end"": 46}]"
1583c5e2c49df8a159610b8c4e0fbd7f1900bb7469f8223a7ece163f418af301,"Вона відповідає не за безпосереднє сприйняття інформації , а за узагальнення інформації , яку отримано від органів чуття , а також інформації , вже обробленої іншими мозковими центрами .",[],"[{""label"": ""PERS"", ""text"": ""Вона"", ""start"": 0, ""end"": 4}]"
b7285e55a2046dce839dc6c93f7f65f93f96c32cafcec2a56032dba51c020168,"Абстрактне й образне мислення , планування , активна робота з пам’яттю , сприйняття емоцій оточення , мова тощо — все це результат роботи неокортексу , « нової кори » .",[],"[{""label"": ""MISC"", ""text"": ""Абстрактне й образне мислення"", ""start"": 0, ""end"": 29}]"
86f445f2d5eace1882aac6e24e9a2dc7cf61aefedcb935213bbb9277eccf21cd,"Однак найцікавішою , як на мене , відмінністю неокортексу від попередніх моделей мозку є здатність пригнічувати бажання діяти звичним чином .",[],"[{""label"": ""MISC"", ""text"": ""неокортексу"", ""start"": 46, ""end"": 57}]"
25f1c3f88ffd0b20ccff4bd5b9e68afcef53f045e6752485e7684f56a5c38c0c,"Якщо лімбічна система тягне нас залишатися в зоні комфорту , не порушувати традицій без нагальної потреби , то неокортекс наділяє людину здатністю ухвалювати творчі і ризиковані рішення , мати власну думку .",[],"[{""label"": ""LOC"", ""text"": ""зоні комфорту"", ""start"": 45, ""end"": 58}, {""label"": ""ORG"", ""text"": ""неокортекс"", ""start"": 111, ""end"": 121}, {""label"": ""PERS"", ""text"": ""людину"", ""start"": 130, ""end"": 136}]"
57da2d67438e5f865231bfd72a38c7cb7df6b3c85a4b7a684522a6684258c726,"Концепція триєдиного мозку наголошує на тому , що всі три модулі не відокремлені один від одного , а взаємодіють .",[],"[{""label"": ""MISC"", ""text"": ""Концепція триєдиного мозку"", ""start"": 0, ""end"": 26}, {""label"": ""MISC"", ""text"": ""три модулі"", ""start"": 54, ""end"": 64}]"
0063722ce469f48c4a84de2a4981d5e016628236cad88a84b7d4b7087be4c38e,"Причому найновіший модуль , як диригент , у міру потреби надає слово тій системі , яка наразі необхідна , і тією мірою , якою це необхідно .",[],"[{""label"": ""JOB"", ""text"": ""найновіший модуль"", ""start"": 8, ""end"": 25}, {""label"": ""JOB"", ""text"": ""диригент"", ""start"": 31, ""end"": 39}, {""label"": ""JOB"", ""text"": ""слово"", ""start"": 63, ""end"": 68}]"
0a6da91388911ccbcde9bfc26726b115813e99e6a554902d5946d10005de247a,"Отже , людські емоції — це результат взаємодії лімбічної системи і неокортексу .",[],[]
516e3c0144e491d7875efe58e3d7a0c572cdf1d68e72d0a6f482fa717319de9e,"Якщо активувати напряму саму лімбічну систему , наприклад , за допомогою введення в організм адреналіну , то людина відчує збудження , але воно ще не буде емоцією .",[],"[{""label"": ""PERS"", ""text"": ""людина"", ""start"": 109, ""end"": 115}]"
516e067ad59c4a5ec934f15eef4c7f8211cbf2a3eee928965dcc7fb74927efdb,"Для того , щоб воно стало якоюсь конкретною емоцією , потрібно « ввести » у неокортекс знання про факти — тоді він , проаналізувавши ці факти , віддасть наказ лімбічній системі , що саме відчувати : горе , страх , тривогу тощо .",[],"[{""label"": ""LOC"", ""text"": ""неокортекс"", ""start"": 76, ""end"": 86}, {""label"": ""MISC"", ""text"": ""знання про факти"", ""start"": 87, ""end"": 103}, {""label"": ""PERS"", ""text"": ""він"", ""start"": 111, ""end"": 114}, {""label"": ""MISC"", ""text"": ""факти"", ""start"": 136, ""end"": 141}]"
8f1bafe395fcb1f0b8a4e34418fb0eee89a49101990c77b89fb0538e6298cb95,"Але не можна твердити , що неокортекс сам виступає одноосібним керівником , оскільки через вплив лімбічної системи його логічні та структуровані рішення набувають емоційного забарвлення і навіть відчуваються на тілесному рівні , що й відрізняє людину від комп’ютера .","[{""label"": ""JOB"", ""text"": ""одноосібним керівником""}]","[{""label"": ""JOB"", ""text"": ""одноосібним керівником"", ""start"": 51, ""end"": 73}, {""label"": ""PERS"", ""text"": ""людину"", ""start"": 244, ""end"": 250}, {""label"": ""ART"", ""text"": ""комп’ютера"", ""start"": 255, ""end"": 265}]"
e88de34169301dfdd4520ee290818dee7f40de61c4b542cb16efa617a18d6e77,"Саме лімбічна система відповідає за зміну настрою , однак — під наглядом неокортексу .",[],"[{""label"": ""MISC"", ""text"": ""лімбічна система"", ""start"": 5, ""end"": 21}]"
0320a4dd2a59bf7158a6578e1bd14b38ee8bc5766a17d66a7fa1cfbc397dae9d,"Незначні порушення такого зв’язку призводять до « стертості » емоцій , а суттєві перешкоди — до формування психопатичної особистості .",[],"[{""label"": ""PERS"", ""text"": ""психопатичної особистості"", ""start"": 107, ""end"": 132}]"
03833367424932322f0b5f0f913377ac394d16fcf2ca027091b8090dc6c441b7,"Також лімбічна система , як середній рівень , співпрацює з нижчими модулями , наприклад , із давнім утворенням — нюховим мозком .",[],"[{""label"": ""MISC"", ""text"": ""лімбічна система"", ""start"": 6, ""end"": 22}, {""label"": ""MISC"", ""text"": ""середній рівень"", ""start"": 28, ""end"": 43}, {""label"": ""MISC"", ""text"": ""нюховим мозком"", ""start"": 113, ""end"": 127}]"
56b0970a5eadae2fffe9565423fa86d8dbfdaa461cad800164c5be6c7020d089,"Від цієї взаємодії виникає емоційна нюхова пам’ять , коли запахи викликають ті чи ті емоційні спогади .",[],"[{""label"": ""ART"", ""text"": ""емоційна нюхова пам’ять"", ""start"": 27, ""end"": 50}, {""label"": ""ART"", ""text"": ""запахи"", ""start"": 58, ""end"": 64}]"
d00718a03444fe0841db34f524326920a7340dfb47835715fb47d8a4c47eebc4,"В разі фізичної загрози неокортекс і лімбічна система віддають свої важелі керування найдавнішому модулю — р-комплексу , щоб він без роздумів кинув усі сили на порятунок . Пол МакЛін , автор концепції триєдиного мозку , говорив , що людський мозок — це « три взаємопов’язані біологічні комп’ютери » , кожен із яких мас « свій власний розум , своє власне відчуття часу і простору , власну пам’ять , рухову та інші функції » .","[{""label"": ""PERS"", ""text"": ""Пол МакЛін""}]","[{""label"": ""LOC"", ""text"": ""неокортекс"", ""start"": 24, ""end"": 34}, {""label"": ""MISC"", ""text"": ""р-комплексу"", ""start"": 107, ""end"": 118}, {""label"": ""PERS"", ""text"": ""Пол МакЛін"", ""start"": 172, ""end"": 182}, {""label"": ""MISC"", ""text"": ""людський мозок"", ""start"": 233, ""end"": 247}]"
c1770000168c5b39d2e562e8882a4e9b5ea1f20df62da74299a1da7e8f4f2b28,"Наразі багато хто критикує цю концепцію з позиції знань , набутих завдяки сучаснішим дослідженням .",[],[]
8ac37846b5761566870531835d9c066aff60fcfa1321ca4cbfcc6f5dd512ecd0,"Однак вона все одно залишається найбільш наочною для пояснення тих процесів , що відбуваються у нас у голові .",[],"[{""label"": ""PERS"", ""text"": ""вона"", ""start"": 6, ""end"": 10}]"
ebbe4139ac9b0430c59727c311e5c315b101135680a7255bcb8c084aea6b6ad6,"Проте навіть найсучасніший комп’ютер досить часто « зависає » , або ж під дією оточення трапляються форс-мажорні обставини .",[],[]
51563b5eb78081f9f45fcf24ae02db9dfb44f442751a428dd1497577b24d9f75,"У разі , коли наш неокортекс помилково вважає просту стресову ситуацію загрозою для життя , він може вимкнутись і віддати керування нижчим модулям — лімбічному чи рептилійному , які , відповідно до моделі поведінки , запрограмованої в них , спонукатимуть наше тіло до певних дій і реакцій .",[],"[{""label"": ""MISC"", ""text"": ""лімбічному"", ""start"": 149, ""end"": 159}, {""label"": ""MISC"", ""text"": ""рептилійному"", ""start"": 163, ""end"": 175}]"
1fe27aafd6caca807aac5621723006c50738c4c81f225884ceeb39f910e634f2,"Наприклад , лімбічна система в разі емоційного перевантаження , коли людині доводиться довго стримувати прояви сильних емоцій , або в ситуації потужного емоційного потрясіння може перебрати на себе функцію керування , що призведе до повного вимкнення системи мислення і виллється в нестримні емоційні реакції , які , своєю чергою , можуть призвести до фізичних розладів : порушення роботи системи травлення , серця , м’язів тощо .",[],"[{""label"": ""ORG"", ""text"": ""лімбічна система"", ""start"": 12, ""end"": 28}, {""label"": ""PERS"", ""text"": ""людині"", ""start"": 69, ""end"": 75}]"
8f32f3474b708a40f332e9bda4e0fb21f442ac1eb92d04b09ea29abeae6ff65a,"В разі фізичної загрози , або коли організм сприймає щось як фізичну загрозу : наприклад , голосний крик начальника чи вчителя , очікування суворого покарання від батьків , — може вимкнутися й лімбічна система .","[{""label"": ""JOB"", ""text"": ""начальника""}, {""label"": ""JOB"", ""text"": ""вчителя""}]","[{""label"": ""JOB"", ""text"": ""начальника"", ""start"": 105, ""end"": 115}, {""label"": ""JOB"", ""text"": ""вчителя"", ""start"": 119, ""end"": 126}, {""label"": ""JOB"", ""text"": ""батьків"", ""start"": 163, ""end"": 170}, {""label"": ""MISC"", ""text"": ""лімбічна система"", ""start"": 193, ""end"": 209}]"
e998f44c562a4771e2fc2c7d216d4f9786b1e7f5215d8f89bff685de71bf8def,Тоді всім починає заправляти система найдавнішого порядку .,[],"[{""label"": ""ORG"", ""text"": ""система найдавнішого порядку"", ""start"": 29, ""end"": 57}]"
9039440f0aded9e8eea74fcb8d06bb14a45e9be9848f00aa295ad81343b97a8c,"В такій ситуації р-комплекс надсилає недвозначні послання всьому організмові — викинути побільше адреналіну , перейти на грудне дихання , змусити серце битися частіше , відтягнути кров від органів травлення і підвести її до м’язів , що відповідають за втечу / напад тощо .",[],"[{""label"": ""MISC"", ""text"": ""м’язів"", ""start"": 224, ""end"": 230}]"
f4cf331a5f0664c558a51176f99daa227e81b6289d3133f3cf497abd2f1fa3ad,"Або навпаки — завмерти і звести життєдіяльність організму до мінімуму . Місто , що називалося Рондо , було особливим .","[{""label"": ""LOC"", ""text"": ""Рондо""}]","[{""label"": ""LOC"", ""text"": ""Рондо"", ""start"": 94, ""end"": 99}]"
604c62140ed14665aeca7b56e7c662377093401fc72a71bed6d1eef27a14a3f1,"Повітря там було чисте і прозоре , ніби зіткане з найтоншого світла .",[],[]
6a8b09a024388e5efa0437506e674834e2fbed623f6ccfab62d000a7f26a8199,"А всі мешканці , незвичайні й дуже тендітні , вирощували квіти , плекали сади і парки , будували химерні будинки , розмовляли з птахами та рослинами , любили співати , малювати , писати вірші .",[],"[{""label"": ""MISC"", ""text"": ""квіти"", ""start"": 57, ""end"": 62}, {""label"": ""LOC"", ""text"": ""сади і парки"", ""start"": 73, ""end"": 85}, {""label"": ""MISC"", ""text"": ""химерні будинки"", ""start"": 97, ""end"": 112}]"
c45d31e59d3501c2239803de8b57bf82340ff97d33a0f0938211514340fb47a6,"І тішилися тому , що живуть у Рондо .","[{""label"": ""LOC"", ""text"": ""Рондо""}]","[{""label"": ""LOC"", ""text"": ""Рондо"", ""start"": 30, ""end"": 35}]"
b74a760dd0a4d67b3389bd8084d2aa7ca30d0f0117bf312f40a4ddac286a38fe,"Проте найбільше любили місто троє друзів – Данко , Зірка та Фабіян .","[{""label"": ""PERS"", ""text"": ""Данко""}, {""label"": ""PERS"", ""text"": ""Зірка""}, {""label"": ""PERS"", ""text"": ""Фабіян""}]","[{""label"": ""LOC"", ""text"": ""місто"", ""start"": 23, ""end"": 28}, {""label"": ""PERS"", ""text"": ""Данко"", ""start"": 43, ""end"": 48}, {""label"": ""PERS"", ""text"": ""Зірка"", ""start"": 51, ""end"": 56}, {""label"": ""PERS"", ""text"": ""Фабіян"", ""start"": 60, ""end"": 66}]"
453f9e608f5add6531629e230877590145a5ccb8bdaac76f7cd95a7f55f26379,"У Рондо їх знав кожен . Данко мав тіло тонке й прозоре і світився , наче ліхтарик .","[{""label"": ""LOC"", ""text"": ""Рондо""}, {""label"": ""PERS"", ""text"": ""Данко""}]","[{""label"": ""LOC"", ""text"": ""Рондо"", ""start"": 2, ""end"": 7}, {""label"": ""PERS"", ""text"": ""Данко"", ""start"": 24, ""end"": 29}, {""label"": ""ART"", ""text"": ""ліхтарик"", ""start"": 73, ""end"": 81}]"
e1a87bfeb4ed2446cfb51c56c0d0b420ab49e98f11ba4ac796eb12f62e9226e6,А найяскравіше світилося його серце .,[],"[{""label"": ""ART"", ""text"": ""серце"", ""start"": 30, ""end"": 35}]"
786bf588766db2187baf319b1413be3067e1eb6f4f3c05687b161db7b8d69eda,"Він часто їздив міськими вуличками на ровері , наспівуючи мелодії з улюблених кінофільмів .",[],"[{""label"": ""PERS"", ""text"": ""Він"", ""start"": 0, ""end"": 3}, {""label"": ""LOC"", ""text"": ""міськими вуличками"", ""start"": 16, ""end"": 34}, {""label"": ""LOC"", ""text"": ""ровері"", ""start"": 38, ""end"": 44}]"
90f0be577027bc15f2fdab2934fd82ed34a2a52ec3796783882065f6306527b9,"До керма був прикріплений кошик , а в кошику лежав товстий атлас зі старовинними гравюрами рослин , квітів , дерев . Фабіян – нащадок давнього роду шукачів скарбів – мав гострий нюх і зіркий погляд .","[{""label"": ""PERS"", ""text"": ""Фабіян""}]","[{""label"": ""ART"", ""text"": ""кошик"", ""start"": 26, ""end"": 31}, {""label"": ""ART"", ""text"": ""кошику"", ""start"": 38, ""end"": 44}, {""label"": ""ART"", ""text"": ""товстий атлас"", ""start"": 51, ""end"": 64}, {""label"": ""MISC"", ""text"": ""рослин , квітів , дерев"", ""start"": 91, ""end"": 114}, {""label"": ""PERS"", ""text"": ""Фабіян"", ""start"": 117, ""end"": 123}, {""label"": ""ORG"", ""text"": ""давнього роду шукачів скарбів"", ""start"": 134, ""end"": 163}]"
4ea97ea302ea17f3616f6ce4e095a677d74aa6611a8b84a33dd014a4ba43d1e0,"Він був такий легкий , що незначний подих вітру міг би підняти його в повітря і віднести аж ген далеко , якби не срібний медальйон з карбованою літерою « F » .",[],"[{""label"": ""PERS"", ""text"": ""Він"", ""start"": 0, ""end"": 3}, {""label"": ""ART"", ""text"": ""срібний медальйон"", ""start"": 113, ""end"": 130}]"
ebc09be4d6b6b94d7a894ee3e8565fe8825f8c7e3814832371ea2bb10780ed14,"Медальйон був важкий і масивний , а Фабіян ніколи не знімав його з шиї , тому впевнено тримався землі і Рондо . Зірка вміла літати .","[{""label"": ""PERS"", ""text"": ""Фабіян""}, {""label"": ""LOC"", ""text"": ""Рондо""}, {""label"": ""PERS"", ""text"": ""Зірка""}]","[{""label"": ""ART"", ""text"": ""Медальйон"", ""start"": 0, ""end"": 9}, {""label"": ""PERS"", ""text"": ""Фабіян"", ""start"": 36, ""end"": 42}, {""label"": ""LOC"", ""text"": ""Рондо"", ""start"": 104, ""end"": 109}]"
39342773f30d6b051fc208178314274e7d696de8ef6bb780996926e8c1739d48,Вона літала високо в небі й навіть могла виконувати складні фігури вищого пілотажу .,[],"[{""label"": ""PERS"", ""text"": ""Вона"", ""start"": 0, ""end"": 4}, {""label"": ""LOC"", ""text"": ""високо в небі"", ""start"": 12, ""end"": 25}, {""label"": ""ART"", ""text"": ""складні фігури вищого пілотажу"", ""start"": 52, ""end"": 82}]"
e5a25b83a5acc93d4959e641f4064b8c384a16e73a7c1bd752db3ad0c2791bf4,"Шурхотіла паперовими крильцями десь там , угорі , а потім списувала їх нотатками і замальовками зі своїх мандрів .",[],"[{""label"": ""ART"", ""text"": ""паперовими крильцями"", ""start"": 10, ""end"": 30}, {""label"": ""LOC"", ""text"": ""десь там , угорі"", ""start"": 31, ""end"": 47}]"
b2e4b8bc554f2b9d420b418bd0d9ae8ee3e8817d449b85a7f81c9523ab2bc050,Бо понад усе любила подорожувати . Рондо славилося своїми дивовижними квітами .,"[{""label"": ""LOC"", ""text"": ""Рондо""}]","[{""label"": ""PERS"", ""text"": ""Бо"", ""start"": 0, ""end"": 2}, {""label"": ""LOC"", ""text"": ""Рондо"", ""start"": 35, ""end"": 40}, {""label"": ""MISC"", ""text"": ""дивовижними квітами"", ""start"": 58, ""end"": 77}]"
6aa7e6cddfb4d0708cc092c222b423777eb1f9f67b45c7b0f23878fe0cfc818f,На центральній площі розташувалася гордість і окраса міста – велика оранжерея .,[],"[{""label"": ""LOC"", ""text"": ""центральній площі"", ""start"": 3, ""end"": 20}, {""label"": ""ART"", ""text"": ""велика оранжерея"", ""start"": 61, ""end"": 77}]"
172706ad53d9002bfd3ea9ef33640b25f2ac80b8c0cb1c498483054762e79d3f,У ній були зібрані рідкісні квіти й рослини з найвіддаленіших куточків планети .,[],"[{""label"": ""MISC"", ""text"": ""рідкісні квіти й рослини"", ""start"": 19, ""end"": 43}, {""label"": ""LOC"", ""text"": ""найвіддаленіших куточків планети"", ""start"": 46, ""end"": 78}]"
1450039d6fd7491a8a8e33235aaa51a1213701228cf2ecf7893901235aa8c083,"Але найдивнішим було те , що ці квіти вміли співати .",[],[]
82fb6c46526e0f34bbff84c324bd72ebf4ce9f69f613a5c4c33ac70aa2ad7836,"В оранжереї часто влаштовували концерти , головним номером яких було вокальне виконання рондо Моцарта .","[{""label"": ""PERS"", ""text"": ""Моцарта""}]","[{""label"": ""LOC"", ""text"": ""оранжереї"", ""start"": 2, ""end"": 11}]"
7dbc08c8c8c1fd53829b870f5a029caaef5cbb041dbdcbeed7a60e72a93a2eb8,"До міста з'їжджалися з усіх усюд , аби насолодитися цим неймовірним видовищем .",[],"[{""label"": ""LOC"", ""text"": ""міста"", ""start"": 3, ""end"": 8}]"
078ec530b2348b522d0375eb587096eccd8931fb993c7c8c35c19efc0a0bc918,"А щоранку , як тільки сходило сонце , квіти хором виконували гімн міста , урочисто підводячи голівки вгору .",[],"[{""label"": ""ORG"", ""text"": ""квіти"", ""start"": 38, ""end"": 43}, {""label"": ""ART"", ""text"": ""гімн міста"", ""start"": 61, ""end"": 71}]"
dc55f36bc4eb565f94cff7824abe74c46ba12a9c06e3611a87104c8b21464e13,До світла .,[],[]
d61ef46c2054ea2ee867fb770b9fb12635c4c491cecc89642c315823e5efe073,"Щодня перед світанком Данко приїздив до оранжереї , бо любив розпочинати день співом .","[{""label"": ""PERS"", ""text"": ""Данко""}]","[{""label"": ""PERIOD"", ""text"": ""Щодня перед світанком"", ""start"": 0, ""end"": 21}, {""label"": ""PERS"", ""text"": ""Данко"", ""start"": 22, ""end"": 27}, {""label"": ""LOC"", ""text"": ""оранжереї"", ""start"": 40, ""end"": 49}]"
bab023c27df452952e044d2e25a7c0f5db2f9b9792ffff36de5692fb8dac7bea,Разом із квітами .,[],"[{""label"": ""MISC"", ""text"": ""Разом із квітами"", ""start"": 0, ""end"": 16}]"
7a117f9037ce349a2b8a244102f79649ca01f1a833f65031f409874dcc07e4c9,"Він , як ніхто , вмів доглядати за рослинами .",[],"[{""label"": ""PERS"", ""text"": ""Він"", ""start"": 0, ""end"": 3}, {""label"": ""MISC"", ""text"": ""рослинами"", ""start"": 35, ""end"": 44}]"
2a6ee2de81a07a19d1a8898475da52f7b0a99b7342c15ead73a9c4edce3e99b9,"Пильнував , аби квіти добре себе почували , аби мали достатньо води і світла .",[],"[{""label"": ""PERS"", ""text"": ""Пильнував"", ""start"": 0, ""end"": 9}, {""label"": ""ART"", ""text"": ""квіти"", ""start"": 16, ""end"": 21}]"
9bef4be48fbbfb857f5ee7dd1430e9b308d0a816009f3449897b6ec7ab692682,"А ще ретельно вивчав за атласом їхні довгі назви латиною , бо хотів знати й розуміти , котра квітка чого потребує найбільше .",[],"[{""label"": ""ART"", ""text"": ""атласом"", ""start"": 24, ""end"": 31}, {""label"": ""DOC"", ""text"": ""їхні довгі назви латиною"", ""start"": 32, ""end"": 56}]"
33368b8597cde29e8a45e8777e1ae11672072d3d4e36d6cc6145132e92ebbf50,"Після обіду Данко зазвичай зустрічався з Фабіяном у кав'ярні за рогом , де вони обговорювали останні новини .","[{""label"": ""PERS"", ""text"": ""Данко""}, {""label"": ""PERS"", ""text"": ""Фабіяном""}]","[{""label"": ""PERIOD"", ""text"": ""Після обіду"", ""start"": 0, ""end"": 11}, {""label"": ""PERS"", ""text"": ""Данко"", ""start"": 12, ""end"": 17}, {""label"": ""PERS"", ""text"": ""Фабіяном"", ""start"": 41, ""end"": 49}, {""label"": ""LOC"", ""text"": ""кав'ярні за рогом"", ""start"": 52, ""end"": 69}, {""label"": ""MISC"", ""text"": ""останні новини"", ""start"": 93, ""end"": 107}]"
2ed5aa76edaf458d18f9a14749316f68ac4d2d1939ed9dad113e387ebe38f196,А тоді вирушали в гості до Зірки .,"[{""label"": ""PERS"", ""text"": ""Зірки""}]","[{""label"": ""ORG"", ""text"": ""Зірки"", ""start"": 27, ""end"": 32}]"
5a7955ced4ad74ac53099d5ee11158d370d4e1cca29a87ac61ccc65690ef67ef,"Хоч ніколи не були певні , чи застануть її вдома , бо Зірка дуже часто літала у свої далекі мандри і могла кілька днів поспіль не з'являтися у місті .","[{""label"": ""PERS"", ""text"": ""Зірка""}]","[{""label"": ""PERS"", ""text"": ""Зірка"", ""start"": 54, ""end"": 59}, {""label"": ""LOC"", ""text"": ""місті"", ""start"": 143, ""end"": 148}]"
f8141657e30a2f19212640c80efbae7242f8bd6ed1bf35b7ebaeb135ae36777a,Це був звичайний день у Рондо .,"[{""label"": ""LOC"", ""text"": ""Рондо""}]","[{""label"": ""LOC"", ""text"": ""Рондо"", ""start"": 24, ""end"": 29}]"
e9c3cc838284660707108919618b4f3fda8c9183227943038a2e4c1177b3e2c2,"Мешканці поспішали кожен у своїх справах . Данко прямував до своїх друзів , бо знав , що Зірка саме повернулася з мандрівки і мала купу нових історій та малюнків .","[{""label"": ""PERS"", ""text"": ""Данко""}, {""label"": ""PERS"", ""text"": ""Зірка""}]","[{""label"": ""LOC"", ""text"": ""Мешканці"", ""start"": 0, ""end"": 8}, {""label"": ""PERS"", ""text"": ""Данко"", ""start"": 43, ""end"": 48}, {""label"": ""PERS"", ""text"": ""Зірка"", ""start"": 89, ""end"": 94}]"
babd8a981bdcbe960ce4d461fe54161cbaa2d0cd5948d62299bfbe1d5264ef37,"Світило сонце , співали квіти й птахи .",[],[]
c44fddcae7a877d076bf9467114ec46d050505f133f0415fd6866d419c83bc79,"Все було , як завжди ...",[],[]
aaaa80b0c33f45a2c6ee5fc8063c1737f924a7930bb4e3bc5c64f671bd13eaca,І раптом усе стихло .,[],[]
e8f09316f634a31a8d7727876a0c6e264efbdec88c4ac2c477e4b363d1213b01,А тоді настороженим шепотом прокотилось :,[],[]
40585ed75a16971ac82c7b353dde14d500a0978db5f4c569822320480afc6c91,у наше місто йде ВІЙНА,[],"[{""label"": ""LOC"", ""text"": ""наше місто"", ""start"": 2, ""end"": 12}, {""label"": ""ORG"", ""text"": ""ВІЙНА"", ""start"": 17, ""end"": 22}]"
fdaf3e9ad6351faf29292a8a3177121fc49b425017aa75ae3e39dc0e1dea54cb,"Мешканці Рондо не знали , хто така Війна .","[{""label"": ""LOC"", ""text"": ""Рондо""}]","[{""label"": ""LOC"", ""text"": ""Рондо"", ""start"": 9, ""end"": 14}, {""label"": ""PERS"", ""text"": ""Війна"", ""start"": 35, ""end"": 40}]"
10811fabf858903b5d6161890f17e8bd5ae9c45e189ccdf3f843fe77f1d57b70,Вона з'явилася ніби нізвідки .,[],"[{""label"": ""PERS"", ""text"": ""Вона"", ""start"": 0, ""end"": 4}]"
30c594ff7a180b9ac687e0e1eaaddaa6176f6f9f1723dbc88592c6717632e921,Чорна і страшна .,[],[]
64bd2f923d1e4b21917a3399bb6a566003d54efa888d9398e29f9276f1069168,"З гуркотом та скреготом поволі сунула в напрямку міста , несучи зі собою руїни , безлад і суцільну темряву .",[],"[{""label"": ""LOC"", ""text"": ""міста"", ""start"": 49, ""end"": 54}, {""label"": ""ART"", ""text"": ""руїни"", ""start"": 73, ""end"": 78}, {""label"": ""MISC"", ""text"": ""безлад"", ""start"": 81, ""end"": 87}]"
2bba10f5b22f3bf0dae14882e3bf1ccafe62a736624c91f65a8e241817f04372,"Все , до чого торкалася , зникало в густій непроглядній пітьмі .",[],"[{""label"": ""ART"", ""text"": ""Все , до чого торкалася"", ""start"": 0, ""end"": 23}, {""label"": ""LOC"", ""text"": ""густій непроглядній пітьмі"", ""start"": 36, ""end"": 62}]"
d9607efaada47c1da85d9e30faee4f2276fbaec80bc2a21d3dfca5ea8045a0fa,"Але найбільшим жахом було те , що Війна на своєму шляху сіяла чорні квіти – сухі колючі бур'яни .",[],"[{""label"": ""ORG"", ""text"": ""Війна"", ""start"": 34, ""end"": 39}, {""label"": ""MISC"", ""text"": ""сухі колючі бур'яни"", ""start"": 76, ""end"": 95}]"
d3fca9f73bc045f144f6c5b6e64fec6d1a31228cf61bfa16c04d0bf03d9a0c93,"Німі і без запаху , вони миттєво проростали з землі , спліталися в густі нетрі й затуляли сонце .",[],"[{""label"": ""LOC"", ""text"": ""землі"", ""start"": 46, ""end"": 51}, {""label"": ""ART"", ""text"": ""густі нетрі"", ""start"": 67, ""end"": 78}]"
dc963412ede745c028cb0be6d23404763472dd3695ae37f02630723d9dfeef75,А без світла витончені і беззахисні квіти Рондо почали слабнути та в'янути .,"[{""label"": ""LOC"", ""text"": ""Рондо""}]",[]
ae9bffc886daac18d54986fd94cd283e1e83e30887aa08d962fe4d068032e4cd,Вони вже не мали сили підвести голівки до неба .,[],[]
c0cb4bdfa5d3dc238479160c752ffba4fb372dde6aa161af14560e45df83c971,"І найгірше – вони взагалі перестали співати . Данко , Зірка та Фабіян – відважні , проте дуже тендітні , – вирушили супроти Війни .","[{""label"": ""PERS"", ""text"": ""Данко""}, {""label"": ""PERS"", ""text"": ""Зірка""}, {""label"": ""PERS"", ""text"": ""Фабіян""}]","[{""label"": ""PERS"", ""text"": ""Данко"", ""start"": 46, ""end"": 51}, {""label"": ""PERS"", ""text"": ""Зірка"", ""start"": 54, ""end"": 59}, {""label"": ""PERS"", ""text"": ""Фабіян"", ""start"": 63, ""end"": 69}]"
053aeef54062e9e021d61a6d4190dbdabf203baffff7b952c5df45cd184d0d7a,"Спершу вони намагалися заговорити з нею , просили її піти геть .",[],"[{""label"": ""PERS"", ""text"": ""нею"", ""start"": 36, ""end"": 39}, {""label"": ""PERS"", ""text"": ""її"", ""start"": 50, ""end"": 52}]"
3ea4a54ec29b4acab94b777cc5a0ec8c3626b31717212a0f68070be06536b49b,"Війна , не зважаючи на них , вперто сунула далі , а страшні машини , що служили їй , пішли в наступ .",[],"[{""label"": ""MISC"", ""text"": ""Війна"", ""start"": 0, ""end"": 5}, {""label"": ""ART"", ""text"": ""страшні машини"", ""start"": 52, ""end"": 66}]"
bcec661d77846ba5bc4675c318bb0ec7b37e6597b5bd5e49153d12a1fa4e233c,"Вони клацали , шипіли , сипали вогняними іскрами та жбурляли гостре каміння .",[],"[{""label"": ""PERS"", ""text"": ""Вони"", ""start"": 0, ""end"": 4}, {""label"": ""ART"", ""text"": ""гостре каміння"", ""start"": 61, ""end"": 75}]"
1166fa235626a02d66428e034c2dd0648ca012dd72972d26e290d642e965550b,"Один із каменів поцілив Данкові в груди , туди , де серце , і на його тілі з'явилася павутинка тріщин .","[{""label"": ""PERS"", ""text"": ""Данкові""}]","[{""label"": ""ART"", ""text"": ""Один із каменів"", ""start"": 0, ""end"": 15}, {""label"": ""PERS"", ""text"": ""Данкові"", ""start"": 24, ""end"": 31}]"
ce7ea2886272921e8b3a6eb324d35e8810a66b30468f72e0ba2ec9b0b1b3dcd8,"Вогняні іскри влучили в Зірку , і краєчки її паперових крилець відразу обпалилися .","[{""label"": ""PERS"", ""text"": ""Зірку""}]","[{""label"": ""ART"", ""text"": ""Вогняні іскри"", ""start"": 0, ""end"": 13}]"
2dd41833021b2b948bcaf435b7be05f4a3a88a17eab6d4fbcbcedc155e1bc958,А просто перед Фабіяном виросла чорна квітка і проколола йому ніжку .,"[{""label"": ""PERS"", ""text"": ""Фабіяном""}]","[{""label"": ""PERS"", ""text"": ""Фабіяном"", ""start"": 15, ""end"": 23}, {""label"": ""ART"", ""text"": ""чорна квітка"", ""start"": 32, ""end"": 44}]"
38621a8d2386a712f7184c7c1e776cf9379cd7fc683e8bd949fa471cd732d393,Війна торкнулася кожного .,[],"[{""label"": ""PERS"", ""text"": ""кожного"", ""start"": 17, ""end"": 24}]"
c4adfd22a1601f48fc158b8f2965e97a0a92a7a63dea8e6fb0d7e7828907af24,"Тоді друзі вирішили заговорити до Війни її ж мовою . Зірка та Фабіян збирали каміння і цвяхи , що летіли на місто , й щосили кидали їх у відповідь .","[{""label"": ""PERS"", ""text"": ""Зірка""}, {""label"": ""PERS"", ""text"": ""Фабіян""}]","[{""label"": ""PERS"", ""text"": ""Зірка"", ""start"": 53, ""end"": 58}, {""label"": ""PERS"", ""text"": ""Фабіян"", ""start"": 62, ""end"": 68}, {""label"": ""ART"", ""text"": ""каміння і цвяхи"", ""start"": 77, ""end"": 92}, {""label"": ""LOC"", ""text"": ""місто"", ""start"": 108, ""end"": 113}]"
2552e6e93a8c63026e178161549cc77a9ba13d815b3380afd9d2b3929badefe9,"Та це не зупиняло Війни . Данко подумав , що , аби перемогти , треба влучити просто Війні у серце .","[{""label"": ""PERS"", ""text"": ""Данко""}]","[{""label"": ""PERS"", ""text"": ""Війни"", ""start"": 18, ""end"": 23}, {""label"": ""PERS"", ""text"": ""Данко"", ""start"": 26, ""end"": 31}, {""label"": ""PERS"", ""text"": ""Війні"", ""start"": 84, ""end"": 89}]"
47ba4e24e6e0b84ae859d8dbae3c0d4b85d3d3299d35b658ba2473b51f8d1eb6,"Але все було марно ,",[],[]
d3c29e828fa26de94f5b8388e85c8e2aa9a7a2dddd6991eb34c00a5b744c6e97,бо Війна не мала серця .,[],[]
a7901a8093e424493c800c42e255cdc491a37e59a20fef04adc48d4ff112a9d8,"Троє друзів з відчаєм спостерігали , як Війна руйнує їхній крихкий світ .",[],"[{""label"": ""PERS"", ""text"": ""Троє друзів"", ""start"": 0, ""end"": 11}, {""label"": ""MISC"", ""text"": ""Війна"", ""start"": 40, ""end"": 45}]"
d1aa4dc5988baba20b566d3b44c6857c3a216cfc7a0bfae640a884664d4630a0,У місті один за одним почали зникати мешканці .,[],"[{""label"": ""LOC"", ""text"": ""місті"", ""start"": 2, ""end"": 7}, {""label"": ""PERS"", ""text"": ""мешканці"", ""start"": 37, ""end"": 45}]"
0caba3ab619143e1b6def23035cdbdce79c59526c5376404388c842a20f8b282,"А інші ховалися , даремно сподіваючись , що Війна піде геть .",[],"[{""label"": ""ORG"", ""text"": ""Війна"", ""start"": 44, ""end"": 49}]"
5c5b6489ff6f9739635ecbfbe7ced145417b9607ef5608eb35417bdaa6852750,Колись такі яскраві та гамірні вулички спорожніли .,[],"[{""label"": ""LOC"", ""text"": ""вулички"", ""start"": 31, ""end"": 38}]"
8030e0156cb1ee2f12b948de9601542154517382111d8a8aebd4e4fc6bda589f,Світла ставало все менше .,[],"[{""label"": ""MISC"", ""text"": ""Світла"", ""start"": 0, ""end"": 6}]"
970da5f29db4b93e712226560745abc2186d5ffb2dd4fb2b51d6b3e1937b5801,Так тривало день у день .,[],"[{""label"": ""PERIOD"", ""text"": ""день у день"", ""start"": 12, ""end"": 23}]"
110eb9243e3be4cbadc73c1bbf351ee1d19da49a976c4d1e4f7a6cd13c3f60fb,"Війна невпинно повзла , сіючи нищівні чорні квіти , а троє друзів продовжували обороняти місто . Данко й надалі крадькома приходив до оранжереї .","[{""label"": ""PERS"", ""text"": ""Данко""}]","[{""label"": ""PERS"", ""text"": ""троє друзів"", ""start"": 54, ""end"": 65}, {""label"": ""LOC"", ""text"": ""місто"", ""start"": 89, ""end"": 94}, {""label"": ""PERS"", ""text"": ""Данко"", ""start"": 97, ""end"": 102}, {""label"": ""LOC"", ""text"": ""оранжереї"", ""start"": 134, ""end"": 143}]"
8b43aa658e3ba342770a893c6ff1fe20dec8cca422fdca294268b5200ee8683e,"Її вікна потемніли від кіптяви , а декілька вцілілих квіток похилили голівки й мовчки стояли у дальньому кутку .",[],"[{""label"": ""ART"", ""text"": ""Її вікна"", ""start"": 0, ""end"": 8}, {""label"": ""ART"", ""text"": ""кіптяви"", ""start"": 23, ""end"": 30}, {""label"": ""LOC"", ""text"": ""дальньому кутку"", ""start"": 95, ""end"": 110}]"
0aad8e2a06195a0a6cb340a9d81e51ad85382f05b47e049467f94caf77343c42,"Якось , коли темрява в місті була вже такою густою , що ледь вдавалося знайти дорогу , Данко спробував порятувати хоч ці останні квіти , світячи малим ліхтариком свого ровера .","[{""label"": ""PERS"", ""text"": ""Данко""}]","[{""label"": ""LOC"", ""text"": ""місті"", ""start"": 23, ""end"": 28}, {""label"": ""PERS"", ""text"": ""Данко"", ""start"": 87, ""end"": 92}, {""label"": ""MISC"", ""text"": ""квіти"", ""start"": 129, ""end"": 134}, {""label"": ""ART"", ""text"": ""малим ліхтариком"", ""start"": 145, ""end"": 161}, {""label"": ""ART"", ""text"": ""ровера"", ""start"": 168, ""end"": 174}]"
2bc874d9a1be5bbf07d8767396e8471780a246bc88a30410cb5711f06f3c0c2e,"Він закріпив ровер на місці , скерував ліхтарик у бік рослин і почав крутити педалі .",[],"[{""label"": ""PERS"", ""text"": ""Він"", ""start"": 0, ""end"": 3}, {""label"": ""ART"", ""text"": ""ровер"", ""start"": 13, ""end"": 18}, {""label"": ""ART"", ""text"": ""ліхтарик"", ""start"": 39, ""end"": 47}, {""label"": ""MISC"", ""text"": ""рослин"", ""start"": 54, ""end"": 60}]"
baef0cb8259135974de4f631d14966c14f3e5e03e663c9469c80eeed9826609c,"Щойно промінчик світла потрапив на пелюстки , вони стрепенулись , а їхні тьмяні кольори неначе ожили . Данко крутив педалі все швидше і швидше .","[{""label"": ""PERS"", ""text"": ""Данко""}]","[{""label"": ""ART"", ""text"": ""пелюстки"", ""start"": 35, ""end"": 43}, {""label"": ""PERS"", ""text"": ""Данко"", ""start"": 103, ""end"": 108}]"
122490576ab6d8f935f03c4b25a39afe7fb6fa40706109c6fae71d111556f89c,Світла ставало більше .,[],"[{""label"": ""MISC"", ""text"": ""Світла"", ""start"": 0, ""end"": 6}]"
4b4c03ec5c890f641b5197fb4c060f735c7f0dcae5f230360c0451dc428e3bbc,"Тоді Данко заспівав гімн міста , що вже так давно не звучав у Рондо .","[{""label"": ""PERS"", ""text"": ""Данко""}, {""label"": ""LOC"", ""text"": ""Рондо""}]","[{""label"": ""PERS"", ""text"": ""Данко"", ""start"": 5, ""end"": 10}, {""label"": ""ART"", ""text"": ""гімн міста"", ""start"": 20, ""end"": 30}, {""label"": ""LOC"", ""text"": ""Рондо"", ""start"": 62, ""end"": 67}]"
85ca9761589b7a38b4f0124bd0c28e58a134be5df9542631afebabae4439d461,"І коли проспівав перший куплет , одна з квіток підвела голівку й заспівала разом із ним .",[],"[{""label"": ""PERS"", ""text"": ""одна з квіток"", ""start"": 33, ""end"": 46}]"
97a412c31c6e7ac10fa234ab70545e13029b14d83fbe1c1ff3b95f6dc4e72d70,"Далі – друга , третя ...",[],[]
78a77a75ba809bec2ae795b481695a66d5e063d4e4e16a027d9f117e3a5237ce,І ось уже десяток квітів співають гімн хором .,[],"[{""label"": ""QUANT"", ""text"": ""десяток квітів"", ""start"": 10, ""end"": 24}, {""label"": ""MISC"", ""text"": ""гімн хором"", ""start"": 34, ""end"": 44}]"
5ab6cb184d7c0d8187ca2b6112ec44f61a8b6981387621c1885dba947f15c7af,"Раптом Данко впустив кермо , і промінь світла полинув у бік Війни , що прокралася на сусідню вулицю .","[{""label"": ""PERS"", ""text"": ""Данко""}]","[{""label"": ""PERS"", ""text"": ""Данко"", ""start"": 7, ""end"": 12}, {""label"": ""ART"", ""text"": ""кермо"", ""start"": 21, ""end"": 26}, {""label"": ""ART"", ""text"": ""промінь світла"", ""start"": 31, ""end"": 45}, {""label"": ""LOC"", ""text"": ""сусідню вулицю"", ""start"": 85, ""end"": 99}]"
fb7938ca22128ffbc7a0b00890d3f8df05f895508ff780f0646cb21fa16c70be,"І сталося неймовірне : Війна завмерла на кілька секунд , спинилася .","[{""label"": ""PERIOD"", ""text"": ""кілька секунд""}]","[{""label"": ""MISC"", ""text"": ""Війна"", ""start"": 23, ""end"": 28}]"
f73b3bfda9fc5165b2a4106c16320bbd74033758f9c40eb23da61c281a2fd90c,"На мить затихли звуки вибухів , скрегіт і клацання хижих машин .",[],"[{""label"": ""ART"", ""text"": ""хижих машин"", ""start"": 51, ""end"": 62}]"
78cf7d12720935e67a7e2cc725b8b52877f3d977f286b131a74d91b763f92417,Чутно було лише спів ...,[],[]
189df144ff1c8848da1350c91b0193e8f0a3f689ed682ba582468ec0237d8100,"І Данко все зрозумів : Війна злякалася , бо він і десяток квітів співають разом попри все , бо навіть найтонший промінчик світла долає темряву .","[{""label"": ""PERS"", ""text"": ""Данко""}]","[{""label"": ""PERS"", ""text"": ""Данко"", ""start"": 2, ""end"": 7}]"
1bac53221de984bf779d4b255f00b3b0db7d3d4e5a9971f356314935bacc8d77,"Тож , аби зупинити Війну , потрібно всім гуртом збудувати велику машину Світла , яка знищить пітьму і врятує співочі квіти !",[],"[{""label"": ""PERS"", ""text"": ""Війну"", ""start"": 19, ""end"": 24}, {""label"": ""ORG"", ""text"": ""гуртом"", ""start"": 41, ""end"": 47}, {""label"": ""ART"", ""text"": ""велику машину Світла"", ""start"": 58, ""end"": 78}, {""label"": ""MISC"", ""text"": ""пітьму"", ""start"": 93, ""end"": 99}, {""label"": ""MISC"", ""text"": ""співочі квіти"", ""start"": 109, ""end"": 122}]"
4f47402b0d1db3ef6120c994e9638b3564f49a49e61658eb57000065a94ca968,Троє друзів негайно взялися до роботи .,[],"[{""label"": ""PERS"", ""text"": ""Троє друзів"", ""start"": 0, ""end"": 11}]"
fb09351ca7a1b3a4cf6146116878a82f63e5e5fcbd899eb2bd4a533510070f4c,"А їм на допомогу почали приходити інші мешканці , й уже незабаром увесь майдан Рондо став схожий на метушливий мурашник .","[{""label"": ""LOC"", ""text"": ""Рондо""}]","[{""label"": ""LOC"", ""text"": ""майдан Рондо"", ""start"": 72, ""end"": 84}]"
2c8d0052d236d84dc2194d76cb0ed6f119c7cdf2f9c5a37447efe6c0f117af6d,"Усі об'єдналися задля спільної справи і робили те , хто що вмів найкраще .",[],"[{""label"": ""PERS"", ""text"": ""Усі"", ""start"": 0, ""end"": 3}, {""label"": ""ORG"", ""text"": ""спільної справи"", ""start"": 22, ""end"": 37}]"
2b8d6eda95d18f906ffb7b8a708a84a73e21530d2baf578c5db64e307f35ca06,"Місто працювало , як злагоджений годинниковий механізм . Зірка літала в розвідку і малювала на своїх крильцях схеми ворожих таборів , записувала важливі дані . Фабіян , як найкращий пошуковець , збирав окремі деталі до майбутньої світлової машини .","[{""label"": ""PERS"", ""text"": ""Зірка""}, {""label"": ""PERS"", ""text"": ""Фабіян""}]","[{""label"": ""LOC"", ""text"": ""Місто"", ""start"": 0, ""end"": 5}, {""label"": ""PERS"", ""text"": ""Зірка"", ""start"": 57, ""end"": 62}, {""label"": ""PERS"", ""text"": ""Фабіян"", ""start"": 160, ""end"": 166}, {""label"": ""JOB"", ""text"": ""найкращий пошуковець"", ""start"": 172, ""end"": 192}, {""label"": ""ART"", ""text"": ""окремі деталі до майбутньої світлової машини"", ""start"": 202, ""end"": 246}]"
e59773856c108eb2acd903d46a117935af4ef18b7b57ca8d028b7d1ae61a6090,"А Данко , роздобувши давню книгу про механіку , керував процесом її побудови .","[{""label"": ""PERS"", ""text"": ""Данко""}]","[{""label"": ""PERS"", ""text"": ""А Данко"", ""start"": 0, ""end"": 7}, {""label"": ""ART"", ""text"": ""давню книгу про механіку"", ""start"": 21, ""end"": 45}]"
9de4793bdcebfb41101c795bf94f84ad82cbc773d1d1956a1df7f16e4662e781,"Коли машина була готова , всі зайняли свої місця і за командою почали діяти .",[],"[{""label"": ""ART"", ""text"": ""машина"", ""start"": 5, ""end"": 11}, {""label"": ""PERS"", ""text"": ""всі"", ""start"": 26, ""end"": 29}]"
94d5bddb943850378423a282b3294dc98aac7641293cd9d7af25a86569a6bfe4,"Водночас закрутилися сотні педалей , завертілися тисячі коліщат – і машина запрацювала .",[],"[{""label"": ""QUANT"", ""text"": ""сотні педалей"", ""start"": 21, ""end"": 34}, {""label"": ""QUANT"", ""text"": ""тисячі коліщат"", ""start"": 49, ""end"": 63}, {""label"": ""ART"", ""text"": ""машина"", ""start"": 68, ""end"": 74}]"
9fe51163b5527e30e2d9dfc88834222ca0599990fea111591a35e29b15a2aa4e,"Яскраве світло розлилося вулицями . Данко , Зірка , Фабіян та всі мешканці разом з квітами заспівали гімн Рондо .","[{""label"": ""PERS"", ""text"": ""Данко""}, {""label"": ""PERS"", ""text"": ""Зірка""}, {""label"": ""PERS"", ""text"": ""Фабіян""}, {""label"": ""LOC"", ""text"": ""Рондо""}]","[{""label"": ""LOC"", ""text"": ""вулицями"", ""start"": 25, ""end"": 33}, {""label"": ""PERS"", ""text"": ""Данко"", ""start"": 36, ""end"": 41}, {""label"": ""PERS"", ""text"": ""Зірка"", ""start"": 44, ""end"": 49}, {""label"": ""PERS"", ""text"": ""Фабіян"", ""start"": 52, ""end"": 58}]"
e85e27b332d77326dc41b7c0dce939706ffbbaf3772bb3f0ea6beda7266b686c,"Війна зупинилася ненадовго , а потім стала поволі розчинятися у світлі , яке випромінювала машина .",[],"[{""label"": ""ART"", ""text"": ""Війна"", ""start"": 0, ""end"": 5}, {""label"": ""ART"", ""text"": ""машина"", ""start"": 91, ""end"": 97}]"
2e5c64199d62b9e5441127b2684161f62e6316182ab42d8ef77174efb80d0171,"Що яскравіше линуло світло , що голосніше лунав гімн , то швидше зникала Війна , а з нею – і темрява , і колючі чорні квіти . Рондо співало гімн , аж доки всі чорні квіти зникли і темрява розсіялася дощенту .","[{""label"": ""LOC"", ""text"": ""Рондо""}]","[{""label"": ""ART"", ""text"": ""гімн"", ""start"": 48, ""end"": 52}, {""label"": ""ART"", ""text"": ""темрява"", ""start"": 93, ""end"": 100}, {""label"": ""ART"", ""text"": ""колючі чорні квіти"", ""start"": 105, ""end"": 123}, {""label"": ""PERS"", ""text"": ""Рондо"", ""start"": 126, ""end"": 131}, {""label"": ""ART"", ""text"": ""гімн"", ""start"": 140, ""end"": 144}, {""label"": ""ART"", ""text"": ""чорні квіти"", ""start"": 159, ""end"": 170}, {""label"": ""MISC"", ""text"": ""темрява"", ""start"": 180, ""end"": 187}]"
5569fc35f13ed6df5ca86771d13348138ce6aa0b89cb14a1ce0210d397a32107,І це була ПЕРЕМОГА !,[],[]
6c370af3879614f3666356115a9cf7945cf2525150a3b1e394741e6882251563,Замість чорних квітів із землі виросли червоні маки .,[],"[{""label"": ""MISC"", ""text"": ""червоні маки"", ""start"": 39, ""end"": 51}]"
8a5013d89a6d91a3e976ebdb1926b7740e6211a52b59230d3079ad66f3fd243d,"До Війни у Рондо росли маки різних кольорів – рожеві , жовті , фіолетові , пурпурові , білі , але таких червоних не було ніколи .","[{""label"": ""LOC"", ""text"": ""Рондо""}]","[{""label"": ""LOC"", ""text"": ""Рондо"", ""start"": 11, ""end"": 16}, {""label"": ""MISC"", ""text"": ""маки"", ""start"": 23, ""end"": 27}]"
1d6a4fa4c9ba34657152b977e90c9b758d020de64ead483112f7431cd3d69bb6,Тепер усі маки були тільки червоні .,[],"[{""label"": ""ART"", ""text"": ""маки"", ""start"": 10, ""end"": 14}, {""label"": ""ART"", ""text"": ""червоні"", ""start"": 27, ""end"": 34}]"
f8d775bcaef0e2f3c559a4a5c4d5cedeb19c4ad29889664a6d1fad5800db2f3a,"Мешканці Рондо потроху відбудували місто , відновили оранжерею , де знову розрослися квіти і щоранку , як колись , виспівують гімн .","[{""label"": ""LOC"", ""text"": ""Рондо""}]","[{""label"": ""LOC"", ""text"": ""Рондо"", ""start"": 9, ""end"": 14}, {""label"": ""LOC"", ""text"": ""місто"", ""start"": 35, ""end"": 40}, {""label"": ""ART"", ""text"": ""оранжерею"", ""start"": 53, ""end"": 62}, {""label"": ""ART"", ""text"": ""квіти"", ""start"": 85, ""end"": 90}, {""label"": ""ART"", ""text"": ""гімн"", ""start"": 126, ""end"": 130}]"
6758f9775aca21b127f799c03d2fd8257d4f7090b2692312fb7cfbec540ff677,"Проте , на жаль , відновити можна далеко не все : на прозорому тілі Данка біля самого серця досі є павутинка тріщин , краєчки крилець Зірки так і залишилися обпаленими , а Фабіян накульгує на проколену ніжку .","[{""label"": ""PERS"", ""text"": ""Данка""}, {""label"": ""PERS"", ""text"": ""Зірки""}, {""label"": ""PERS"", ""text"": ""Фабіян""}]","[{""label"": ""PERS"", ""text"": ""Данка"", ""start"": 68, ""end"": 73}, {""label"": ""ART"", ""text"": ""павутинка тріщин"", ""start"": 99, ""end"": 115}, {""label"": ""PERS"", ""text"": ""Зірки"", ""start"": 134, ""end"": 139}, {""label"": ""PERS"", ""text"": ""Фабіян"", ""start"": 172, ""end"": 178}]"
531a2c8bbaa44bddb7dc10612ab6f9eb4ac66d0172b18343a4d054eaf5cd5fe4,Мешканці міста стали іншими .,[],"[{""label"": ""ORG"", ""text"": ""Мешканці міста"", ""start"": 0, ""end"": 14}, {""label"": ""MISC"", ""text"": ""іншими"", ""start"": 21, ""end"": 27}]"
aa40735af7026b89f1ff4fa2aaac3ebd692aa2b057327b38db0e21afb0ec8d5e,"У кожного є сумні спогади про Війну , яка назавжди змінила Рондо .","[{""label"": ""LOC"", ""text"": ""Рондо""}]","[{""label"": ""PERS"", ""text"": ""Війну"", ""start"": 30, ""end"": 35}, {""label"": ""LOC"", ""text"": ""Рондо"", ""start"": 59, ""end"": 64}]"
6acd571c21d9d1410ebdd23f46afb036ada15339d11cab8bf5657c5f994449ca,"І багато-багато червоних маків , що відтепер ростуть по всьому місті . І геніальний український поет Тарас Шевченко , і не менш геніальний англійський драматург Вільям Шекспір були звичайними земними людьми : чуттєвими , вразливими , небайдужими до жіночої вроди ...","[{""label"": ""JOB"", ""text"": ""поет""}, {""label"": ""PERS"", ""text"": ""Тарас Шевченко""}, {""label"": ""JOB"", ""text"": ""драматург""}, {""label"": ""PERS"", ""text"": ""Вільям Шекспір""}]","[{""label"": ""ART"", ""text"": ""червоних маків"", ""start"": 16, ""end"": 30}, {""label"": ""LOC"", ""text"": ""всьому місті"", ""start"": 56, ""end"": 68}, {""label"": ""PERS"", ""text"": ""Тарас Шевченко"", ""start"": 101, ""end"": 115}, {""label"": ""PERS"", ""text"": ""Вільям Шекспір"", ""start"": 161, ""end"": 175}]"
35efd9260cafd3d81a12453682b6a0a6003357f9ca4c3a026e579654e479848c,"У зв'язку зі знаменними датами цього року – 200-р іччям світоча української нації Тараса Шевченка та 450-р іччям одного з найзнаменитіших драматургів світу Вільяма Шекспіра ( який був охрещений 26 квітня 1564 року , а точна дата народження невідома ) – полтавський міський клуб « Книголюби » провів у центральній бібліотеці міста Полтави тематичне засідання .","[{""label"": ""DATE"", ""text"": ""цього року""}, {""label"": ""PERS"", ""text"": ""Тараса Шевченка""}, {""label"": ""PERS"", ""text"": ""Вільяма Шекспіра""}, {""label"": ""DATE"", ""text"": ""26 квітня 1564 року""}, {""label"": ""ORG"", ""text"": ""Книголюби""}, {""label"": ""LOC"", ""text"": ""Полтави""}]","[{""label"": ""PERS"", ""text"": ""Тараса Шевченка"", ""start"": 82, ""end"": 97}, {""label"": ""PERS"", ""text"": ""Вільяма Шекспіра"", ""start"": 156, ""end"": 172}, {""label"": ""DATE"", ""text"": ""26 квітня 1564 року"", ""start"": 194, ""end"": 213}, {""label"": ""ORG"", ""text"": ""полтавський міський клуб « Книголюби »"", ""start"": 253, ""end"": 291}]"
7f5de1fb3b438e8e192e7f058d1b9a8da5cb6a7dd77063253b1773093bdd59e6,Поціновувачі красного слова вдало провели паралель між двома найвидатнішими письменниками України й Англії . Вільям Шекспір жив і творив у епоху розквіту і підйому в Англії .,"[{""label"": ""JOB"", ""text"": ""письменниками""}, {""label"": ""LOC"", ""text"": ""України""}, {""label"": ""LOC"", ""text"": ""Англії""}, {""label"": ""PERS"", ""text"": ""Вільям Шекспір""}, {""label"": ""LOC"", ""text"": ""Англії""}]","[{""label"": ""LOC"", ""text"": ""України"", ""start"": 90, ""end"": 97}, {""label"": ""LOC"", ""text"": ""Англії"", ""start"": 100, ""end"": 106}, {""label"": ""PERS"", ""text"": ""Вільям Шекспір"", ""start"": 109, ""end"": 123}, {""label"": ""PERIOD"", ""text"": ""епоху розквіту і підйому"", ""start"": 139, ""end"": 163}, {""label"": ""LOC"", ""text"": ""Англії"", ""start"": 166, ""end"": 172}]"
31f37f5a299bb43629fcb47de8609a2b7a237d0599a96d32b0bf98ae6aa940c2,"В його добу ця країна відмовилася від кріпосництва ( такого ненависного Тарасу Шевченку , котрий трохи не дожив до ліквідації цього ганебного явища в Росії ) .","[{""label"": ""PERS"", ""text"": ""Тарасу Шевченку""}, {""label"": ""LOC"", ""text"": ""Росії""}]","[{""label"": ""MISC"", ""text"": ""кріпосництва"", ""start"": 38, ""end"": 50}, {""label"": ""PERS"", ""text"": ""Тарасу Шевченку"", ""start"": 72, ""end"": 87}, {""label"": ""LOC"", ""text"": ""Росії"", ""start"": 150, ""end"": 155}]"
9f9c3a73ba1b26418db49bd44f2e38e1288335877e0a48157347b58e37b24655,Розрив у часі між Шевченком і Шекспіром – 250 років .,"[{""label"": ""PERS"", ""text"": ""Шевченком""}, {""label"": ""PERS"", ""text"": ""Шекспіром""}, {""label"": ""PERIOD"", ""text"": ""250 років""}]","[{""label"": ""PERS"", ""text"": ""Шевченком"", ""start"": 18, ""end"": 27}, {""label"": ""PERS"", ""text"": ""Шекспіром"", ""start"": 30, ""end"": 39}, {""label"": ""PERIOD"", ""text"": ""250 років"", ""start"": 42, ""end"": 51}]"
883ef9e65e5008341f86f4f8116e80ddee83473eb0f70c8382bb7d91f539a7d7,"Але країни розвивалися нерівномірно , тому ця часова відстань – не перешкода для порівняльного аналізу .",[],"[{""label"": ""LOC"", ""text"": ""країни"", ""start"": 4, ""end"": 10}, {""label"": ""PERIOD"", ""text"": ""часова відстань"", ""start"": 46, ""end"": 61}]"
49823844921e21c53468e0f92b9d53eb9c6b97ee7b5093dcb768f1d9099065a3,"Книголюби обговорили ті , всім шевченкознавцям відомі , сторінки з біографії Тараса Шевченка , які стосуються його особистого життя .","[{""label"": ""PERS"", ""text"": ""Тараса Шевченка""}]","[{""label"": ""ORG"", ""text"": ""Книголюби"", ""start"": 0, ""end"": 9}, {""label"": ""PERS"", ""text"": ""Тараса Шевченка"", ""start"": 77, ""end"": 92}]"
c6a3bef1933a86a7d8a061d101f4499a2f535f477eb2cf32837ca5046bc374ae,Складніше було відкрити завісу над менш відомою особистою драмою в житті Шекспіра .,"[{""label"": ""PERS"", ""text"": ""Шекспіра""}]","[{""label"": ""ART"", ""text"": ""менш відомою особистою драмою"", ""start"": 35, ""end"": 64}, {""label"": ""PERS"", ""text"": ""Шекспіра"", ""start"": 73, ""end"": 81}]"
6ef4bcacf25126348e75f8a69bf1933a1b276cbc6a9c35beefa81fbef7eafbca,"В часи , коли талановитий драматург досягнув піку слави й популярності , при королівському дворі в Англії користувалася увагою кокетлива й вишукана Емілія Бассано Ланьєр .","[{""label"": ""JOB"", ""text"": ""драматург""}, {""label"": ""LOC"", ""text"": ""Англії""}, {""label"": ""PERS"", ""text"": ""Емілія Бассано Ланьєр""}]","[{""label"": ""ORG"", ""text"": ""королівському дворі"", ""start"": 77, ""end"": 96}, {""label"": ""LOC"", ""text"": ""Англії"", ""start"": 99, ""end"": 105}, {""label"": ""PERS"", ""text"": ""Емілія Бассано Ланьєр"", ""start"": 148, ""end"": 169}]"
891cbe23ac06c6d0b213fb1795022ca70ed3f7c58e0befa7590d952e0c494d01,"Саме в цю заміжню молоду жінку закохався Шекспір , саме їй присвятив ряд емоційних , гірких та критичних сонетів .","[{""label"": ""PERS"", ""text"": ""Шекспір""}]","[{""label"": ""PERS"", ""text"": ""молоду жінку"", ""start"": 18, ""end"": 30}, {""label"": ""PERS"", ""text"": ""Шекспір"", ""start"": 41, ""end"": 48}]"
531b103277086730c0261a1bc54560caa6601300cc68ff772e61de7ca8ee4552,Він оспівував її красу і звинувачував кокетку в легковажності .,[],"[{""label"": ""PERS"", ""text"": ""Він"", ""start"": 0, ""end"": 3}]"
f3dc65e461a9e8128410676de55a36e8ec13bce518079b667cd6b19519bbcae9,"Особливо переживав тому , що до чар цієї красуні не залишився байдужим його близький товариш ... Шекспір хоче вберегти друга від розчарування , яке може серйозно поранити серце .","[{""label"": ""PERS"", ""text"": ""Шекспір""}]","[{""label"": ""PERS"", ""text"": ""його близький товариш"", ""start"": 71, ""end"": 92}, {""label"": ""PERS"", ""text"": ""Шекспір"", ""start"": 97, ""end"": 104}, {""label"": ""PERS"", ""text"": ""друга"", ""start"": 119, ""end"": 124}]"
1dc2efed3ca0d1adf1774678623cb0af1b9cc0d572aecbd663fd34cfe672c7c4,"З іншого боку , є дещо , що неприємно нагадує Шекспірові про його вік і змушує якщо не комплексувати , то сумувати з приводу того , що він старший за всіх у цьому три ... чотирикутнику : Емілія молодша за нього , чоловік Емілії молодший за неї на три роки , і ... його товариш , якого зваблює красуня , молодший за неї на три роки .","[{""label"": ""PERS"", ""text"": ""Шекспірові""}, {""label"": ""PERS"", ""text"": ""Емілія""}, {""label"": ""PERS"", ""text"": ""Емілії""}]","[{""label"": ""PERS"", ""text"": ""Шекспірові"", ""start"": 46, ""end"": 56}, {""label"": ""PERS"", ""text"": ""Емілія"", ""start"": 187, ""end"": 193}, {""label"": ""PERS"", ""text"": ""Емілії"", ""start"": 221, ""end"": 227}, {""label"": ""PERS"", ""text"": ""красуня"", ""start"": 293, ""end"": 300}]"
70a82848ee77615dd7627d037abbc022e5e9ad9951724afc5624dd3084cb88cd,У цьому суперники мають перевагу над поетом .,[],"[{""label"": ""JOB"", ""text"": ""суперники"", ""start"": 8, ""end"": 17}, {""label"": ""PERS"", ""text"": ""поетом"", ""start"": 37, ""end"": 43}]"
7bbab27c18863fe91eb4d53b67d9c0b195dbeeb2841ef416c132633357575657,"Однією з особливостей епохи Відродження було те , що при англійському дворі збиралися знатні люди слухати музику , вірші й пісні менестрелів , присвячені господареві замку або комусь із гуртка , кого особливо шанували , може , й самим співати ...","[{""label"": ""MISC"", ""text"": ""Відродження""}]","[{""label"": ""PERIOD"", ""text"": ""епохи Відродження"", ""start"": 22, ""end"": 39}, {""label"": ""ORG"", ""text"": ""англійському дворі"", ""start"": 57, ""end"": 75}, {""label"": ""PERS"", ""text"": ""знатні люди"", ""start"": 86, ""end"": 97}, {""label"": ""MISC"", ""text"": ""музику , вірші й пісні менестрелів"", ""start"": 106, ""end"": 140}, {""label"": ""PERS"", ""text"": ""господареві замку"", ""start"": 154, ""end"": 171}, {""label"": ""ORG"", ""text"": ""гуртка"", ""start"": 186, ""end"": 192}]"
4fc26630a781e3d0bd20f5271ab22b4e636d9b63557fb2094f717c1b1508e941,"Хто кому присвятив вірш , здогадатися було нескладно , та Шекспір і не робив із цього таємниці . ЛЮБЛЮ","[{""label"": ""PERS"", ""text"": ""Шекспір""}]","[{""label"": ""ART"", ""text"": ""вірш"", ""start"": 19, ""end"": 23}, {""label"": ""PERS"", ""text"": ""Шекспір"", ""start"": 58, ""end"": 65}]"
11ad5f3ded38e3bc18642e5a908bfc967375272b02f38aaf6552caf659581efd,"Люблю , коли після дощу влітку повітря пахне свіжістю трави й гарячим асфальтом .",[],"[{""label"": ""PERIOD"", ""text"": ""влітку"", ""start"": 24, ""end"": 30}]"
8196e9c669deb144f92a8fd1c95c3b347fdc5af6d85d8d870aaf48eab1e3f9b8,"Люблю , коли у поштовій скриньці знаходжу листа .",[],"[{""label"": ""ORG"", ""text"": ""поштовій скриньці"", ""start"": 15, ""end"": 32}, {""label"": ""ART"", ""text"": ""листа"", ""start"": 42, ""end"": 47}]"
9f17a1001f101ccc3af8f2cf7e92e00885c4d525283ff2503e6791eca4806e11,Несподівано .,[],"[{""label"": ""PERS"", ""text"": ""Несподівано"", ""start"": 0, ""end"": 11}]"
b8bed11b89cffd59b6160c2db645e13441fd0795b665553739bf9fd7ec8bdfc3,Люблю чорний шоколад .,[],[]
c58194362c77d048fb7ad9196d565df8165f7aa32220b55e382aa0698a18ebe7,Вишуканий .,[],"[{""label"": ""MISC"", ""text"": ""Вишуканий"", ""start"": 0, ""end"": 9}]"
464fd0511655b63afc84c38045923efeeabdb4a05fc1d714195e5665d59294c2,Гіркувато-солодкий .,[],"[{""label"": ""MISC"", ""text"": ""Гіркувато-солодкий"", ""start"": 0, ""end"": 18}]"
a691b262931fd3448c90da2ff61fcd3cbf25292e47c95005ec8c4e4187da7778,"Люблю книжки : гортати їх , сторінка за сторінкою , вдихати ні з чим незрівнянний аромат паперу , літер , мудрості ...",[],"[{""label"": ""ART"", ""text"": ""книжки"", ""start"": 6, ""end"": 12}]"
731829bfe590f254a006950534b37c930cf205dad6297ddbe2fd6b6088da26df,"Люблю , коли за вікном негода , а вдома затишно й тепло .",[],[]
b6560811b7ddf0145a35ada7b2a98422061cc2f9bef291c22e13492a0a0d612a,Люблю м’які кошлаті шкарпетки .,[],[]
514fc6398d9684c9ab8267137714f480aa773cfc351092b9731aa71099ad91e5,Вони трепетно зігрівають кожен пальчик узимку .,[],[]
d383e8c8f548bc3499768bbfea4aa458301156ba3c94416e3cc8122e87ce7cba,Люблю яскраві жовті тюльпани .,[],[]
3aa164c27df548fc38cb2b3e520b4614e37a34f80fa2e162ce9ae6ddb6964ba9,У них ховається сонце .,[],[]
22670871d48850ad7095e9c7cd4509cc76d2cbad3da74fb1042a1dfb06447a13,І весна .,[],[]
dcdb29bb4bc8058aa693fd020f6c15174b24c2c33ffd6af5425b32c61728ab01,Люблю бедриків .,[],[]
452b7ace0bc9f8209e41bdffc57ce13c8e5a1f72080699cf61d7d1753002e8b2,І світанок .,[],[]
bebefc880f8fdc302f1afbccef9ded2d5a1ea235b7c213ff265a52972f119420,"Коли над луками парує туман , а повітря тремтить від ранкової свіжості .",[],"[{""label"": ""LOC"", ""text"": ""луками"", ""start"": 9, ""end"": 15}]"
0652bb8119ae338814d2fb8527238ffaf2a860cfe8f1991c86b9e7cb9c471edf,"Люблю мармелад , синє небо в білих хмаринках , пухнасті зворушливі кульбабки , барвисту веселку .",[],"[{""label"": ""ART"", ""text"": ""мармелад"", ""start"": 6, ""end"": 14}, {""label"": ""ART"", ""text"": ""синє небо в білих хмаринках"", ""start"": 17, ""end"": 44}, {""label"": ""ART"", ""text"": ""пухнасті зворушливі кульбабки"", ""start"": 47, ""end"": 76}, {""label"": ""MISC"", ""text"": ""барвисту веселку"", ""start"": 79, ""end"": 95}]"
88350fbe437c4327bece8e48c75992a3ad2914b66cf2aa2a3efc4a8cbe8bc132,Люблю життя !,[],[]
5d5477a80eb1a9c28113b91506f7ab60bf707510081002eeb0183b92a18cedfb,ПЕРСОНАЛЬНИЙ КУПІДОНЧИК,[],"[{""label"": ""JOB"", ""text"": ""ПЕРСОНАЛЬНИЙ КУПІДОНЧИК"", ""start"": 0, ""end"": 23}]"
7d8d30c9c8b78953f33ae4a661b44132527066cf6c5920b5b07fcfbbc3a69f6b,Я підстерегла його на балконі .,[],"[{""label"": ""PERS"", ""text"": ""Я"", ""start"": 0, ""end"": 1}, {""label"": ""LOC"", ""text"": ""балконі"", ""start"": 22, ""end"": 29}]"
d42c6db56073467333e873776ef31c444357e221b8013ce87fb05e20cdda3d14,Він якраз намагався потрапити однією зі своїх золотих стріл у серце якоїсь дамочки в блакитному кашеміровому пальті .,[],"[{""label"": ""PERS"", ""text"": ""Він"", ""start"": 0, ""end"": 3}, {""label"": ""ART"", ""text"": ""золотих стріл"", ""start"": 46, ""end"": 59}, {""label"": ""PERS"", ""text"": ""дамочки"", ""start"": 75, ""end"": 82}]"
b1040eb07fea64aa5806676c0c93822317e867748572ff73e0be04dc7e282621,"Цікаво , кого він потім підстрелив би для неї ?",[],"[{""label"": ""PERS"", ""text"": ""він"", ""start"": 14, ""end"": 17}]"
4edb5e4ff85eef460cf36d0a6f9209614bde82d8a20d157af0b75435dbb9888d,Досить розбитих сердець !,[],[]
d56e55c292ccdd58f7490f83556cedaed56749bf29a14b46aeebaab801879b4d,Досить неправильних пар !,[],[]
2744f5c4589299a9a5066e9ecc9e2b88785b99f8a7cc1cd1c07e2d96d569f8f2,"І взагалі , чому все вирішувати має оцей рожевощокий опецькуватий карапуз ?",[],"[{""label"": ""ART"", ""text"": ""рожевощокий опецькуватий карапуз"", ""start"": 41, ""end"": 73}]"
d1d5958f50322acea25279f28ccca7ea885e82b6002955832550fd552730ad45,"Он у нього ще й молоко на губах не обсохло , куди йому до серйозних справ сердечних ?!",[],"[{""label"": ""PERS"", ""text"": ""Он у нього"", ""start"": 0, ""end"": 10}, {""label"": ""MISC"", ""text"": ""молоко"", ""start"": 16, ""end"": 22}, {""label"": ""MISC"", ""text"": ""серйозних справ сердечних"", ""start"": 58, ""end"": 83}]"
c2fcfdf08eaca11af85b7a42c38e2ea7e8c3b4e357dc470548238a1e5c8c09d3,Досить !,[],[]
c765e3481b31b58781751bab5dc42259b3c1d0b2d7fad614227bab20bb97b0c9,Тихенько підкралася ззаду .,[],"[{""label"": ""PERS"", ""text"": ""Тихенько"", ""start"": 0, ""end"": 8}]"
5e546c585d575fc0e0c608b313885dd0811d8557963071fd9b316a1942fc7026,"Він пручався й хвицався , але я міцно його вхопила .",[],"[{""label"": ""PERS"", ""text"": ""Він"", ""start"": 0, ""end"": 3}, {""label"": ""PERS"", ""text"": ""я"", ""start"": 30, ""end"": 31}]"
0973c846263a2630ea837ec714dae1cf15c006f59c511469e41e0b3120802db3,"Прив’язала за пухкеньку ніжку , аби не втік .",[],[]
c8ce6c8f35fb62ec8028e3c65f742d5ba78a919d13f63ee7715f79ef1a4ce0c6,І відібрала стріли .,[],"[{""label"": ""PERS"", ""text"": ""І"", ""start"": 0, ""end"": 1}, {""label"": ""ART"", ""text"": ""стріли"", ""start"": 12, ""end"": 18}]"
1043fdd83507d3668ee44c352dc4d4a9823f8abf488e21aa22a2490add24830f,На днях придивлюся собі достойного кандидата .,[],"[{""label"": ""TIME"", ""text"": ""На днях"", ""start"": 0, ""end"": 7}, {""label"": ""PERS"", ""text"": ""достойного кандидата"", ""start"": 24, ""end"": 44}]"
13c79dfa2ec7f52085e57ac4f8a321b3c52094c0b8652842c10626bf1c60a77c,"І хай лишень спробує не поцілити туди , куди треба !",[],[]
6ef7bbcb3c52246b394755d786db4ab58bee477bef28365ba0fddae0afec4bd8,ФАРБИ,[],"[{""label"": ""ORG"", ""text"": ""ФАРБИ"", ""start"": 0, ""end"": 5}]"
512438d3598f20869eb2863ef1eeea0cbb69adb0199315f7a5be1a74e8ec3614,Учора вона купила собі фарби .,[],"[{""label"": ""DATE"", ""text"": ""Учора"", ""start"": 0, ""end"": 5}, {""label"": ""PERS"", ""text"": ""вона"", ""start"": 6, ""end"": 10}, {""label"": ""ART"", ""text"": ""фарби"", ""start"": 23, ""end"": 28}]"
31dc25f2ebc7fa754e0cfa03dcb6f07216b05dad965081ee47f50a251849303b,"Трохи комплексувала , адже панянки її віку купують тефлонові сковорідки або силіконові формочки для запікання кексів .",[],"[{""label"": ""PERS"", ""text"": ""панянки"", ""start"": 27, ""end"": 34}, {""label"": ""ART"", ""text"": ""тефлонові сковорідки"", ""start"": 51, ""end"": 71}, {""label"": ""ART"", ""text"": ""силіконові формочки"", ""start"": 76, ""end"": 95}]"
63b32104e3360ef77ee27fbbcff806a0d2073c16f17f0a298d2dc6cc6aefcbef,Насамкінець – стильну хромовану солонку .,[],"[{""label"": ""ART"", ""text"": ""стильну хромовану солонку"", ""start"": 14, ""end"": 39}]"
529be2bfbbd80c75fa9f3475675b923deb9dbdf026f781e98d36d4d42aa630b5,Або перечницю .,[],[]
abda23006085263d1765e0a34079431c17ea6f6ec1437bec85f4941f6c202b50,Вона ж готувати не любить .,[],"[{""label"": ""PERS"", ""text"": ""Вона"", ""start"": 0, ""end"": 4}]"
95be15bbb4b1c7c9247cde4b794a321d340daa3f011e1a1081689abdbecc62f5,"Не бачить сенсу в тому , аби стояти на кухні півдня заради півгодинного гастрономічного задоволення . « Суть життя не має зводитись до продуктової корзини й туалетного паперу » , – постійно казала вона сама собі .","[{""label"": ""PERIOD"", ""text"": ""півдня""}, {""label"": ""PERIOD"", ""text"": ""півгодинного""}]","[{""label"": ""LOC"", ""text"": ""кухні"", ""start"": 39, ""end"": 44}, {""label"": ""PERIOD"", ""text"": ""півдня"", ""start"": 45, ""end"": 51}, {""label"": ""ART"", ""text"": ""продуктової корзини"", ""start"": 135, ""end"": 154}, {""label"": ""ART"", ""text"": ""туалетного паперу"", ""start"": 157, ""end"": 174}]"
7895b11dc3ee8a9260b385862514ab181c5967baeefbc6019013244d69526107,Того ж вечора сіла малювати .,[],"[{""label"": ""TIME"", ""text"": ""Того ж вечора"", ""start"": 0, ""end"": 13}]"
1fac29a7b35c1f1fee8e63510ff620a32f7512c162a4b6531d065c0dcf704e78,Веселкові кольори просилися на папір .,[],"[{""label"": ""ART"", ""text"": ""Веселкові кольори"", ""start"": 0, ""end"": 17}, {""label"": ""ART"", ""text"": ""папір"", ""start"": 31, ""end"": 36}]"
73b71ed317b8cbe6244d0eb12b54ebe718f9456729db12395393094b2c43bca0,Прозора вода у склянці обіцяла пензлику золоті гори .,[],"[{""label"": ""ART"", ""text"": ""Прозора вода у склянці"", ""start"": 0, ""end"": 22}]"
81436c5794d422edca1ebad3feb24f658ea4daa4564d92551c7ebb651135ea68,Білий аркуш загадково мовчав .,[],"[{""label"": ""ART"", ""text"": ""Білий аркуш"", ""start"": 0, ""end"": 11}]"
3611ce4c2dece3cfd095c647c22c6af67ee5995c7e76ff18621a419c8031019e,Зображувати своє життя непросто .,[],[]
c61b0d3f9801ad13c1615d1476ab0fb0672158552fdba08c127342073cc01be1,Якої барви самотність ?,[],[]
4216ddb287ec4bd818703b2f28459bf5eb2a7daf84d811beb157d5cddbbb1b71,А закоханість ?,[],[]
62edfd1606442e173fd39804bff1f485b42484fd76e9a32982e203358b82cd9c,А щастя ?,[],[]
978ae5cabbae771d15da0ace641e5c2897657d4e5bc5e11825e872c089dd6d6f,Вона усміхалася .,[],"[{""label"": ""PERS"", ""text"": ""Вона"", ""start"": 0, ""end"": 4}]"
c8ccb87fb427f71b83eaf7b72821d48fc9f7c000ecd5ec5d0f9525b9f1775b6b,Фарби творили .,[],[]
19f3c88ac7cbcaaa2d8635c893c81ff1e4f9ab26fb6a533b13521d635979a859,МАГІЯ,[],[]
6ab6325706bba9b12a5b7b4465f7ab0c1e66375d778a4426d7e28888b179fad1,Далеко за північ .,[],"[{""label"": ""LOC"", ""text"": ""Далеко за північ"", ""start"": 0, ""end"": 16}]"
a47e3cca7b703b1e1b0f406940bdf38863182d33fe47a18a586695888afe6321,На вулиці – ані душі .,[],"[{""label"": ""LOC"", ""text"": ""На вулиці"", ""start"": 0, ""end"": 9}]"
03cb965b468ec1cd743d55af8eb5cf2f74e0d3d831b06fb9b564499747a6ee04,Він зіщулився від холоду й завів авто .,[],"[{""label"": ""PERS"", ""text"": ""Він"", ""start"": 0, ""end"": 3}, {""label"": ""ART"", ""text"": ""авто"", ""start"": 33, ""end"": 37}]"
9fbe1a68754295bcd30078fd172a4382c62b5025a425b2405cfa210f56e9e5f4,Час повертатися додому .,[],[]
0d50a9dd7a0bc0e0d761597b8c467479357fc1b73457391ceae83cbb6312b6ff,Несподіваний стук у вікно – він здригнувся .,[],"[{""label"": ""ART"", ""text"": ""вікно"", ""start"": 20, ""end"": 25}]"
cc8e8c80f0dec6ebfb91baf53ab5528bd2e2910e2eb4a66a8c876667b13e8524,"Опустив промерзле скло , здивовано кліпнув .",[],"[{""label"": ""ART"", ""text"": ""промерзле скло"", ""start"": 8, ""end"": 22}]"
59c7bdeebdf40451a395499a6ff0e520dcb351eb4cd4156609e79c8974532cf5,"Посеред сніжинок , що плавно зависли в повітрі , стояв китаєць .",[],"[{""label"": ""PERS"", ""text"": ""китаєць"", ""start"": 55, ""end"": 62}]"
37ef386c49b39d0785dd89cac8e78bc710a3498ce9b51ccdd700d4b93c95f45e,І усміхався .,[],[]
7991de972a37751cf7ee503abd3ef6b536eaa4bdff5ec492b317950a5a17a020,"Умостившись на заднє сидіння , нічний гість попросив відвезти його у центр . « Відвезу , а потім – спати » , – – повідомив сам собі подумки .",[],"[{""label"": ""PERS"", ""text"": ""нічний гість"", ""start"": 31, ""end"": 43}, {""label"": ""LOC"", ""text"": ""центр"", ""start"": 69, ""end"": 74}]"
93a5adb6892af04cf696407c5056ea7303e681171dafd00ad455c085d39257a1,Вогні центральної вулиці обіймали місто м’яким світлом .,[],"[{""label"": ""ART"", ""text"": ""Вогні центральної вулиці"", ""start"": 0, ""end"": 24}, {""label"": ""LOC"", ""text"": ""місто м’яким світлом"", ""start"": 34, ""end"": 54}]"
346d1eacd16cb3075be66644448122fe51a01a982aa2543a54cd9738977189a4,На прощання китаєць загадково промовив : « Магія » .,[],"[{""label"": ""PERS"", ""text"": ""китаєць"", ""start"": 12, ""end"": 19}, {""label"": ""ART"", ""text"": ""Магія"", ""start"": 43, ""end"": 48}]"
f88c819dbb5323d4e3726aa431dc118ef5934cb34723b3eba2e45c2a7ce30c5f,І зник .,[],"[{""label"": ""PERS"", ""text"": ""І зник"", ""start"": 0, ""end"": 6}]"
cae6054f3e171ca3005c255c4e1d55dced5e17bb4c78a825cf4989a366ad2f95,Натомість ожив пейджер .,[],"[{""label"": ""JOB"", ""text"": ""пейджер"", ""start"": 15, ""end"": 22}]"
573d771b9c126f200832ac592503e232d23e830bd8f4f924daa64e2bff54e626,"Просять подати таксі до ресторану « Felicidad » . « Поїду , але потім – точно відпочивати » .","[{""label"": ""ORG"", ""text"": ""Felicidad""}]","[{""label"": ""ORG"", ""text"": ""Felicidad"", ""start"": 36, ""end"": 45}]"
0e8ec1b49da2ffe1cfbad4aeeb06eb92d3cfcf9cbf00c9e7e1720cda3c2bbcf8,Із ресторану граційно випурхнула дівчина і ... наповнила салон його автомобіля щастям !,[],"[{""label"": ""LOC"", ""text"": ""ресторану"", ""start"": 3, ""end"": 12}, {""label"": ""PERS"", ""text"": ""дівчина"", ""start"": 33, ""end"": 40}]"
7a2f683ae77c1bec40971e39aa62ca114b4ce91e1e3ffb348b2191f25be3ea56,Магія спрацювала .,[],[]
45b92d43d3d2b51684f18f8b0031d78a34890ad0c5f300fb577e8e360a71b7a4,"АКВАРІУМ Олена заїхала на Пташиний ринок , аби купити подрузі акваріум .","[{""label"": ""PERS"", ""text"": ""Олена""}, {""label"": ""LOC"", ""text"": ""Пташиний ринок""}]","[{""label"": ""ART"", ""text"": ""АКВАРІУМ"", ""start"": 0, ""end"": 8}, {""label"": ""PERS"", ""text"": ""Олена"", ""start"": 9, ""end"": 14}, {""label"": ""LOC"", ""text"": ""Пташиний ринок"", ""start"": 26, ""end"": 40}, {""label"": ""ART"", ""text"": ""акваріум"", ""start"": 62, ""end"": 70}]"
cd24cb8936550991e4be5092def662a888ba858fde454f964eb30eaa88186cfd,"А коли поверталася до автівки , почула десь збоку різке : « Собаку купи ! » .",[],"[{""label"": ""ART"", ""text"": ""Собаку"", ""start"": 60, ""end"": 66}]"
6c58993d0cefb865619e6b2e84ddd2ebc323bd78805602a6825bc5d360bd0799,"Здивовано озирнувшись , вона побачила чоловіка середніх літ .",[],"[{""label"": ""PERS"", ""text"": ""чоловіка середніх літ"", ""start"": 38, ""end"": 59}]"
a2dbc0cce5c8cb398e43cc8c2e80b04b654ad2b7a78f4a45affc8590ef725e28,І незграбне цуценя .,[],"[{""label"": ""ART"", ""text"": ""І незграбне цуценя"", ""start"": 0, ""end"": 18}]"
5cac32ca525f3b212f6cfa404cb888cc646eefa93d03d47dd3481347c20e8a10,"Мимоволі всміхнулася , підійшла ближче , щоби погладити кумедного песика .",[],"[{""label"": ""ART"", ""text"": ""кумедного песика"", ""start"": 56, ""end"": 72}]"
b66daefec2745237b87992aa9acacfdbc8dcdeadc6760f06d18887ac87cc212d,"Поставила акваріум збоку . « А скільки ж просите ? » – поцікавилася . « Сто доларів , – відрубав чоловік і погрозливо буркнув : – Бери !","[{""label"": ""MON"", ""text"": ""Сто доларів""}]","[{""label"": ""ART"", ""text"": ""акваріум"", ""start"": 10, ""end"": 18}, {""label"": ""MON"", ""text"": ""Сто доларів"", ""start"": 72, ""end"": 83}, {""label"": ""PERS"", ""text"": ""чоловік"", ""start"": 97, ""end"": 104}]"
6c7d90087560ba19a67086862b43f7cd7c8de6b1ef0e49168d9ec12a4d561f88,А то я його на місці приб’ю ! »,[],"[{""label"": ""PERS"", ""text"": ""я"", ""start"": 5, ""end"": 6}]"
f4bafaf5e9ed7361d27f774720717561181bc174b1d4733ad9a925350668a82c,І тієї ж миті розмашисто вдарив собача ногою .,[],"[{""label"": ""TIME"", ""text"": ""І тієї ж миті"", ""start"": 0, ""end"": 13}, {""label"": ""PERS"", ""text"": ""собача ногою"", ""start"": 32, ""end"": 44}]"
6d687d9501b6b7af689e164a20fe21507d5d50abcdbc773d921297de44a0371e,"Те пронизливо заскавуліло , а вона вже діставала гаманець .",[],"[{""label"": ""PERS"", ""text"": ""Те"", ""start"": 0, ""end"": 2}, {""label"": ""PERS"", ""text"": ""вона"", ""start"": 30, ""end"": 34}]"
e9f4a2ee20b6b16bf1e748f90d418bfcfbfbcb388d2408ffc3e5f39b29826c41,"Схопила цуценя на руки , міцно притисла до себе .",[],"[{""label"": ""ART"", ""text"": ""цуценя"", ""start"": 8, ""end"": 14}]"
959e6c1811d01b6135a8755733240a830d79a68dd7b1764ff96d163ec1d272f2,Згодом її авто зникло .,[],"[{""label"": ""ART"", ""text"": ""авто"", ""start"": 10, ""end"": 14}]"
ae2b429f4406862830c7dd1daf4f919098a9518607bf69a866e8f66fd6f1b2e4,"Чоловік рахував гроші , а на тротуарі стояв забутий нею акваріум .",[],"[{""label"": ""PERS"", ""text"": ""Чоловік"", ""start"": 0, ""end"": 7}, {""label"": ""MON"", ""text"": ""гроші"", ""start"": 16, ""end"": 21}, {""label"": ""LOC"", ""text"": ""тротуарі"", ""start"": 29, ""end"": 37}, {""label"": ""ART"", ""text"": ""акваріум"", ""start"": 56, ""end"": 64}]"
5e743d323fe35901f2434086ec6ffe333ccb2cdb68c4b3180063139727170ba2,МАЛЕНЬКИЙ ВСЕСВІТ,[],"[{""label"": ""MISC"", ""text"": ""МАЛЕНЬКИЙ ВСЕСВІТ"", ""start"": 0, ""end"": 17}]"
48d58647275c36f8601c696e6d2d31275c383d2b8b6c5b8a0eac5bf330918655,Наллю собі в чашку трохи неба .,[],"[{""label"": ""MON"", ""text"": ""Наллю"", ""start"": 0, ""end"": 5}]"
b53575fa92d9bdb3814b3c0c19db48af2dc43aa953b5264c1db2875b07963049,Зроблю ковточок .,[],"[{""label"": ""JOB"", ""text"": ""Зроблю ковточок ."", ""start"": 0, ""end"": 17}]"
901646b468f19e88d4fc5fb1e0a0f9c551483b5a1be2ebc8499513a74c744a19,"І сяду тихо в саду плести вінок із ромашок – білих , ніжних .",[],"[{""label"": ""LOC"", ""text"": ""саду"", ""start"": 14, ""end"": 18}, {""label"": ""ART"", ""text"": ""вінок із ромашок"", ""start"": 26, ""end"": 42}]"
1d2fb97f88821f3b99088148c65ec93cd3040a92574af85336cf7a1248ddbc91,Я не чіпатиму пелюсток їхніх і « любить-чи-не-любить » не ворожитиму до ранку .,[],"[{""label"": ""PERS"", ""text"": ""Я"", ""start"": 0, ""end"": 1}, {""label"": ""PERIOD"", ""text"": ""ранку"", ""start"": 72, ""end"": 77}]"
c8d6c7d0b5ef0d21e75fd9aad3994bfafaf149724772f6fe4090dd791fb601ec,"Бо знатиму , що любить , просто знатиму .",[],[]
2aa1df333ab43a34dbafdb3b37800a49164219151d6c30cb3b35a5bc88c89098,І ноти вітру я тихенько проспіваю – від радості .,[],"[{""label"": ""PERS"", ""text"": ""я"", ""start"": 13, ""end"": 14}]"
2edd36101040174ae237449a8b99d55fa667bc7a960880c06635f216a17a3d19,І всміхнуся сонечку – від щастя .,[],[]
61cefdb403330fe41923c5b2057ae9e6463b2cb419b7a65412403d7df25cf646,І загадково світ довкола мене ще дужче барвами заграє !,[],[]
5b0c0f11b30ac6a0e9faa3f6d167a7768ba7c329f8aeed8e85d3556c051ccd0f,І заглядатиме мені у вічі .,[],[]
a149c310cd68f4489500f54197543dbe33fb16583afc2b7ca00c3e21cb0b762d,"І таємницю нашу , народжену з любові , вгадуватиме .",[],[]
0faa374c0124baf334558d7b8556df4c0a49d93571ff75faedbffd33a6de7fa0,А я відчую за плечима легкі крила й тихенько прислухатимусь до себе .,[],"[{""label"": ""PERS"", ""text"": ""я"", ""start"": 2, ""end"": 3}]"
756e0198aaf398837a7aa233af3e50541b610067d2d7d3040d04cdd01730f2f0,"До дива-дивного , що у мені зроста .",[],"[{""label"": ""PERS"", ""text"": ""мені"", ""start"": 23, ""end"": 27}]"
e7be99c05d9dc340114efdbb093cfeebef7990c25981ab0b5b2e0c60d0f3804e,"Є я і він , і наш маленький всесвіт , дарований нам небом .",[],"[{""label"": ""PERS"", ""text"": ""Є я"", ""start"": 0, ""end"": 3}, {""label"": ""PERS"", ""text"": ""він"", ""start"": 6, ""end"": 9}, {""label"": ""ORG"", ""text"": ""наш маленький всесвіт"", ""start"": 14, ""end"": 35}]"
6dd5e900de514da4882c46b581a63140cb963528063a42cc58310ccae2b91862,ДЯДЕЧКО ВІТЕР Дядечко Вітер – називали його сусідські діти .,"[{""label"": ""PERS"", ""text"": ""ВІТЕР""}, {""label"": ""PERS"", ""text"": ""Вітер""}]","[{""label"": ""PERS"", ""text"": ""ДЯДЕЧКО ВІТЕР"", ""start"": 0, ""end"": 13}, {""label"": ""PERS"", ""text"": ""Дядечко Вітер"", ""start"": 14, ""end"": 27}]"
ea60b9b89c559d3f7aa3a1d498adcab145f401a9b5f1eb49e6aaadd81b8d210a,"А він дарував їм кольорові вітрячки , солодких півників на паличці й учив розмовляти з голубами .",[],"[{""label"": ""PERS"", ""text"": ""А він"", ""start"": 0, ""end"": 5}, {""label"": ""ART"", ""text"": ""кольорові вітрячки"", ""start"": 17, ""end"": 35}, {""label"": ""ART"", ""text"": ""солодких півників на паличці"", ""start"": 38, ""end"": 66}]"
099b137665a941920253dfbced746c4d241357de14e5107e8b821a6c2d2c5273,"Він жив високо-високо , аж під небом , і , аби завітати до нього в гості , треба було подолати вісімнадцять щаблів дерев’яних східців .",[],"[{""label"": ""PERS"", ""text"": ""Він"", ""start"": 0, ""end"": 3}, {""label"": ""LOC"", ""text"": ""високо-високо"", ""start"": 8, ""end"": 21}, {""label"": ""PERS"", ""text"": ""нього"", ""start"": 59, ""end"": 64}]"
7d7363c69599af4053b92556453e1814c1c9c9ab36c53f318bb514918be7f731,"У його піднебесній оселі було цікаво : навколо висіли срібні дзвоники , а неземної краси білосніжні й попелясті голуби ніжно туркотіли на вушко , розповідали секрети цукрових хмар .",[],"[{""label"": ""LOC"", ""text"": ""піднебесній оселі"", ""start"": 7, ""end"": 24}, {""label"": ""ART"", ""text"": ""срібні дзвоники"", ""start"": 54, ""end"": 69}]"
bb9116c84ef3e05a0e40c7a69d86d08c848e9d1eb51c3e3eceed08ab9f05bc6d,"Діти завжди приходили з крихтами хліба , і птахи зліталися з-попід стелі просто їм на долоні , а іноді також сідали їм на плечі й навіть голови !",[],"[{""label"": ""PERS"", ""text"": ""Діти"", ""start"": 0, ""end"": 4}, {""label"": ""ART"", ""text"": ""крихтами хліба"", ""start"": 24, ""end"": 38}]"
ba55cfd393ed174a858ba7a8c2f876a800b1c7e9c6790e425c848a8463d3b644,"Тоді дядечко Вітер сміявся , а діти були щасливі . Незважаючи на літню спеку , тут чомусь усі чоловіки ходили в шинелях , киреях , довгих свитах чи навіть у кожушанках .","[{""label"": ""PERS"", ""text"": ""Вітер""}]","[{""label"": ""PERS"", ""text"": ""дядечко Вітер"", ""start"": 5, ""end"": 18}, {""label"": ""PERIOD"", ""text"": ""літню спеку"", ""start"": 65, ""end"": 76}, {""label"": ""LOC"", ""text"": ""тут"", ""start"": 79, ""end"": 82}, {""label"": ""ART"", ""text"": ""шинелях"", ""start"": 112, ""end"": 119}, {""label"": ""ART"", ""text"": ""киреях"", ""start"": 122, ""end"": 128}, {""label"": ""ART"", ""text"": ""довгих свитах"", ""start"": 131, ""end"": 144}, {""label"": ""ART"", ""text"": ""кожушанках"", ""start"": 157, ""end"": 167}]"
aea0befb77aac1ce6fc7f7f8d7a2c39871d0d3a9a555c302256213fab3126a6f,"Вони спідлоба дивилися на запорошених стрільців , що йшли та йшли нескінченною колоною , похилившись під вагою наплічників , їхній одяг був сірий від куряви , запилюжені лиця заливав брудними патьоками піт .","[{""label"": ""JOB"", ""text"": ""стрільців""}]","[{""label"": ""PERS"", ""text"": ""запорошених стрільців"", ""start"": 26, ""end"": 47}, {""label"": ""ART"", ""text"": ""наплічників"", ""start"": 111, ""end"": 122}]"
157ce600e6b88c39b36f5e8e14f3660849878ebd1092d244c2f89ae6de3eef20,"Услід за піхотою їхали гармаші , що сиділи на лафетах і тряслися на вибоїнах разом із гарматами , запряженими у дві пари коней .","[{""label"": ""JOB"", ""text"": ""гармаші""}]","[{""label"": ""ORG"", ""text"": ""піхотою"", ""start"": 9, ""end"": 16}, {""label"": ""ART"", ""text"": ""гармаші"", ""start"": 23, ""end"": 30}, {""label"": ""ART"", ""text"": ""лафетах"", ""start"": 46, ""end"": 53}, {""label"": ""ART"", ""text"": ""гарматами"", ""start"": 86, ""end"": 95}]"
712d18be207b2432fc7ba390d07e1f35b3f9154872f0f6c8b2cfed016865885b,"Колеса залишали на дорозі глибокі колії ; товстелезні дула із чорними жерлами , темно-бурі сталеві щити , подзьобані кулями та осколками , наче віспою , не радували селян .",[],"[{""label"": ""ART"", ""text"": ""Колеса"", ""start"": 0, ""end"": 6}, {""label"": ""LOC"", ""text"": ""дорозі"", ""start"": 19, ""end"": 25}, {""label"": ""ART"", ""text"": ""товстелезні дула із чорними жерлами"", ""start"": 42, ""end"": 77}, {""label"": ""ART"", ""text"": ""темно-бурі сталеві щити"", ""start"": 80, ""end"": 103}]"
72cdc8b29a993ed3dffd0b21e6ef42e5d0a53d35d957e8d5f9ad0404c702bfbe,"Над тинами звисали кетяги стиглих вишень , кожен стрілець тягнувся до них очима ( Миронові здавалося , що всередині у нього все вигоріло ) , але ніхто не зірвав і ягідки .","[{""label"": ""JOB"", ""text"": ""стрілець""}, {""label"": ""PERS"", ""text"": ""Миронові""}]","[{""label"": ""LOC"", ""text"": ""Над тинами"", ""start"": 0, ""end"": 10}, {""label"": ""ART"", ""text"": ""кетяги стиглих вишень"", ""start"": 19, ""end"": 40}, {""label"": ""PERS"", ""text"": ""стрілець"", ""start"": 49, ""end"": 57}, {""label"": ""PERS"", ""text"": ""Миронові"", ""start"": 82, ""end"": 90}, {""label"": ""ART"", ""text"": ""ягідки"", ""start"": 163, ""end"": 169}]"
be160b3e10b8311468d869b20dbd25083b85cd88a3c6403bcd1101c852e2cefc,"Вони , галичани , краще за тих дядьків у шинелях знали , що таке приватна власність .",[],"[{""label"": ""ART"", ""text"": ""приватна власність"", ""start"": 65, ""end"": 83}]"
49e0da4fc0040f9c8796d554f1ec99c70019fcc7b0b6c701804a9080109165ba,Вони були найдисциплінованішою армією у світі .,[],"[{""label"": ""ORG"", ""text"": ""Вони"", ""start"": 0, ""end"": 4}, {""label"": ""LOC"", ""text"": ""світі"", ""start"": 40, ""end"": 45}]"
08b7020189544032d7a1825f01f44c556dd6793daae79ffbb785a93f36d3229f,Наймолодшою і найдисциплінованішою .,[],"[{""label"": ""JOB"", ""text"": ""Наймолодшою і найдисциплінованішою"", ""start"": 0, ""end"": 34}]"
ec2281c1e9164e922acdfeecd74ae31f02f376f09514088ba83f8d949b93004b,"Пройшовши сотні верст Великою Україною , вони не реквізували жодної крихти хліба , а коли настали жнива , пішли між боями по людях допомагати збирати врожай за п’ятий сніп .","[{""label"": ""LOC"", ""text"": ""Великою Україною""}]","[{""label"": ""LOC"", ""text"": ""Великою Україною"", ""start"": 22, ""end"": 38}, {""label"": ""ART"", ""text"": ""крихти хліба"", ""start"": 68, ""end"": 80}, {""label"": ""PERIOD"", ""text"": ""жнива"", ""start"": 98, ""end"": 103}, {""label"": ""MON"", ""text"": ""п’ятий сніп"", ""start"": 160, ""end"": 171}]"
1616f01e0fb0e662236591494f01d4f0e0d2a8a48f3c0f97cb8a728ea4def02e,Були навіть жнивні сотні .,[],"[{""label"": ""QUANT"", ""text"": ""жнивні сотні"", ""start"": 12, ""end"": 24}]"
224d6da2ff462561ce4dceedacd3241e6b2d3ced7b963e1e7f05a92987dcbbd2,"Тоді всі й побачили , хто такі галичани , яка їхня мова й честь .",[],"[{""label"": ""PERS"", ""text"": ""галичани"", ""start"": 31, ""end"": 39}, {""label"": ""MISC"", ""text"": ""мова"", ""start"": 51, ""end"": 55}]"
b95f162b9526e0aab97a9a255cca37bc84654aa83be2e611a0594e5188ae4344,— Куди йдете ? — часом питали їх люди .,[],"[{""label"": ""PERS"", ""text"": ""люди"", ""start"": 33, ""end"": 37}]"
10568847c8ca30f54603451a7e9b182d73c817753db3b0a43aba2736d2f33c6b,І відповідь завжди була одна :,[],[]
4405c6a712aa7eb542b86d808af01e775e8a5da28d027ceb934e4c67c0ce0f18,— Ідемо на Львів через Київ .,"[{""label"": ""LOC"", ""text"": ""Львів""}, {""label"": ""LOC"", ""text"": ""Київ""}]","[{""label"": ""LOC"", ""text"": ""Львів"", ""start"": 11, ""end"": 16}, {""label"": ""LOC"", ""text"": ""Київ"", ""start"": 23, ""end"": 27}]"
198aa3ce7a37573773b818d0b917a5b971bc7e51ca7cc586c980611bc99ad4ed,"Усі , хто мав очі , побачили , а батько Шуліка таки зліз по драбині з неба , якщо назвав їх австріяками , і це був не жарт — почути таке від отамана , з яким разом іти до бою .","[{""label"": ""PERS"", ""text"": ""Шуліка""}, {""label"": ""JOB"", ""text"": ""отамана""}]","[{""label"": ""PERS"", ""text"": ""Шуліка"", ""start"": 40, ""end"": 46}, {""label"": ""MISC"", ""text"": ""австріяками"", ""start"": 92, ""end"": 103}, {""label"": ""JOB"", ""text"": ""отамана"", ""start"": 141, ""end"": 148}]"
99ff48449a525f0047282a1ec600492f27473d3655c29fa17e7d9ab883936892,"Тут саме вчасно було послати Шуліку до дідька , але курінний Станімір мав наказ і до того ж він був найдисциплінованішим сотником найдисциплінованішої армії .","[{""label"": ""PERS"", ""text"": ""Шуліку""}, {""label"": ""JOB"", ""text"": ""курінний""}, {""label"": ""PERS"", ""text"": ""Станімір""}, {""label"": ""JOB"", ""text"": ""сотником""}]","[{""label"": ""LOC"", ""text"": ""Тут"", ""start"": 0, ""end"": 3}, {""label"": ""PERS"", ""text"": ""Шуліку"", ""start"": 29, ""end"": 35}, {""label"": ""PERS"", ""text"": ""Станімір"", ""start"": 61, ""end"": 69}, {""label"": ""JOB"", ""text"": ""найдисциплінованішим сотником"", ""start"": 100, ""end"": 129}, {""label"": ""ORG"", ""text"": ""найдисциплінованішої армії"", ""start"": 130, ""end"": 156}]"
ba44b71d89e8437db5c3e0fe237708065daf8bfa427e90b8964c277c14d8fbb7,Тому пояснив якомога стриманіше :,[],"[{""label"": ""PERS"", ""text"": ""Тому"", ""start"": 0, ""end"": 4}]"
3673a5b731c3bf273f015ddfb27d807942d31c93f8a567a65161ae7071b59781,"— Ми не австріяки , пане отамане .","[{""label"": ""JOB"", ""text"": ""отамане""}]","[{""label"": ""JOB"", ""text"": ""Ми не австріяки"", ""start"": 2, ""end"": 17}, {""label"": ""JOB"", ""text"": ""пане отамане"", ""start"": 20, ""end"": 32}]"
f3f106d7c3c02035b3b68e24053a4e0e5ab8fdcb18409c5ce9875e37773f4b0f,Ми галичани . Старшини Галицької армії .,"[{""label"": ""JOB"", ""text"": ""Старшини""}, {""label"": ""ORG"", ""text"": ""Галицької армії""}]","[{""label"": ""ORG"", ""text"": ""Галицької армії"", ""start"": 23, ""end"": 38}]"
d04385cad8d9af813c974d752cb2d3f58e2744ae0205537df1c998e807f8182b,"— Знаю , — сказав Шуліка . — Але порядки у вас , як у тих австріяк .","[{""label"": ""PERS"", ""text"": ""Шуліка""}]","[{""label"": ""PERS"", ""text"": ""Шуліка"", ""start"": 18, ""end"": 24}, {""label"": ""MISC"", ""text"": ""порядки"", ""start"": 33, ""end"": 40}]"
b705bfcfa717d1b26edd2bcb92d446474ee299b8829463874173bbe05f9efb2c,Після бою ви не дозволяєте ділити ясир .,[],"[{""label"": ""PERIOD"", ""text"": ""Після бою"", ""start"": 0, ""end"": 9}, {""label"": ""PERS"", ""text"": ""ви"", ""start"": 10, ""end"": 12}, {""label"": ""ART"", ""text"": ""ясир"", ""start"": 34, ""end"": 38}]"
a9a8f7dc8c39fff3f83687d40f73ec09fdc438e56703762da70beb318a8a16aa,— Який ясир ?,[],"[{""label"": ""JOB"", ""text"": ""Який ясир"", ""start"": 2, ""end"": 11}]"
2e56eb9bb277b155c4c607ae4e6a3845a6ae8397ba10ef558ad57e8575037fac,"— Ну , здобич , — не змигнувши оком , пояснив Шуліка . — Повинна ж козачня чимось поживитися після бою ?","[{""label"": ""PERS"", ""text"": ""Шуліка""}]","[{""label"": ""ART"", ""text"": ""здобич"", ""start"": 7, ""end"": 13}, {""label"": ""PERS"", ""text"": ""Шуліка"", ""start"": 46, ""end"": 52}, {""label"": ""JOB"", ""text"": ""козачня"", ""start"": 67, ""end"": 74}, {""label"": ""PERIOD"", ""text"": ""після бою"", ""start"": 93, ""end"": 102}]"
f414c01ee019af27cbcc3969ca78d90e735f3fe36abd70e4335ed65bbab23d65,"Інакше який інтерес підставляти лоби під кулі ? Станімір не знав , що на те відповісти , його вже « шляк трафляв » од такої гутірки , та , опанувавши себе , він різко підвищив голос :","[{""label"": ""PERS"", ""text"": ""Станімір""}]","[{""label"": ""PERS"", ""text"": ""Станімір"", ""start"": 48, ""end"": 56}]"
2c9a8dbb972fd4e1f06f6bc0c42bf78f954c558c2979d471adc087f3e8f31a02,— Я прийшов до вас не торгуватися !,[],"[{""label"": ""PERS"", ""text"": ""Я"", ""start"": 2, ""end"": 3}]"
45196e1f27ec44a8ac2c744f37965d76e2e077b160a8846a7e11fca7e62e067d,"— А я вам нічого й не продаю , — сердито відповів Шуліка . — Ідіть звідки прийшли !","[{""label"": ""PERS"", ""text"": ""Шуліка""}]","[{""label"": ""PERS"", ""text"": ""Шуліка"", ""start"": 50, ""end"": 56}]"
0e790cc34954df0c534442e532b912349d2a708fd73574cf90047e0d78165294,Поки я добрий .,[],[]
a611bc2cda5e87198f46fcf12ec8847e5fe56f6baad971e3488badfa3cd1da69,"Була ще одна слушна нагода розвернутися й піти , однак коса вже наскочила на камінь . Сотник Станімір ураз виструнчився у військову поставу й суворим командирським голосом сказав , що відмова від виконання наказу карається за всіма законами воєнного часу , тому він , отаман Шуліка , постане перед польовим судом . Шуліка напружився , переварюючи сотникову погрозу , а потім заревів на всю горлянку :","[{""label"": ""JOB"", ""text"": ""Сотник""}, {""label"": ""PERS"", ""text"": ""Станімір""}, {""label"": ""JOB"", ""text"": ""отаман""}, {""label"": ""PERS"", ""text"": ""Шуліка""}, {""label"": ""PERS"", ""text"": ""Шуліка""}]","[{""label"": ""ART"", ""text"": ""коса"", ""start"": 55, ""end"": 59}, {""label"": ""JOB"", ""text"": ""Сотник"", ""start"": 86, ""end"": 92}, {""label"": ""PERS"", ""text"": ""Станімір"", ""start"": 93, ""end"": 101}, {""label"": ""PERIOD"", ""text"": ""воєнного часу"", ""start"": 241, ""end"": 254}, {""label"": ""JOB"", ""text"": ""отаман"", ""start"": 268, ""end"": 274}, {""label"": ""PERS"", ""text"": ""Шуліка"", ""start"": 275, ""end"": 281}, {""label"": ""ORG"", ""text"": ""польовим судом"", ""start"": 298, ""end"": 312}, {""label"": ""PERS"", ""text"": ""Шуліка"", ""start"": 315, ""end"": 321}]"
b428188e5f687f9219b365f7241c0d65669881fe85cf47264bae60d721198c1c,"— Полковники , до мене !","[{""label"": ""JOB"", ""text"": ""Полковники""}]","[{""label"": ""JOB"", ""text"": ""Полковники"", ""start"": 2, ""end"": 12}]"
17be7cf9a3760abad39c82360f55515ad4f2277559553acdb335da54f748cb8d,"В одну мить біля них опинилося кілька бойовиків із його ватаги , аж дивно було , як вони хутко покидали мішки й мовби проскочили крізь мур цукроварні .",[],"[{""label"": ""TIME"", ""text"": ""В одну мить"", ""start"": 0, ""end"": 11}, {""label"": ""PERS"", ""text"": ""бойовиків"", ""start"": 38, ""end"": 47}, {""label"": ""ORG"", ""text"": ""його ватаги"", ""start"": 51, ""end"": 62}, {""label"": ""ART"", ""text"": ""мішки"", ""start"": 104, ""end"": 109}, {""label"": ""ORG"", ""text"": ""цукроварні"", ""start"": 139, ""end"": 149}]"
628dd693213ccb26a53b59f5990614d83b30a43f9c937c3c489b0304e2e86ac8,"Курки зведені , револьвери відбезпечені , тільки наказуй , батьку . Станімір із Гірняком теж потяглися до кобур , але тут Шуліка й собі прибрав військову позу , витягся , розправив плечі , розпушив вуса й сказав отаманським голосом :","[{""label"": ""PERS"", ""text"": ""Станімір""}, {""label"": ""PERS"", ""text"": ""Гірняком""}, {""label"": ""PERS"", ""text"": ""Шуліка""}]","[{""label"": ""ART"", ""text"": ""Курки"", ""start"": 0, ""end"": 5}, {""label"": ""ART"", ""text"": ""револьвери"", ""start"": 16, ""end"": 26}, {""label"": ""PERS"", ""text"": ""Станімір"", ""start"": 68, ""end"": 76}, {""label"": ""PERS"", ""text"": ""Гірняком"", ""start"": 80, ""end"": 88}, {""label"": ""PERS"", ""text"": ""Шуліка"", ""start"": 122, ""end"": 128}]"
e77bd1b937149f62a56d8faafb673c611f87121b52f9bf4176d9d49627e905b2,— Панове полковники !,"[{""label"": ""JOB"", ""text"": ""полковники""}]",[]
201b8a0a6288f4021ec03a7c4579c4c0d28b92ae78f39dc42adb777f5a29edf7,Прийшов наказ од найвищого командування вдарити на большевиків разом з галичанами .,[],"[{""label"": ""ORG"", ""text"": ""найвищого командування"", ""start"": 17, ""end"": 39}, {""label"": ""ORG"", ""text"": ""большевиків"", ""start"": 51, ""end"": 62}]"
7bb4dc44a1aa279d5a2477332611d17d04f2652c917043226c5a4f21f9e1c6fc,"Як ви , полковники , на це дивитеся ?","[{""label"": ""JOB"", ""text"": ""полковники""}]","[{""label"": ""JOB"", ""text"": ""полковники"", ""start"": 8, ""end"": 18}]"
c3da2223aa3766dd37ff8dc88d1e68e1984c6c721b6ab11b3144595d4e24e267,"— Як скажеш , батьку ! — хором відповіли « полковники » .","[{""label"": ""JOB"", ""text"": ""полковники""}]","[{""label"": ""PERS"", ""text"": ""батьку"", ""start"": 14, ""end"": 20}, {""label"": ""JOB"", ""text"": ""полковники"", ""start"": 43, ""end"": 53}]"
efefd710cad45de7a0a7047997f8bfcd9286809e931b2861dcdd93fd91f75315,— А яка ваша воля ? — спитав уже теплішим голосом Шуліка .,"[{""label"": ""PERS"", ""text"": ""Шуліка""}]","[{""label"": ""PERS"", ""text"": ""Шуліка"", ""start"": 50, ""end"": 56}]"
aef00c0e01e3063e79ab45fcb5168506d5f4e4bd0ea1ee982ff4a81da0b3bb77,"— Наших голів багато , а твоя , батьку , одна розумніша ! — знов гуртом в один голос проказали « полковники » . — Накажеш іти , то й підемо !","[{""label"": ""JOB"", ""text"": ""полковники""}]","[{""label"": ""PERS"", ""text"": ""батьку"", ""start"": 32, ""end"": 38}, {""label"": ""JOB"", ""text"": ""полковники"", ""start"": 97, ""end"": 107}]"
9a341786c7f56853bdaea5fb4e52ab67bace09e33ab764dd284789cbe3a9cbd5,Хіба нам що ?,[],[]
5812e264fae784e4468827e28414f24d4fd92ba1a24d8f91e2c0d25b68ab2cb6,— На тому й порішили ! — Шуліка вдоволено подивився на Станіміра . — Я виставляю дві сотні козаків .,"[{""label"": ""PERS"", ""text"": ""Шуліка""}, {""label"": ""PERS"", ""text"": ""Станіміра""}]","[{""label"": ""PERS"", ""text"": ""Шуліка"", ""start"": 25, ""end"": 31}, {""label"": ""PERS"", ""text"": ""Станіміра"", ""start"": 55, ""end"": 64}, {""label"": ""QUANT"", ""text"": ""дві сотні козаків"", ""start"": 81, ""end"": 98}]"
afdc81ee30ea996ca5d2f750ff12c2899f5647754deff0d7a3d2e4c50c3a1ee0,Коли виступаємо ?,[],[]
d6da184bd8c4647d6c30cc4c83473fe0cd86abc47ded89754f9bbc902f002fe7,"Загін Шуліки вчасно подовжив праве крило їхнього куреня , й вони пішли в наступ бравурно й злагоджено , хоча ворог ще здалеку привітав їх спершу гарматним , а потім щільним кулеметним вогнем .","[{""label"": ""PERS"", ""text"": ""Шуліки""}]","[{""label"": ""ORG"", ""text"": ""Загін Шуліки"", ""start"": 0, ""end"": 12}, {""label"": ""MISC"", ""text"": ""гарматним"", ""start"": 145, ""end"": 154}]"
56be04356948d7f4448b89dc299e0ffd6028db3284c18fbb5180e1683bf52985,"Галичани довший час не відстрілювалися , заощаджуючи набої , яких їм постійно бракувало , але без передиху просувалися вперед короткими та швидкими скоками .",[],"[{""label"": ""ART"", ""text"": ""набої"", ""start"": 53, ""end"": 58}]"
256828c31acdbbd99a009b47dfdbcd48cb29a167ea3a4283e7b86383ed31ab0a,"Зате праворуч од них стрілянина не вщухала ані на мить , повстанці Шуліки палили з усього , що тільки може стріляти , смалили з рушниць , револьверів , скорострілів , поручник Гірняк лишень дивувався , звідкіль у них стільки припасів , і , наслухаючи довжелезні кулеметні черги , думав , що тяга ніякого « шварцльозе » такого вогню не витримає .","[{""label"": ""PERS"", ""text"": ""Шуліки""}, {""label"": ""JOB"", ""text"": ""поручник""}, {""label"": ""PERS"", ""text"": ""Гірняк""}]","[{""label"": ""ORG"", ""text"": ""повстанці Шуліки"", ""start"": 57, ""end"": 73}, {""label"": ""ART"", ""text"": ""рушниць"", ""start"": 128, ""end"": 135}, {""label"": ""ART"", ""text"": ""револьверів"", ""start"": 138, ""end"": 149}, {""label"": ""ART"", ""text"": ""скорострілів"", ""start"": 152, ""end"": 164}, {""label"": ""JOB"", ""text"": ""поручник"", ""start"": 167, ""end"": 175}, {""label"": ""PERS"", ""text"": ""Гірняк"", ""start"": 176, ""end"": 182}]"
482bf25a98f770279647d909a2e6d25cb5164324d81ff4e3101aad4734a9136d,"Безладна , але гучна й напориста пальба справляла враження і на ворога , бо невдовзі галичани перейшли покинуті червоними окопи , за якими була ще одна лінія оборони .",[],"[{""label"": ""ORG"", ""text"": ""галичани"", ""start"": 85, ""end"": 93}, {""label"": ""LOC"", ""text"": ""покинуті червоними окопи"", ""start"": 103, ""end"": 127}, {""label"": ""LOC"", ""text"": ""ще одна лінія оборони"", ""start"": 144, ""end"": 165}]"
6375230a1f5e7586da7d200c012579290acc184c1713eded7034d764de3204cb,І раптом праворуч настала тиша .,[],"[{""label"": ""LOC"", ""text"": ""праворуч"", ""start"": 9, ""end"": 17}]"
af69eb93aa82bd1ef3f48a331a4b681bad1e4a93e59a4fd27047851079ed6867,"Там усе якось ураз заніміло , не чутно було ні стрілу , ні крику , ні звуку .",[],"[{""label"": ""LOC"", ""text"": ""Там"", ""start"": 0, ""end"": 3}]"
c06723a9be5599f269aafcb5a7b2f40c116ac4b059ae0b698eaa014563001153,"Щоб довідатися , що це за партизанська хитрість , сотник Станімір послав туди стежу на чолі з поручником Гірняком , але той не знайшов від повстанців і сліду .","[{""label"": ""JOB"", ""text"": ""сотник""}, {""label"": ""PERS"", ""text"": ""Станімір""}, {""label"": ""JOB"", ""text"": ""поручником""}, {""label"": ""PERS"", ""text"": ""Гірняком""}]","[{""label"": ""PERS"", ""text"": ""сотник Станімір"", ""start"": 50, ""end"": 65}, {""label"": ""PERS"", ""text"": ""поручником Гірняком"", ""start"": 94, ""end"": 113}, {""label"": ""ORG"", ""text"": ""повстанців"", ""start"": 139, ""end"": 149}]"
ce8e481623d3e2b49e9a1dbeb43ac2fe142084c2cc59d481758f34bdbbf0ac79,"Загін отамана Шуліки здимів , оголивши праве крило , і його довелося латати , розріджуючи впорядковані лави .","[{""label"": ""JOB"", ""text"": ""отамана""}, {""label"": ""PERS"", ""text"": ""Шуліки""}]","[{""label"": ""ORG"", ""text"": ""Загін"", ""start"": 0, ""end"": 5}, {""label"": ""PERS"", ""text"": ""отамана Шуліки"", ""start"": 6, ""end"": 20}, {""label"": ""ART"", ""text"": ""впорядковані лави"", ""start"": 90, ""end"": 107}]"
ef2c6774c0161269d6e78ed0cdf2452648d05c58839f63faea63612813e60709,"На щастя , спротив червоних ослаб , і вранці галичани зайшли у Жмеринку , до якої з іншого боку вступила повстанська дивізія Юрка Тютюнника .","[{""label"": ""LOC"", ""text"": ""Жмеринку""}, {""label"": ""PERS"", ""text"": ""Юрка Тютюнника""}]","[{""label"": ""ORG"", ""text"": ""галичани"", ""start"": 45, ""end"": 53}, {""label"": ""LOC"", ""text"": ""Жмеринку"", ""start"": 63, ""end"": 71}, {""label"": ""ORG"", ""text"": ""повстанська дивізія"", ""start"": 105, ""end"": 124}, {""label"": ""PERS"", ""text"": ""Юрка Тютюнника"", ""start"": 125, ""end"": 139}]"
7ddb12855e329f50a44434870527b17ffa84f9fb03740ff855337116b77d1607,"Найбільший рух був на залізничному двірці , де застрягло кілька червоних ешелонів з військовим майном та провізією .",[],"[{""label"": ""LOC"", ""text"": ""залізничному двірці"", ""start"": 22, ""end"": 41}, {""label"": ""ART"", ""text"": ""червоних ешелонів"", ""start"": 64, ""end"": 81}, {""label"": ""ART"", ""text"": ""військовим майном"", ""start"": 84, ""end"": 101}, {""label"": ""MISC"", ""text"": ""провізією"", ""start"": 105, ""end"": 114}]"
bf7b3f6e5117e9dd781401a95b316f5eadf82e5607b728b8a7b55d1632abc148,"Сюди збіглося все живе й у дикому шарварку вирувало , горлало , сварилося , погрожувало , бо як тут загнуздаєш нерви , коли перед тобою повнісінькі вагони добра , де сіль , набої , взуття , одяг , сідла й навіть російські польові мапи , яких так бракувало галицьким старшинам .","[{""label"": ""JOB"", ""text"": ""старшинам""}]","[{""label"": ""LOC"", ""text"": ""дикому шарварку"", ""start"": 27, ""end"": 42}, {""label"": ""MISC"", ""text"": ""сіль"", ""start"": 166, ""end"": 170}, {""label"": ""MISC"", ""text"": ""набої"", ""start"": 173, ""end"": 178}, {""label"": ""MISC"", ""text"": ""одяг , сідла"", ""start"": 190, ""end"": 202}, {""label"": ""ART"", ""text"": ""російські польові мапи"", ""start"": 212, ""end"": 234}, {""label"": ""JOB"", ""text"": ""галицьким старшинам"", ""start"": 256, ""end"": 275}]"
96c8ebee148760222b9a5b8f9a095a46bd34cbc052c9b0cc5a0fc4e0d30fe1a1,"Біля ешелонів , куди вони підоспіли раніше , виставили охорону , а там , де порядкували повстанці , дійшло до сутичок , біля вагона з чобітьми та шкірою навіть зчинилася стрілянина .",[],"[{""label"": ""LOC"", ""text"": ""ешелонів"", ""start"": 5, ""end"": 13}, {""label"": ""ORG"", ""text"": ""повстанці"", ""start"": 88, ""end"": 97}, {""label"": ""ART"", ""text"": ""вагона з чобітьми та шкірою"", ""start"": 125, ""end"": 152}, {""label"": ""MISC"", ""text"": ""стрілянина"", ""start"": 170, ""end"": 180}]"
809ad769420c974217fbe26e646cd4c36db03c0fa384c182418e726bfb65d55a,— Назад !,[],[]
435dbbb529d97467996400b86b297bae0ee3946c93a928a47754ccfe4b484565,"Розійдись !!! — пролунала команда , за якою теж гримнуло кілька револьверних пострілів .",[],"[{""label"": ""PERS"", ""text"": ""команда"", ""start"": 26, ""end"": 33}, {""label"": ""QUANT"", ""text"": ""кілька револьверних пострілів"", ""start"": 57, ""end"": 86}]"
11a33cf4d15fbff99ad42d7c48dc3d2190d58323ae95780c472d7dc05ae49684,"Коли натовп розбігся , Мирон побачив , що на пероні лежить чоловік у темно-червоному жупані , щось підштовхнуло його ближче , і Мирон упізнав отамана Шуліку .","[{""label"": ""PERS"", ""text"": ""Мирон""}, {""label"": ""PERS"", ""text"": ""Мирон""}, {""label"": ""JOB"", ""text"": ""отамана""}, {""label"": ""PERS"", ""text"": ""Шуліку""}]","[{""label"": ""PERS"", ""text"": ""Мирон"", ""start"": 23, ""end"": 28}, {""label"": ""ART"", ""text"": ""пероні"", ""start"": 45, ""end"": 51}, {""label"": ""PERS"", ""text"": ""Мирон"", ""start"": 128, ""end"": 133}, {""label"": ""PERS"", ""text"": ""Шуліку"", ""start"": 150, ""end"": 156}]"
3174af7e0578fd545146d533ba66ed506f8dfd7b747b346fbe2c978ac140780d,"Той лежав горілиць ще живий , мабуть , поцілили в спину , бо не видно було ні рани , ні крові , тільки передсмертна блідість уже залила його обличчя . Мирон нахилився над пораненим , і батько Шуліка його впізнав .","[{""label"": ""PERS"", ""text"": ""Мирон""}, {""label"": ""PERS"", ""text"": ""Шуліка""}]","[{""label"": ""PERS"", ""text"": ""Той"", ""start"": 0, ""end"": 3}, {""label"": ""PERS"", ""text"": ""Мирон"", ""start"": 151, ""end"": 156}, {""label"": ""PERS"", ""text"": ""Шуліка"", ""start"": 192, ""end"": 198}]"
5db36c1ec6e0722eb1f0150c671efb5fc84bef1e509563eafc7f25c7786f581e,"— Пробач , галичанин , — сказав він . — У нас скінчилися патрони .",[],"[{""label"": ""PERS"", ""text"": ""галичанин"", ""start"": 11, ""end"": 20}, {""label"": ""ART"", ""text"": ""патрони"", ""start"": 57, ""end"": 64}]"
d0602b56826958c96a055ca51e3dff98acb4504cc52ec413cdcad1ef9c017687,"Голова його впала набік , наче отаман Шуліка заснув . Виходець із козацько-старшинського роду А . Ждаха ( справжнє прізвище Смаглій ) народився 6 грудня 1855 року в Ізмаїлі . 1873 року вступив до Єлисаветградського кавалерійського училища .","[{""label"": ""JOB"", ""text"": ""отаман""}, {""label"": ""PERS"", ""text"": ""Шуліка""}, {""label"": ""PERS"", ""text"": ""А . Ждаха""}, {""label"": ""PERS"", ""text"": ""Смаглій""}, {""label"": ""DATE"", ""text"": ""6 грудня 1855 року""}, {""label"": ""LOC"", ""text"": ""Ізмаїлі""}, {""label"": ""DATE"", ""text"": ""1873 року""}, {""label"": ""ORG"", ""text"": ""Єлисаветградського кавалерійського училища""}]","[{""label"": ""JOB"", ""text"": ""отаман"", ""start"": 31, ""end"": 37}, {""label"": ""PERS"", ""text"": ""Шуліка"", ""start"": 38, ""end"": 44}, {""label"": ""PERS"", ""text"": ""А . Ждаха"", ""start"": 94, ""end"": 103}, {""label"": ""PERS"", ""text"": ""Смаглій"", ""start"": 124, ""end"": 131}, {""label"": ""DATE"", ""text"": ""6 грудня 1855 року"", ""start"": 144, ""end"": 162}, {""label"": ""LOC"", ""text"": ""Ізмаїлі"", ""start"": 165, ""end"": 172}, {""label"": ""ORG"", ""text"": ""Єлисаветградського кавалерійського училища"", ""start"": 196, ""end"": 238}]"
aca15a3a8f0f969b9a4f5ec9ae0c3efb35522ab3f517c9c0cda19655bd58669e,Але не військова кар’єра визначила його життєвий шлях .,[],[]
d4515d10cd7a87c8ad48947df3c441f6f9fc78f411ead27daaca15904d77c93d,"Адже перед цим Амвросій закінчив Одеську рисувальну школу ( паралельно відвідуючи недільні безкоштовні класи Товариства красних мистецтв ) , малювати ж почав із 6-и років .","[{""label"": ""PERS"", ""text"": ""Амвросій""}, {""label"": ""ORG"", ""text"": ""Одеську рисувальну школу""}, {""label"": ""ORG"", ""text"": ""Товариства красних мистецтв""}]","[{""label"": ""PERS"", ""text"": ""Амвросій"", ""start"": 15, ""end"": 23}, {""label"": ""ORG"", ""text"": ""Одеську рисувальну школу"", ""start"": 33, ""end"": 57}, {""label"": ""ORG"", ""text"": ""Товариства красних мистецтв"", ""start"": 109, ""end"": 136}, {""label"": ""PERIOD"", ""text"": ""6-и років"", ""start"": 161, ""end"": 170}]"
02c050887dec089c802e7c5f96220ce992eff839d3addb8a670c54ed5482de7b,Тож молодий художник віддається улюбленій справі .,[],"[{""label"": ""PERS"", ""text"": ""молодий художник"", ""start"": 4, ""end"": 20}, {""label"": ""MISC"", ""text"": ""улюбленій справі"", ""start"": 32, ""end"": 48}]"
742742ecdfd0d1dcd9dc3c8c01e8eab001791b78b391916af3d50ad6ef6f2c99,Після створення українського професійного реалістичного театру він виконує для трупи М . Кропивницького та М . Старицького ескізи українського народного одягу .,"[{""label"": ""PERS"", ""text"": ""М . Кропивницького""}, {""label"": ""PERS"", ""text"": ""М . Старицького""}]","[{""label"": ""ORG"", ""text"": ""українського професійного реалістичного театру"", ""start"": 16, ""end"": 62}, {""label"": ""PERS"", ""text"": ""М . Кропивницького"", ""start"": 85, ""end"": 103}, {""label"": ""PERS"", ""text"": ""М . Старицького"", ""start"": 107, ""end"": 122}, {""label"": ""ART"", ""text"": ""ескізи українського народного одягу"", ""start"": 123, ""end"": 158}]"
7bad459237b1d1947af13978a0cf354ceaf74982449c454ac42aaabf7b70f680,Підтримував зв’язки з П . Ніщинським .,"[{""label"": ""PERS"", ""text"": ""П . Ніщинським""}]","[{""label"": ""PERS"", ""text"": ""П . Ніщинським"", ""start"": 22, ""end"": 36}]"
82d3e1f51b97cf2985f0b58ec211251e7ec28759763385569e6a3db290614cd7,Із замовлення М . Лисенка він розпочав ілюстрування українських народних пісень .,"[{""label"": ""PERS"", ""text"": ""М . Лисенка""}]","[{""label"": ""PERS"", ""text"": ""М . Лисенка"", ""start"": 14, ""end"": 25}, {""label"": ""MISC"", ""text"": ""українських народних пісень"", ""start"": 52, ""end"": 79}]"
2299441fc9e5688202412cccca80523c1052db60ee923f1b366f11d7170c9f6b,У процесі збору коштів на пам’ятник Кобзареві Ждаха створив найбільшу серію ілюстрацій до благодійних поштових листівок .,"[{""label"": ""PERS"", ""text"": ""Кобзареві""}, {""label"": ""PERS"", ""text"": ""Ждаха""}]","[{""label"": ""PERS"", ""text"": ""Кобзареві Ждаха"", ""start"": 36, ""end"": 51}, {""label"": ""ART"", ""text"": ""ілюстрацій до благодійних поштових листівок"", ""start"": 76, ""end"": 119}]"
e1477b70552192987e590b486290d47c4dab8a7cdd3ad7dfd5c87c33cbe467d8,Ці картки із закликом « Жертвуйте на пам’ятник Т . Шевченкові в Києві » віддруковані в 1911 – 1912 роках у Лейпцигу .,"[{""label"": ""PERS"", ""text"": ""Т . Шевченкові""}, {""label"": ""LOC"", ""text"": ""Києві""}, {""label"": ""DATE"", ""text"": ""1911 – 1912 роках""}, {""label"": ""LOC"", ""text"": ""Лейпцигу""}]","[{""label"": ""ART"", ""text"": ""картки"", ""start"": 3, ""end"": 9}, {""label"": ""PERS"", ""text"": ""Т . Шевченкові"", ""start"": 47, ""end"": 61}, {""label"": ""PERIOD"", ""text"": ""1911 – 1912 роках"", ""start"": 87, ""end"": 104}, {""label"": ""LOC"", ""text"": ""Лейпцигу"", ""start"": 107, ""end"": 115}]"
0e7c7826d4744964616c98590567d354f3535e24cf690135494790fa98a4f3a2,"Підготувало їх київське видавництво « Час » , емблему якого теж розробив Амвросій Андрійович .","[{""label"": ""ORG"", ""text"": ""Час""}, {""label"": ""PERS"", ""text"": ""Амвросій Андрійович""}]","[{""label"": ""ORG"", ""text"": ""Час"", ""start"": 38, ""end"": 41}, {""label"": ""MISC"", ""text"": ""емблему"", ""start"": 46, ""end"": 53}, {""label"": ""PERS"", ""text"": ""Амвросій Андрійович"", ""start"": 73, ""end"": 92}]"
99c10183ab67087e99a55b956aecd841870a199802f82eae07cf31123997430d,"На 28 кольорових малюнках художник зобразив сюжети українських народних пісень , серед яких – « Ой , на горі вогонь горить » , « За Сибіром сонце сходить » , « Ой , не знав козак » , « Ой , не гаразд запорожці » , « Ой , не світи місяченьку » , « Засвистали козаченьки » , « Ой , ти дівчино » , « Три сестроньки » та ін . , а також повісті поляка Ф . Равіти-Гавронського « При битій дорозі » ( україномовного перекладу ) та народного танцю « Козак » .","[{""label"": ""ART"", ""text"": ""Ой , на горі вогонь горить""}, {""label"": ""ART"", ""text"": ""За Сибіром сонце сходить""}, {""label"": ""ART"", ""text"": ""Ой , не знав козак""}, {""label"": ""ART"", ""text"": ""Ой , не гаразд запорожці""}, {""label"": ""ART"", ""text"": ""Ой , не світи місяченьку""}, {""label"": ""ART"", ""text"": ""Засвистали козаченьки""}, {""label"": ""ART"", ""text"": ""Ой , ти дівчино""}, {""label"": ""ART"", ""text"": ""Три сестроньки""}, {""label"": ""PERS"", ""text"": ""Ф . Равіти-Гавронського""}, {""label"": ""ART"", ""text"": ""При битій дорозі""}, {""label"": ""ART"", ""text"": ""Козак""}]","[{""label"": ""PERS"", ""text"": ""художник"", ""start"": 26, ""end"": 34}, {""label"": ""MISC"", ""text"": ""козак"", ""start"": 173, ""end"": 178}, {""label"": ""ART"", ""text"": ""Засвистали козаченьки"", ""start"": 247, ""end"": 268}, {""label"": ""MISC"", ""text"": ""Три сестроньки"", ""start"": 297, ""end"": 311}, {""label"": ""PERS"", ""text"": ""Ф . Равіти-Гавронського"", ""start"": 347, ""end"": 370}, {""label"": ""MISC"", ""text"": ""Козак"", ""start"": 442, ""end"": 447}]"
cb2aa18fd1b1b85560b70326335ce7b0608826531e99829270fdeb625e1f0425,"Листівки викликали помітний інтерес української громадськості , тому автор малюнків підготував їх чергові серії , виданню яких , можливо , перешкодила світова війна .",[],"[{""label"": ""ART"", ""text"": ""Листівки"", ""start"": 0, ""end"": 8}, {""label"": ""ORG"", ""text"": ""української громадськості"", ""start"": 36, ""end"": 61}, {""label"": ""PERS"", ""text"": ""автор малюнків"", ""start"": 69, ""end"": 83}]"
e21eba16f17ace725dba915785c3a69b443ed0b4a406959c7d549e1260a01dca,"Колишній єлисаветградський юнкер взяв участь і в конкурсі на проект пам’ятника Кобзареві , підготувавши три його варіанти ( зберігся один з них під назвою « Смаглій » ) .","[{""label"": ""PERS"", ""text"": ""Кобзареві""}, {""label"": ""ART"", ""text"": ""Смаглій""}]","[{""label"": ""JOB"", ""text"": ""Колишній єлисаветградський юнкер"", ""start"": 0, ""end"": 32}, {""label"": ""PERS"", ""text"": ""Кобзареві"", ""start"": 79, ""end"": 88}, {""label"": ""ART"", ""text"": ""Смаглій"", ""start"": 157, ""end"": 164}]"
bb158c0498685e4f018dd62e03500731b13b6995b3a3d878f10fb1f0f06be102,"На думку одеських дослідників , на нього був схожий пам’ятник , встановлений в радянську добу в Харкові за проектом Манізера .","[{""label"": ""LOC"", ""text"": ""Харкові""}, {""label"": ""PERS"", ""text"": ""Манізера""}]","[{""label"": ""ORG"", ""text"": ""одеських дослідників"", ""start"": 9, ""end"": 29}, {""label"": ""ART"", ""text"": ""пам’ятник"", ""start"": 52, ""end"": 61}, {""label"": ""PERIOD"", ""text"": ""радянську добу"", ""start"": 79, ""end"": 93}, {""label"": ""LOC"", ""text"": ""Харкові"", ""start"": 96, ""end"": 103}, {""label"": ""PERS"", ""text"": ""Манізера"", ""start"": 116, ""end"": 124}]"
a5a8b5fdef748c1129bdfbe2f0e55d6d6efd0148f423680e5b68b5ae7d04419a,"Втім , в умовах імперії пам’ятник у Києві до 100-р іччя з дня народження споруджено не було .","[{""label"": ""LOC"", ""text"": ""Києві""}]","[{""label"": ""LOC"", ""text"": ""Києві"", ""start"": 36, ""end"": 41}, {""label"": ""DATE"", ""text"": ""100-р іччя з дня народження"", ""start"": 45, ""end"": 72}]"
9f946d0406a9dd462194b309cbe25acafa2acde70c73c0aefc5643fcfdc52f0b,Лише 11 березня 1920 року на місці зруйнованого пам’ятника княгині Ользі встановили гіпсове погруддя письменнику .,"[{""label"": ""DATE"", ""text"": ""11 березня 1920 року""}, {""label"": ""PERS"", ""text"": ""Ользі""}]","[{""label"": ""DATE"", ""text"": ""11 березня 1920 року"", ""start"": 5, ""end"": 25}, {""label"": ""PERS"", ""text"": ""княгині Ользі"", ""start"": 59, ""end"": 72}, {""label"": ""ART"", ""text"": ""гіпсове погруддя"", ""start"": 84, ""end"": 100}, {""label"": ""PERS"", ""text"": ""письменнику"", ""start"": 101, ""end"": 112}]"
065245aab335a4b7e0f0b0cdaef3239d9ff2d286fedadfe4bfa669ec008d49c0,Шевченкіана зайняла провідне місце в творчості художника .,[],"[{""label"": ""PERS"", ""text"": ""Шевченкіана"", ""start"": 0, ""end"": 11}, {""label"": ""JOB"", ""text"": ""творчості художника"", ""start"": 37, ""end"": 56}]"
4e29f879cd308a552a24ae814e941ee01e1f8eaabe0661e6a800ef6d3a110092,На рубежі століть він комплексно оформляє макет « Кобзаря » .,"[{""label"": ""MISC"", ""text"": ""Кобзаря""}]","[{""label"": ""PERIOD"", ""text"": ""На рубежі століть"", ""start"": 0, ""end"": 17}, {""label"": ""PERS"", ""text"": ""він"", ""start"": 18, ""end"": 21}, {""label"": ""ART"", ""text"": ""макет « Кобзаря »"", ""start"": 42, ""end"": 59}]"
4548162f29133f5402311b224224db5ad6d3a75b10023a281d50f77c9260d0f0,"У зв’язку з малюнками до останнього , А . Ждаха згадується , зокрема , в листах до випускника Єлисаветградського реального училища , українського мецената Є . Чикаленка 1901 року , який виділив гроші на їх виконання , і щодо нереалізованого проекту видання 1903 року . Художник створив портретний образ Кобзаря в емблемі видавництва « Дніпро » .","[{""label"": ""PERS"", ""text"": ""А . Ждаха""}, {""label"": ""ORG"", ""text"": ""Єлисаветградського реального училища""}, {""label"": ""PERS"", ""text"": ""Є . Чикаленка""}, {""label"": ""DATE"", ""text"": ""1901 року""}, {""label"": ""DATE"", ""text"": ""1903 року""}, {""label"": ""JOB"", ""text"": ""Художник""}, {""label"": ""PERS"", ""text"": ""Кобзаря""}, {""label"": ""ORG"", ""text"": ""Дніпро""}]","[{""label"": ""PERS"", ""text"": ""А . Ждаха"", ""start"": 38, ""end"": 47}, {""label"": ""ORG"", ""text"": ""Єлисаветградського реального училища"", ""start"": 94, ""end"": 130}, {""label"": ""JOB"", ""text"": ""українського мецената"", ""start"": 133, ""end"": 154}, {""label"": ""PERS"", ""text"": ""Є . Чикаленка"", ""start"": 155, ""end"": 168}, {""label"": ""DATE"", ""text"": ""1901 року"", ""start"": 169, ""end"": 178}, {""label"": ""MON"", ""text"": ""гроші"", ""start"": 194, ""end"": 199}, {""label"": ""DATE"", ""text"": ""1903 року"", ""start"": 257, ""end"": 266}, {""label"": ""ORG"", ""text"": ""Дніпро"", ""start"": 335, ""end"": 341}]"
e6089b1e5a10e22efd868833d0160b7258818d94c150db155de69f91fa8f31fc,"У 1911 – 1914 рр . в книгах видавництва « Час » вийшли його ілюстрація до вірша « Іван Підкова » , оформлена обкладинка серійного видання окремих творів поета , на якій зображено портрет Шевченка , постаті козака , кобзаря та української дівчини . На довірливих кіровоградців полюють шахраї та фірми-посередники , які за 1000 грн . готові « виготовити » біометричний паспорт , який коштує 518 грн . Із запровадженням біометричних паспортів активізувалися шахраї та фірми-посередники , які пропонують « прискорити » оформлення біометричного паспорта або просто оформити цей документ – повідомляють Першій електронній в прес-службі УДМС України в Кіровоградській області .","[{""label"": ""DATE"", ""text"": ""1911 – 1914 рр .""}, {""label"": ""ORG"", ""text"": ""Час""}, {""label"": ""ART"", ""text"": ""Іван Підкова""}, {""label"": ""PERS"", ""text"": ""Шевченка""}, {""label"": ""MON"", ""text"": ""1000 грн .""}, {""label"": ""MON"", ""text"": ""518 грн .""}, {""label"": ""ORG"", ""text"": ""Першій електронній""}, {""label"": ""ORG"", ""text"": ""УДМС України в Кіровоградській області""}]","[{""label"": ""PERIOD"", ""text"": ""1911 – 1914 рр ."", ""start"": 2, ""end"": 18}, {""label"": ""ORG"", ""text"": ""Час"", ""start"": 42, ""end"": 45}, {""label"": ""PERS"", ""text"": ""Іван Підкова"", ""start"": 82, ""end"": 94}, {""label"": ""PERS"", ""text"": ""Шевченка"", ""start"": 187, ""end"": 195}, {""label"": ""MON"", ""text"": ""1000 грн ."", ""start"": 321, ""end"": 331}, {""label"": ""ART"", ""text"": ""біометричний паспорт"", ""start"": 354, ""end"": 374}, {""label"": ""MON"", ""text"": ""518 грн"", ""start"": 389, ""end"": 396}, {""label"": ""PERS"", ""text"": ""шахраї та фірми-посередники"", ""start"": 455, ""end"": 482}, {""label"": ""ORG"", ""text"": ""УДМС України"", ""start"": 630, ""end"": 642}, {""label"": ""LOC"", ""text"": ""Кіровоградській області"", ""start"": 645, ""end"": 668}]"
e6446b0b9347b883f0ee50bd881d5ac6ebfe425b3819390befe5a2e5d8853fab,"Розцінки на послуги таких посередників починаються від 1000 грн . Закінчується « біометрична афера » в кращому випадку звичайним оформленням документа у міграційній службі у встановлений законодавством строк , у гіршому – втратою коштів і неотриманням документа .","[{""label"": ""MON"", ""text"": ""1000 грн .""}, {""label"": ""ORG"", ""text"": ""міграційній службі""}]","[{""label"": ""MON"", ""text"": ""1000 грн"", ""start"": 55, ""end"": 63}, {""label"": ""DOC"", ""text"": ""біометрична афера"", ""start"": 81, ""end"": 98}, {""label"": ""ART"", ""text"": ""документа"", ""start"": 141, ""end"": 150}, {""label"": ""ORG"", ""text"": ""міграційній службі"", ""start"": 153, ""end"": 171}, {""label"": ""PERIOD"", ""text"": ""встановлений законодавством строк"", ""start"": 174, ""end"": 207}]"
93bfd5cc4fcde101cd6fc4dd0101d79922b627e7ed4e64bdcd2aab509948e3e9,Інформація про вже виявлених « посередників » передана до правоохоронних органів для відповідного реагування .,[],"[{""label"": ""ORG"", ""text"": ""правоохоронних органів"", ""start"": 58, ""end"": 80}]"
c0692f0e2f7bf96889a1841e5d6b0ee0813a30ba06d65448136dae9829b13f05,"Для оформлення біометричного паспорта громадянам необхідно звертатися до відповідного найближчого підрозділу міграційної служби , і нікуди більше .","[{""label"": ""ORG"", ""text"": ""міграційної служби""}]","[{""label"": ""ART"", ""text"": ""біометричного паспорта"", ""start"": 15, ""end"": 37}, {""label"": ""PERS"", ""text"": ""громадянам"", ""start"": 38, ""end"": 48}, {""label"": ""ORG"", ""text"": ""міграційної служби"", ""start"": 109, ""end"": 127}]"
5242dbd468c8101538856a2bb4fcd692a909dc5b6a81da219f7fbab77fad4482,"Тільки працівники міграційної служби здійснюють фотографування , сканування підпису та відбитків пальців рук особи , і без особистої присутності людини у підрозділі ДМС ці процедури провести неможливо .","[{""label"": ""ORG"", ""text"": ""міграційної служби""}, {""label"": ""ORG"", ""text"": ""ДМС""}]","[{""label"": ""ORG"", ""text"": ""міграційної служби"", ""start"": 18, ""end"": 36}, {""label"": ""PERS"", ""text"": ""особи"", ""start"": 109, ""end"": 114}, {""label"": ""PERS"", ""text"": ""людини"", ""start"": 145, ""end"": 151}, {""label"": ""ORG"", ""text"": ""підрозділі ДМС"", ""start"": 154, ""end"": 168}]"
ed70ea037c8ac21272867a16f96059f9a99694f864c0ad72137caa7292f8395e,"Система , на основі якої оформлюються паспорти , не приймає інформацію з жодних носіїв .",[],"[{""label"": ""ORG"", ""text"": ""Система"", ""start"": 0, ""end"": 7}, {""label"": ""MISC"", ""text"": ""паспорти"", ""start"": 38, ""end"": 46}]"
843e0c8cc4c2c2e97000f480d63ea3eb6c24df32eb7d5eceb30a15871ffcd8da,"На своїх сайтах шахраї пишуть , що нібито є офіційними партнерами Державної міграційної служби України , або ж Державного підприємства « Документ » у галузі оформлення документів , однак ані міграційна служба , ані ДП « Документ » не співпрацюють з питань оформлення паспорта для виїзду за кордон з жодними приватними компаніями .","[{""label"": ""ORG"", ""text"": ""Державної міграційної служби України""}, {""label"": ""ORG"", ""text"": ""Державного підприємства « Документ »""}, {""label"": ""ORG"", ""text"": ""міграційна служба""}, {""label"": ""ORG"", ""text"": ""ДП « Документ »""}]","[{""label"": ""PERS"", ""text"": ""шахраї"", ""start"": 16, ""end"": 22}, {""label"": ""ORG"", ""text"": ""Державної міграційної служби України"", ""start"": 66, ""end"": 102}, {""label"": ""ORG"", ""text"": ""Державного підприємства « Документ »"", ""start"": 111, ""end"": 147}, {""label"": ""MISC"", ""text"": ""галузі оформлення документів"", ""start"": 150, ""end"": 178}, {""label"": ""ORG"", ""text"": ""міграційна служба"", ""start"": 191, ""end"": 208}, {""label"": ""ORG"", ""text"": ""ДП « Документ »"", ""start"": 215, ""end"": 230}, {""label"": ""MISC"", ""text"": ""паспорта"", ""start"": 267, ""end"": 275}, {""label"": ""ORG"", ""text"": ""приватними компаніями"", ""start"": 307, ""end"": 328}]"
ebdb78e5cbe7ede518f41aed1f61f61e56a0d1c6552b234beaab6be747728de5,"У разі виявлення приватних організацій , які пропонують послуги з оформлення біометричного паспорта , громадяни мають інформувати правоохоронні органи або міграційну службу . У дитинстві , коли вона підіймалася цими сходами до батька , який працював у тому кабінеті , де тепер містилася приймальня , тріщин на мармурі було ще менше , і Христина могла надовго затриматися біля котрогось із особливо примхливих візерунків , аби , вдивляючись у переплетення ліній , заглибитися в якийсь свій , внутрішній лабіринт , що складався із картинок і візій , напівреальних , напівпримарних , напівнедобачених і недовигаданих .","[{""label"": ""ORG"", ""text"": ""міграційну службу""}, {""label"": ""PERS"", ""text"": ""Христина""}]","[{""label"": ""ORG"", ""text"": ""приватних організацій"", ""start"": 17, ""end"": 38}, {""label"": ""ART"", ""text"": ""біометричного паспорта"", ""start"": 77, ""end"": 99}, {""label"": ""PERS"", ""text"": ""громадяни"", ""start"": 102, ""end"": 111}, {""label"": ""ORG"", ""text"": ""правоохоронні органи"", ""start"": 130, ""end"": 150}, {""label"": ""ORG"", ""text"": ""міграційну службу"", ""start"": 155, ""end"": 172}, {""label"": ""PERIOD"", ""text"": ""дитинстві"", ""start"": 177, ""end"": 186}, {""label"": ""PERS"", ""text"": ""вона"", ""start"": 194, ""end"": 198}, {""label"": ""PERS"", ""text"": ""батька"", ""start"": 227, ""end"": 233}, {""label"": ""LOC"", ""text"": ""кабінеті"", ""start"": 257, ""end"": 265}, {""label"": ""LOC"", ""text"": ""приймальня"", ""start"": 287, ""end"": 297}, {""label"": ""PERS"", ""text"": ""Христина"", ""start"": 336, ""end"": 344}]"
871efaa39a4427cd678fbfcb843bfbd5dee1f5dfbbfc932a24414d0cdbfadfda,"І якщо зосередитися на цьому потоці й достатньо довго та уважно вдивлятися у відтінки мармуру на стіні поперед себе , можна відчути , як по спині знизу догори повзуть мурашки , і світ довкола зникає кудись , перестає відчуватися тягар наплечника й торби зі змінним взуттям , непомітно зникає час у тоненькій чорній заглибині поміж двома відтінками сірого на мармуровій стіні , і ось уже занепокоєний батько спускається сходами й перериває цей досвід перших у житті медитацій .",[],"[{""label"": ""ART"", ""text"": ""наплечника"", ""start"": 235, ""end"": 245}, {""label"": ""ART"", ""text"": ""торби зі змінним взуттям"", ""start"": 248, ""end"": 272}, {""label"": ""PERS"", ""text"": ""занепокоєний батько"", ""start"": 387, ""end"": 406}]"
a638f10dadce19f31cd80bdbe363e4115ffd5ef74cdb0046755be3016cbcb3c3,"Слід поспішати з’їсти канапку , випити чай і не запізнитися на сольфеджіо , а потім на другий інструмент — віолончель .",[],"[{""label"": ""ART"", ""text"": ""канапку"", ""start"": 22, ""end"": 29}, {""label"": ""ART"", ""text"": ""сольфеджіо"", ""start"": 63, ""end"": 73}, {""label"": ""ART"", ""text"": ""віолончель"", ""start"": 107, ""end"": 117}]"
27729ae700c84194c8de954af8790f5a81d11e3cebbf635754e5009fb7fc9d48,На віолончель Христина ходила до батькової співробітниці Теодозії Борисівни .,"[{""label"": ""PERS"", ""text"": ""Христина""}, {""label"": ""PERS"", ""text"": ""Теодозії Борисівни""}]","[{""label"": ""ART"", ""text"": ""віолончель"", ""start"": 3, ""end"": 13}, {""label"": ""PERS"", ""text"": ""Христина"", ""start"": 14, ""end"": 22}, {""label"": ""PERS"", ""text"": ""Теодозії Борисівни"", ""start"": 57, ""end"": 75}]"
7d5f23bdb7ab74fe31c8e686e995d9ea63495c7c9b67e01d03afd97d596d210e,"Батько вважав її хорошим педагогом , хоч насправді вона була просто привабливою жінкою , доброю і не надто вимогливою . Теодозія Борисівна мала густе й довге руде волосся того інтенсивного мідного відтінку , якого не вдається досягти жодними фарбами , матово-зелені очі та пишний бюст .","[{""label"": ""JOB"", ""text"": ""педагогом""}, {""label"": ""PERS"", ""text"": ""Теодозія Борисівна""}]","[{""label"": ""PERS"", ""text"": ""Батько"", ""start"": 0, ""end"": 6}, {""label"": ""JOB"", ""text"": ""педагогом"", ""start"": 25, ""end"": 34}, {""label"": ""PERS"", ""text"": ""Теодозія Борисівна"", ""start"": 120, ""end"": 138}, {""label"": ""ART"", ""text"": ""густе й довге руде волосся"", ""start"": 144, ""end"": 170}, {""label"": ""ART"", ""text"": ""матово-зелені очі"", ""start"": 252, ""end"": 269}, {""label"": ""ART"", ""text"": ""пишний бюст"", ""start"": 273, ""end"": 284}]"
44e6f48a7afad63af941459eb668ef10f6589237eaf9ff4e991aa743e84bf981,"Усього цього вже було б цілком достатньо , але Теодозія Борисівна мала ще погляд , від якого , здається , могло закипіти молоко .","[{""label"": ""PERS"", ""text"": ""Теодозія Борисівна""}]","[{""label"": ""PERS"", ""text"": ""Теодозія Борисівна"", ""start"": 47, ""end"": 65}, {""label"": ""MISC"", ""text"": ""молоко"", ""start"": 121, ""end"": 127}]"
f526256844b351900c41954160e1de17820693cd3fd0235f9b8894f6ad4a7eb2,"Цей погляд був спокійним , пасивним , навіть безвольним і при цьому так глибоко проникав кудись попід ребра , що там починало пекти .",[],[]
49d5b114607f8fe11d5f864512cb1712b36378c9a4dcb75b1d3b41b00a435acc,"Чоловікам , на яких вона його скеровувала , хотілося рухатися в усіх напрямках одночасно , праглося накинутися на Теодозію Борисівну з обіймами , та не менше було бажання тікати від неї кудись на безпечну відстань , уберегтися , позбутися гарячих мурашок , які виповзали якимись потаємними ходами їм на спину , вирватися з розпеченої повільності цього магнетичного погляду .","[{""label"": ""PERS"", ""text"": ""Теодозію Борисівну""}]","[{""label"": ""PERS"", ""text"": ""Теодозію Борисівну"", ""start"": 114, ""end"": 132}, {""label"": ""LOC"", ""text"": ""безпечну відстань"", ""start"": 196, ""end"": 213}]"
d3a3a4dbba0385e6ea227ff8fc69fee9dc16f94dbf7c6b6acad489b6c22ae603,"Мабуть , схожі почуття охоплювали в присутності Теодозії Борисівни й батька , і , здається , те , що багато років вона була його ученицею , навряд чи їх послабили .","[{""label"": ""PERS"", ""text"": ""Теодозії Борисівни""}]","[{""label"": ""PERS"", ""text"": ""Теодозії Борисівни"", ""start"": 48, ""end"": 66}, {""label"": ""PERS"", ""text"": ""батька"", ""start"": 69, ""end"": 75}, {""label"": ""PERIOD"", ""text"": ""багато років"", ""start"": 101, ""end"": 113}, {""label"": ""JOB"", ""text"": ""ученицею"", ""start"": 129, ""end"": 137}]"
f6e4ffe05f4808445c393d231429be5c691db209ad643c01fca334b21e20beba,"Та хоч із-поміж суперечливих бажань у нього домінувало останнє , він украй рідко наважувався бодай просто подивитися їй у вічі під час розмови про успіхи Христини , а чи глянути їй услід , коли запаморочливий аромат її волосся , який не здатні були перебити ані шампуні , ані парфуми , віддалявся разом із її довгою чорною спідницею .","[{""label"": ""PERS"", ""text"": ""Христини""}]","[{""label"": ""PERS"", ""text"": ""нього"", ""start"": 38, ""end"": 43}, {""label"": ""PERS"", ""text"": ""він"", ""start"": 65, ""end"": 68}, {""label"": ""PERS"", ""text"": ""Христини"", ""start"": 154, ""end"": 162}, {""label"": ""ART"", ""text"": ""запаморочливий аромат її волосся"", ""start"": 194, ""end"": 226}, {""label"": ""MISC"", ""text"": ""шампуні"", ""start"": 262, ""end"": 269}, {""label"": ""ART"", ""text"": ""парфуми"", ""start"": 276, ""end"": 283}, {""label"": ""ART"", ""text"": ""довгою чорною спідницею"", ""start"": 309, ""end"": 332}]"
4cbff36c92ee91d8ba7c5858f1759a0e435c8fc6b78e083a01693725bd3c617e,"Мабуть , він боявся , що варто йому хоч раз необережно підняти очі на Теодозію Борисівну , як він уже не зможе відірватися й застигне перед нею , як Христина застигала на сходах , розглядаючи внутрішні краєвиди , сховані в тріщинах мармурових стін .","[{""label"": ""PERS"", ""text"": ""Теодозію Борисівну""}, {""label"": ""PERS"", ""text"": ""Христина""}]","[{""label"": ""PERS"", ""text"": ""Теодозію Борисівну"", ""start"": 70, ""end"": 88}, {""label"": ""PERS"", ""text"": ""Христина"", ""start"": 149, ""end"": 157}, {""label"": ""LOC"", ""text"": ""сходах"", ""start"": 171, ""end"": 177}, {""label"": ""MISC"", ""text"": ""внутрішні краєвиди"", ""start"": 192, ""end"": 210}, {""label"": ""LOC"", ""text"": ""тріщинах мармурових стін"", ""start"": 223, ""end"": 247}]"
469d0d99317707de3d70ef90b0c3a6958aac11abdabc68948e6a4e7a8eacca37,І не буде кому спуститися до неї сходами і забрати з рук важкий наплечник .,[],"[{""label"": ""ART"", ""text"": ""важкий наплечник"", ""start"": 57, ""end"": 73}]"
327782e10fc7bc2e2aac483fcbefbe11da6ff110d08fa2fd9ca80a06ae668efc,На Христину Теодозія Борисівна покладала великі надії .,"[{""label"": ""PERS"", ""text"": ""Христину""}, {""label"": ""PERS"", ""text"": ""Теодозія Борисівна""}]","[{""label"": ""PERS"", ""text"": ""Христину Теодозія Борисівна"", ""start"": 3, ""end"": 30}]"
d475a91473587cdd6d6b740e7ed64c34c9aacdc16baa1584f029d493301399a3,"Ця амбітна вчителька тоді лише починала кар’єру й була переконана , що кожна друга її учениця повинна стати лауреаткою хоча б одного районного конкурсу .","[{""label"": ""JOB"", ""text"": ""вчителька""}]","[{""label"": ""JOB"", ""text"": ""вчителька"", ""start"": 11, ""end"": 20}, {""label"": ""QUANT"", ""text"": ""кожна друга"", ""start"": 71, ""end"": 82}]"
467166724fa4317a55334bbf9e86e28f8441d7c1cb84702edf90d20af9e0df5b,"А Христина , без сумніву , мала шанси піти значно далі .","[{""label"": ""PERS"", ""text"": ""Христина""}]","[{""label"": ""PERS"", ""text"": ""Христина"", ""start"": 2, ""end"": 10}]"
75f9b97340db38a6744fe6136b4a09445ff9185a02564e670c87232dd7619423,"І взагалі , непогано було б зробити віолончель основним інструментом .",[],"[{""label"": ""ART"", ""text"": ""віолончель"", ""start"": 36, ""end"": 46}]"
e7858902eb9917f2331eb640a3d1f97c85201e44e9cccf9cdb0f59cbc295476e,Про останнє вона не раз говорила батькові .,[],"[{""label"": ""PERS"", ""text"": ""вона"", ""start"": 12, ""end"": 16}, {""label"": ""PERS"", ""text"": ""батькові"", ""start"": 33, ""end"": 41}]"
98f6b2aeade22531c9611a97a2b1dc76c1c68fefd53c13f3a20419779a7d1365,"І той кивав , уважно роздивляючись носаки своїх черевиків , переводив погляд із правого на лівий і знову кивав , погоджуючись із учителькою .",[],"[{""label"": ""PERS"", ""text"": ""учителькою"", ""start"": 129, ""end"": 139}]"
5d052409435115c1b1833e2f46ff6b781750cff0b7e574f1be1942c663cb33d0,"Він нічого не мав проти її слів , але так і не зробив віолончель основним музичним інструментом доньки . Христина була задоволена своєю роботою .","[{""label"": ""PERS"", ""text"": ""Христина""}]","[{""label"": ""PERS"", ""text"": ""Він"", ""start"": 0, ""end"": 3}, {""label"": ""ART"", ""text"": ""віолончель"", ""start"": 54, ""end"": 64}, {""label"": ""PERS"", ""text"": ""Христина"", ""start"": 105, ""end"": 113}]"
73725b301925fd56014adfa61e3ae3049a1db77799b727410b42ff0241459742,"Вона прагнула влаштуватися сюди ще з часів навчання в консерваторії , навіть перевелася на заочний задля цього .",[],"[{""label"": ""PERS"", ""text"": ""Вона"", ""start"": 0, ""end"": 4}, {""label"": ""LOC"", ""text"": ""сюди"", ""start"": 27, ""end"": 31}, {""label"": ""ORG"", ""text"": ""консерваторії"", ""start"": 54, ""end"": 67}, {""label"": ""MISC"", ""text"": ""заочний"", ""start"": 91, ""end"": 98}]"
500f9742f5a61f1bb524b4d26be4fe4b8f7c40a2bf86fcee9c5720647650d479,"Любила відчуття тріумфу , коли її учні здобували призові місця на конкурсах або навіть просто добре виконували складні твори , і завжди сприймала це як свої власні перемоги .",[],"[{""label"": ""PERS"", ""text"": ""її учні"", ""start"": 31, ""end"": 38}, {""label"": ""ART"", ""text"": ""складні твори"", ""start"": 111, ""end"": 124}]"
3accbeb50fc4aa1dad383ee7b87b2be7c66d724250e04fe216111303dab6718e,"Але коли бувало навпаки і приходили діти , які явно не справлялися , не хотіли , яких батьки просто примушували займатися музикою , теж не дратувалася і не впадала у відчай .",[],"[{""label"": ""PERS"", ""text"": ""діти"", ""start"": 36, ""end"": 40}, {""label"": ""PERS"", ""text"": ""батьки"", ""start"": 86, ""end"": 92}, {""label"": ""MISC"", ""text"": ""музикою"", ""start"": 122, ""end"": 129}]"
a2c70dd8166ad40b5c5049602d520b87aedfb5b0aa41304c0492f3d6ce1e8815,"Просто працювала з ними , наскільки вдавалося , і спокійно ставилася до того , що хтось кидає музичну школу до завершення .",[],"[{""label"": ""PERS"", ""text"": ""хтось"", ""start"": 82, ""end"": 87}, {""label"": ""ORG"", ""text"": ""музичну школу"", ""start"": 94, ""end"": 107}]"
aa02bb75f551166381a0f0715ec0fbdb6c1f745ead0a73ac8137a00e3ba27b8c,"Коли Христина дивилася на роздратованих молодих мам , які з розпачем в очах розповідали їй , що дитину неможливо ні переконати , ні примусити займатися вдома , то особливо чітко усвідомлювала , наскільки по-іншому ставиться до всього цього .","[{""label"": ""PERS"", ""text"": ""Христина""}]","[{""label"": ""PERS"", ""text"": ""Христина"", ""start"": 5, ""end"": 13}, {""label"": ""PERS"", ""text"": ""дитину"", ""start"": 96, ""end"": 102}, {""label"": ""LOC"", ""text"": ""вдома"", ""start"": 152, ""end"": 157}]"
fb6d6d9955966bd0106afe1dfe4925ba149478de02f3a9643917faad51744f4e,"Її значно більше дратували самі ці мами зі своїми недолугими педагогічними амбіціями , ніж діти .",[],"[{""label"": ""PERS"", ""text"": ""мами"", ""start"": 35, ""end"": 39}, {""label"": ""PERS"", ""text"": ""діти"", ""start"": 91, ""end"": 95}]"
4ed3d1480c44decd633dcc01dbb4e39c6f744b81fb291d1082aa4b8a2b4ba08c,"Не розуміла вона й тих дорослих , які скаржилися , що їх дратує дитяча рухливість , гамір , вони не можуть зосередитися й хочеться втекти світ за очі від власних дітей .",[],"[{""label"": ""PERS"", ""text"": ""вона"", ""start"": 12, ""end"": 16}]"
6297c037550fb91b9f6400c885649ab050dfc48ca8b2f7895c7f9d825331b121,"Її саму значно більше дратував безглуздий фон радіо чи телебачення , надто голосна музика , поп-шлягери , увімкнені на повну гучність , — усі ці незмінні атрибути « дорослого » побуту , в якому буцімто спраглі тиші дорослі проводили цілі дні .",[],"[{""label"": ""PERS"", ""text"": ""Її саму"", ""start"": 0, ""end"": 7}, {""label"": ""ART"", ""text"": ""безглуздий фон радіо чи телебачення"", ""start"": 31, ""end"": 66}, {""label"": ""ART"", ""text"": ""надто голосна музика"", ""start"": 69, ""end"": 89}, {""label"": ""ART"", ""text"": ""поп-шлягери"", ""start"": 92, ""end"": 103}, {""label"": ""ART"", ""text"": ""увімкнені на повну гучність"", ""start"": 106, ""end"": 133}, {""label"": ""PERIOD"", ""text"": ""цілі дні"", ""start"": 233, ""end"": 241}]"
dc2ddfbe902b7c5158cb193d016955b780b63ba5ab58ad4bb0489431e01f35dc,"Якщо діти пустували та шуміли , це їй не заважало , вона знала , що зможе припинити їхні пустощі в той момент , коли треба буде починати серйозну роботу .",[],"[{""label"": ""PERS"", ""text"": ""діти"", ""start"": 5, ""end"": 9}, {""label"": ""PERS"", ""text"": ""їй"", ""start"": 35, ""end"": 37}, {""label"": ""PERS"", ""text"": ""вона"", ""start"": 52, ""end"": 56}]"
5ff74275b302fd92e8501f1964eb1170c2a4b69d21627664c48cfd9bb6ad1b35,"Діти також відчували , що Христина сприймає їх як дорослих , не ставиться до них як до недоумків , яких слід виховувати , цінували це й не створювали перепон .","[{""label"": ""PERS"", ""text"": ""Христина""}]","[{""label"": ""PERS"", ""text"": ""Христина"", ""start"": 26, ""end"": 34}]"
2ace8083827c4a3e2556c8458355d3b9b912a374e5725c84e240bc37097ebf9f,"Дехто з колишніх учнів , що вже закінчили школу , а то й кинули до закінчення , приходив до неї розповісти про те , як йому живеться зараз , чи просто послухати , як грають їхні друзі .",[],"[{""label"": ""PERS"", ""text"": ""Дехто з колишніх учнів"", ""start"": 0, ""end"": 22}, {""label"": ""ORG"", ""text"": ""школу"", ""start"": 42, ""end"": 47}]"
39dff846b3414775b38f6b542b077a03fb3bfbfc63602021aba83c2f8e31b97c,"Вона не знала , як саме в неї це виходить , не вміла давати педагогічних порад мамам у розпачі , але завжди точно знала , що саме й коли слід сказати дитині , а коли краще промовчати й утриматися від коментаря .",[],"[{""label"": ""PERS"", ""text"": ""Вона"", ""start"": 0, ""end"": 4}, {""label"": ""PERS"", ""text"": ""неї"", ""start"": 26, ""end"": 29}, {""label"": ""PERS"", ""text"": ""дитині"", ""start"": 150, ""end"": 156}]"
563e6b2a3720f7c318aa88a3ccf1d97af54cae2d7d05a263acb1f47c56a324bc,"Це знання й уміння були в неї з дитинства , і Христина щоразу відчувала тиху радість , коли бачила , що зреагувала правильно й досягне сподіваного ефекту .","[{""label"": ""PERS"", ""text"": ""Христина""}]","[{""label"": ""PERIOD"", ""text"": ""дитинства"", ""start"": 32, ""end"": 41}, {""label"": ""PERS"", ""text"": ""Христина"", ""start"": 46, ""end"": 54}]"
a1a84b845e172da567b0d8b04572abcd112f5915d1a71745b833cab2dfec7de4,Особливо якщо потрібно було заспокоїти дитину перед важливим виступом або допомогти прийняти рішення — продовжувати займатися музикою чи кинути .,[],"[{""label"": ""PERS"", ""text"": ""дитину"", ""start"": 39, ""end"": 45}, {""label"": ""MISC"", ""text"": ""музикою"", ""start"": 126, ""end"": 133}]"
e6903a9365e7784a9c10671458a1fe151bdbe028d6355d2bd913c9cbe08071bf,"Їй значно легше , ніж батькам , вдавалося поставити себе на місце дитини й поспівчувати її проблемам по-справжньому , а не з позиції дорослого , який усе знає краще й автоматично вважає всі дитячі труднощі не вартими уваги примхами .",[],"[{""label"": ""PERS"", ""text"": ""Їй"", ""start"": 0, ""end"": 2}, {""label"": ""PERS"", ""text"": ""батькам"", ""start"": 22, ""end"": 29}, {""label"": ""PERS"", ""text"": ""дитини"", ""start"": 66, ""end"": 72}, {""label"": ""PERS"", ""text"": ""її"", ""start"": 88, ""end"": 90}, {""label"": ""JOB"", ""text"": ""дорослого"", ""start"": 133, ""end"": 142}]"
bc919809f09ebcdc7b6cc62173b31f0ea8fba537c2683a0f0388be83496603b8,"Правила гармонійного співіснування з дітьми були простими в теорії , але виконувати їх на практиці мало кому вдавалося .",[],[]
229fdaac4342743f25a2d3622a958294db13ea5fe9ea324f4941cb35f842f976,"По суті , ці правила нічим не відрізнялися від тих , за якими жили дорослі , просто певних прав за дітьми вони не визнавали , і через це виникали проблеми , як вони неминуче виникали б із дорослими , якби їх позбавили тих самих прав .",[],"[{""label"": ""PERS"", ""text"": ""дорослі"", ""start"": 67, ""end"": 74}, {""label"": ""PERS"", ""text"": ""дітьми"", ""start"": 99, ""end"": 105}, {""label"": ""PERS"", ""text"": ""дорослими"", ""start"": 188, ""end"": 197}]"
21b254b6658e0278302d2ccc3efbe3d450339db4756b4fc1795a158293794e37,"Діти здебільшого прагнули від дорослих не так виконання своїх забаганок , як простого визнання свого права відчувати так , як їм відчувається , а не так , як мало б відчуватися на думку батьків .",[],"[{""label"": ""PERS"", ""text"": ""Діти"", ""start"": 0, ""end"": 4}, {""label"": ""PERS"", ""text"": ""дорослих"", ""start"": 30, ""end"": 38}]"
3b1dd728a71d3a638a46d4186a4a07bb05f85f597ed08f10427ab4bb0c6123cf,"Наприклад , перед уроком дитина влаштовує мамі скандал і з плачем заявляє :",[],"[{""label"": ""PERIOD"", ""text"": ""перед уроком"", ""start"": 12, ""end"": 24}, {""label"": ""PERS"", ""text"": ""дитина"", ""start"": 25, ""end"": 31}, {""label"": ""PERS"", ""text"": ""мамі"", ""start"": 42, ""end"": 46}]"
27054f2985e659cc252f084a4b30a50d5528969ad5f0525533c1ddc52d8559d2,— Не хочу більше ходити на музику !,[],"[{""label"": ""MISC"", ""text"": ""музику"", ""start"": 27, ""end"": 33}]"
72ec7fe0b881689234a3bc7cba559a3cb726814bf4b4d64be17b1475b65f0b11,Більшість мам відразу ж реагує неправильно :,[],"[{""label"": ""PERS"", ""text"": ""Більшість мам"", ""start"": 0, ""end"": 13}]"
4c66b68f1cbbda5187a25b5711f6bd998c9ea84f7c221f018dcd8594fd644e94,"— Неправда , ти хочеш .",[],[]
31a4b2485ccbe9b9333c126266c5ac43ce12703bf6c17582fb101cf1d67b190f,Або :,[],[]
b104aedeb4c74b07afb09736be16f1f20bde40b8460c2a7ea92e4d35a1b163b3,"— Ти ж сама хотіла , що трапилося ?",[],"[{""label"": ""PERS"", ""text"": ""Ти ж сама"", ""start"": 2, ""end"": 11}]"
31a4b2485ccbe9b9333c126266c5ac43ce12703bf6c17582fb101cf1d67b190f,Або :,[],[]
8b89c9b5b28b00ae08d0a1d97627406fb491b33a96de5efd316452f545b8639c,"— Стільки вже відходили , не вигадуй дурниць !",[],"[{""label"": ""QUANT"", ""text"": ""Стільки вже відходили"", ""start"": 2, ""end"": 23}]"
3b944906e7d03340f64345988c326b79210c4590784f5d2555e1b6b416ce88ae,Чи ще гірше :,[],[]
e855c3c907ae3e1b7b53a6865b45a4738fa5b98a5c80e748988f68d15ad65050,"— Подивися , он Марійка теж ходить і не плаче .","[{""label"": ""PERS"", ""text"": ""Марійка""}]","[{""label"": ""PERS"", ""text"": ""Марійка"", ""start"": 16, ""end"": 23}]"
438293f8f1530a3a10a330d4502f54c735db65c69e301f15520ce3cf6a7892fa,І так далі .,[],[]
21b8d3c3536f92bc883280ddfab73228b58a706a97df1ae992fe49e0310f5bcf,"Безкінечні « ти не можеш бути втомлена » , « ти щойно поїла , навіщо тобі цукерка » , « скільки можна говорити одне й те ж — ти будеш ходити на музику » , « мені б хтось приділяв стільки уваги , коли я була маленька » .",[],"[{""label"": ""MISC"", ""text"": ""Безкінечні"", ""start"": 0, ""end"": 10}, {""label"": ""PERS"", ""text"": ""ти"", ""start"": 13, ""end"": 15}, {""label"": ""PERS"", ""text"": ""ти"", ""start"": 45, ""end"": 47}, {""label"": ""ART"", ""text"": ""цукерка"", ""start"": 74, ""end"": 81}, {""label"": ""PERS"", ""text"": ""ти"", ""start"": 125, ""end"": 127}, {""label"": ""MISC"", ""text"": ""музику"", ""start"": 144, ""end"": 150}, {""label"": ""PERS"", ""text"": ""я"", ""start"": 200, ""end"": 201}]"
287081aa4cd320a7af96466afccfbc1ec488199bb7e7cba97a3f5c36d97517c5,"А Христина просто говорила , дивлячись на зсутулені плечі дитини :","[{""label"": ""PERS"", ""text"": ""Христина""}]","[{""label"": ""PERS"", ""text"": ""Христина"", ""start"": 2, ""end"": 10}, {""label"": ""PERS"", ""text"": ""дитини"", ""start"": 58, ""end"": 64}]"
ab4a83a99e1102ed8b195ad9a5c4cbfdfe8f92f4865ebed79abf393699cab987,— Ти втомлена .,[],"[{""label"": ""PERS"", ""text"": ""Ти"", ""start"": 2, ""end"": 4}]"
f108708024007ed53c4afb57c4026cf49e30d8a134b9d8472d7c0aa4c1aae7fb,Був важкий день ?,[],[]
7634c673512fac91f58bdc698bd599fae135db09a5412f1d732312e368efa368,І здебільшого цього вистачало .,[],[]
c54ebd5938b4dbd507a4b1fc9faa14f03b7164839e72093a5ba2b7b609680ba0,"Дитина відразу ж виходила зі ступору й починала розповідати , що день був справді важким , і Оксанка обзивалася на перерві , а вчителька несправедливо записала зауваження їм обом , і з математики була важка контрольна , а з сольфеджіо знову не вдалося нічого підготувати . ВСТУП","[{""label"": ""PERS"", ""text"": ""Оксанка""}, {""label"": ""JOB"", ""text"": ""вчителька""}]","[{""label"": ""PERS"", ""text"": ""Дитина"", ""start"": 0, ""end"": 6}, {""label"": ""PERS"", ""text"": ""Оксанка"", ""start"": 93, ""end"": 100}, {""label"": ""PERIOD"", ""text"": ""перерві"", ""start"": 115, ""end"": 122}, {""label"": ""JOB"", ""text"": ""вчителька"", ""start"": 127, ""end"": 136}, {""label"": ""MISC"", ""text"": ""математики"", ""start"": 185, ""end"": 195}, {""label"": ""MISC"", ""text"": ""сольфеджіо"", ""start"": 224, ""end"": 234}]"
deb3bba2b705371e8fdb674ac17dd72a4dc3e5c902580e0b45f155c6277f5783,Ця історія — про одне котяче товариство .,[],"[{""label"": ""ORG"", ""text"": ""котяче товариство"", ""start"": 22, ""end"": 39}]"
91a08842cd4b0b05d254aac0efb05dcbbbebbb33c0271a67af4c38ec5b9a7094,Доволі велике .,[],[]
ea0361384c989e9e8384f5d14737469736d3469ff0ddf159cf30d7b022939df4,"Щиро кажучи , дуже велике .",[],[]
882b7e5f17c0c01e164fbfcc20cbfe2d8181529d277e5d7605f48001c416a576,"Можливо , вам дотепер ніколи й не доводилося бачити стількох муркотунів одночасно .",[],"[{""label"": ""PERS"", ""text"": ""вам"", ""start"": 10, ""end"": 13}, {""label"": ""MISC"", ""text"": ""муркотунів"", ""start"": 61, ""end"": 71}]"
c6cafc7fdb17a5060143d123ee0b9fb6abb4d081836e30f9b57259976f2107a4,Тридцять шість і шість !,[],[]
ad60353ce9ac974b1368ce862b6a337888a824c85fa8450cd0955d8cc84b65c9,От їх скільки .,[],"[{""label"": ""QUANT"", ""text"": ""скільки"", ""start"": 6, ""end"": 13}]"
2bfe267b145d56b269d24b5fe905feecc42e7ed52e075ea0f106b9ce2301c770,Лише уявіть собі .,[],[]
c0e3e7294fce6a30a430addc85d7eabd7a9baeb99b7842229d55d4175d5550a3,Це ж повнісінький котячий автобус .,[],"[{""label"": ""ART"", ""text"": ""повнісінький котячий автобус"", ""start"": 5, ""end"": 33}]"
0665f9def707d507eb59d6a0b7e431effe5a362bc01626fe9381797557a54d5f,Або велика котяча група у дитячому садочку .,[],"[{""label"": ""MISC"", ""text"": ""велика котяча група"", ""start"": 4, ""end"": 23}, {""label"": ""ORG"", ""text"": ""дитячому садочку"", ""start"": 26, ""end"": 42}]"
ba38c2fd1ef33fbf8677c1b274028530980606b85880e0646682e0e4edd0760e,Або переповнений котячий клас .,[],"[{""label"": ""MISC"", ""text"": ""переповнений котячий клас"", ""start"": 4, ""end"": 29}]"
201904d8bf6c983b86cb6eed8bd3c234f5d73b71a73c79d3ee895fdc3872e034,"Багатенько , еге ж ...",[],"[{""label"": ""PERS"", ""text"": ""Багатенько"", ""start"": 0, ""end"": 10}]"
6d33e56dc76f06165ca4b2a2264809cfce2810b28f575e3d377449e136d6ff47,Натомість — не юрба .,[],"[{""label"": ""JOB"", ""text"": ""Натомість"", ""start"": 0, ""end"": 9}, {""label"": ""MISC"", ""text"": ""не юрба"", ""start"": 12, ""end"": 19}]"
9afee5b875b542a91bde15ebdfddb0a4f5667a0a7c00ba6184998f1aba3b7ef4,"Ні , не юрба , не натовп .",[],[]
02903d92a3b408d2aea406b3b38c460f965c45c0657434672270830e00204c81,"А саме товариство , котяча спільнота .",[],"[{""label"": ""ORG"", ""text"": ""товариство"", ""start"": 7, ""end"": 17}, {""label"": ""ORG"", ""text"": ""котяча спільнота"", ""start"": 20, ""end"": 36}]"
f6b49d379f764609426e4d3f88df1e85ae481718937d569baeb31da680595b85,"Перш за все варто познайомитися з ними усіма , аби не плутатися згодом .",[],"[{""label"": ""MISC"", ""text"": ""усіма"", ""start"": 39, ""end"": 44}]"
398dd181c366cd4e2056c1813c9328712a99aee1631f951b72cd385ae7f9ba95,Бо насправді цілковито однакових поміж них не знайти .,[],[]
086325ec08a44436210a262ee6a58467efb6e455c8646f88be086367806e971e,Кожен неповторний .,[],[]
15b119824cddf279288b3c793d9fc8ee3799107ba29bfc6f9b9270f136dd9292,Кожен особистість .,[],"[{""label"": ""PERS"", ""text"": ""Кожен особистість"", ""start"": 0, ""end"": 17}]"
0eed3ab1f02ddc59dcecc563c7e3e94300353c3b9a21a0259a83898aa42857d3,Хоч не завжди це можна зауважити з першого погляду .,[],[]
971d25b845b6c0441dfec509619df6ab073087f8caa955ddf20eaebff882ed80,ПІДВАЛЬНІ КОТИ,[],"[{""label"": ""MISC"", ""text"": ""ПІДВАЛЬНІ КОТИ"", ""start"": 0, ""end"": 14}]"
0bb709001569c6411e5ddf54d0d35e2c5e04352256ecc7d1fd9f0ed8e198e171,Чому підвальні ?,[],[]
c9e890f3c1005a155c0b0d488aba50c07c9718e8f5d00fde01a2177732839c24,"Бо народилися у підвалі багатоповерхового будинку , там донедавна й жили .",[],"[{""label"": ""PERS"", ""text"": ""Бо"", ""start"": 0, ""end"": 2}, {""label"": ""LOC"", ""text"": ""підвалі багатоповерхового будинку"", ""start"": 16, ""end"": 49}, {""label"": ""PERIOD"", ""text"": ""донедавна"", ""start"": 56, ""end"": 65}]"
94a23f3f808730681f5b9710535da6957b40185a6ea80e6cbb34d72ff68849a5,Кіт-чубастик зветься Голота .,"[{""label"": ""PERS"", ""text"": ""Голота""}]","[{""label"": ""MISC"", ""text"": ""Кіт-чубастик"", ""start"": 0, ""end"": 12}, {""label"": ""PERS"", ""text"": ""Голота"", ""start"": 21, ""end"": 27}]"
f477a03bb4f68bf43811356d4f5c7d88bd8e20f7b60789cd137c794ca6557edf,Ліве вухо прокушене у запеклій бійці .,[],[]
09324ae718cf88468209acb06923b72785d836d18a72f7efd53966bd2a6572d9,"Голота встромив у цю дірочку кульчик , знайдений у траві , і відтоді його не знімає . Хук і Джеб , брати-забіяки .","[{""label"": ""PERS"", ""text"": ""Хук""}, {""label"": ""PERS"", ""text"": ""Джеб""}]","[{""label"": ""PERS"", ""text"": ""Голота"", ""start"": 0, ""end"": 6}, {""label"": ""ART"", ""text"": ""кульчик"", ""start"": 29, ""end"": 36}, {""label"": ""PERS"", ""text"": ""Хук"", ""start"": 86, ""end"": 89}, {""label"": ""PERS"", ""text"": ""Джеб"", ""start"": 92, ""end"": 96}]"
3b50ec3ab3865355155c1a94d2ee12d81666b59908de164c0c7a7bbba38e6bf0,"Найчастіше б’ються між собою . Бубуляк , немолодий розважливий кіт , спочатку думає , потім діє .","[{""label"": ""PERS"", ""text"": ""Бубуляк""}]","[{""label"": ""PERS"", ""text"": ""Бубуляк"", ""start"": 31, ""end"": 38}]"
7dbee21eef68d06b79941b0efb5694647e1f997b3459273cd20fddbf67d9215c,Смугастик Кутузов .,"[{""label"": ""PERS"", ""text"": ""Кутузов""}]","[{""label"": ""PERS"", ""text"": ""Смугастик Кутузов"", ""start"": 0, ""end"": 17}]"
9919c500f23848fbf42708943c9525932c5cd0dbc26a0f4c5363eb4cb1796893,"Втратив око у вуличних сутичках . Баронеса , єдина у групі породиста кішка , чистокровна кішка-сфінкс , мовчазна й загадкова .","[{""label"": ""PERS"", ""text"": ""Баронеса""}]","[{""label"": ""LOC"", ""text"": ""вуличних сутичках"", ""start"": 14, ""end"": 31}, {""label"": ""PERS"", ""text"": ""Баронеса"", ""start"": 34, ""end"": 42}, {""label"": ""MISC"", ""text"": ""чистокровна кішка-сфінкс"", ""start"": 77, ""end"": 101}]"
a2807e9eb912aca99408211b5bc39eb98a2f3e7f0a499465478e711d6248fb9d,ХАВЧИКИ,[],"[{""label"": ""ORG"", ""text"": ""ХАВЧИКИ"", ""start"": 0, ""end"": 7}]"
b58ea5ae199395e2f64f7245ea31c6d6a6596900fd50462d526ac6d86aa74a95,Справжні ненажери .,[],"[{""label"": ""MISC"", ""text"": ""Справжні ненажери"", ""start"": 0, ""end"": 17}]"
41f4cc252cc03e9c28e372e80c71fb63e0936f595bd44faa5e4f2feafb1316ba,Понад усе люблять попоїсти .,[],"[{""label"": ""MISC"", ""text"": ""попоїсти"", ""start"": 18, ""end"": 26}]"
2e6b4e3aedee9ce0be2cb607a95ed554e885f340b4111951c11db620a0184c74,"Хай там що — головне , аби було що пожувати . Хавчик .","[{""label"": ""PERS"", ""text"": ""Хавчик""}]","[{""label"": ""ART"", ""text"": ""Хавчик"", ""start"": 46, ""end"": 52}]"
96f435eda375ee3d54dbca4503e3a8c40ebc2dbf71398758b61322c306d0e592,"Світить ребрами , їсть багато , проте завжди голодний . Ковбасюк , Ля Сосис , Сордель , Шкуряк і Шпондермен . Ковбасюк полюбляє ковбаску , Ля Сосис — сосиски , грубенький безхвостий Сордель — палкий прихильник сардельок , для Шкуряка найбільші ласощі — ковбасні шкірки .","[{""label"": ""PERS"", ""text"": ""Ковбасюк""}, {""label"": ""PERS"", ""text"": ""Ля Сосис""}, {""label"": ""PERS"", ""text"": ""Сордель""}, {""label"": ""PERS"", ""text"": ""Шкуряк""}, {""label"": ""PERS"", ""text"": ""Шпондермен""}, {""label"": ""PERS"", ""text"": ""Ковбасюк""}, {""label"": ""PERS"", ""text"": ""Ля Сосис""}, {""label"": ""PERS"", ""text"": ""Сордель""}, {""label"": ""PERS"", ""text"": ""Шкуряка""}]","[{""label"": ""PERS"", ""text"": ""Ковбасюк"", ""start"": 56, ""end"": 64}, {""label"": ""PERS"", ""text"": ""Ля Сосис"", ""start"": 67, ""end"": 75}, {""label"": ""PERS"", ""text"": ""Сордель"", ""start"": 78, ""end"": 85}, {""label"": ""PERS"", ""text"": ""Шкуряк"", ""start"": 88, ""end"": 94}, {""label"": ""PERS"", ""text"": ""Шпондермен"", ""start"": 97, ""end"": 107}, {""label"": ""PERS"", ""text"": ""Ковбасюк"", ""start"": 110, ""end"": 118}, {""label"": ""MISC"", ""text"": ""ковбаску"", ""start"": 128, ""end"": 136}, {""label"": ""PERS"", ""text"": ""Ля Сосис"", ""start"": 139, ""end"": 147}, {""label"": ""MISC"", ""text"": ""сосиски"", ""start"": 150, ""end"": 157}, {""label"": ""PERS"", ""text"": ""Сордель"", ""start"": 182, ""end"": 189}, {""label"": ""MISC"", ""text"": ""сардельок"", ""start"": 210, ""end"": 219}, {""label"": ""PERS"", ""text"": ""Шкуряка"", ""start"": 226, ""end"": 233}, {""label"": ""MISC"", ""text"": ""ковбасні шкірки"", ""start"": 253, ""end"": 268}]"
e5ff682f7dd2ff05c07706c329690043351392340a16c19443b35de37af437c2,"А Шпондермен найбільше поважає шпондер ( хто не знає — це така грудинка з прошарками сала , або ж бекон ) .","[{""label"": ""PERS"", ""text"": ""Шпондермен""}]","[{""label"": ""JOB"", ""text"": ""Шпондермен"", ""start"": 2, ""end"": 12}, {""label"": ""JOB"", ""text"": ""шпондер"", ""start"": 31, ""end"": 38}, {""label"": ""ART"", ""text"": ""грудинка з прошарками сала"", ""start"": 63, ""end"": 89}, {""label"": ""ART"", ""text"": ""бекон"", ""start"": 98, ""end"": 103}]"
f131dfd0eac249a5ad5c610b3f8b7fb4c1b3f8e3f6279cbe9299a41c21532a08,"Про гастрономічні уподобання цієї шістки можна здогадатися лише за їхніми іменами , еге ж ?",[],[]
56174990f64d45e68e65f1e70522c8757017d2156f3cf50e2a6aba0b3b41c98d,ЖОРЖИНКИ,[],"[{""label"": ""MISC"", ""text"": ""ЖОРЖИНКИ"", ""start"": 0, ""end"": 8}]"
84bf91c4f36e4d66192c4b99deb5c30ad5b96602d0bb018e4285f7b24b9c8db2,"Це Бубуляк так назвав вісімку дівчат-кішечок , а воно й причепилося .","[{""label"": ""PERS"", ""text"": ""Бубуляк""}]","[{""label"": ""PERS"", ""text"": ""Бубуляк"", ""start"": 3, ""end"": 10}, {""label"": ""QUANT"", ""text"": ""вісімку дівчат-кішечок"", ""start"": 22, ""end"": 44}]"
97e1f85fd7905fe706451d0baa79e2af76fed7f41b9bbce91aa695fddb6a3a81,Жоржинки та й жоржинки .,[],"[{""label"": ""MISC"", ""text"": ""Жоржинки та й жоржинки"", ""start"": 0, ""end"": 22}]"
abb18401989938688b765dda5a9ae80f39281a281d01e3b01b31c258222f2679,"Насправді ж кожна з них має своє ім’я , яке їй дала колишня господиня .",[],"[{""label"": ""PERS"", ""text"": ""кожна з них"", ""start"": 12, ""end"": 23}, {""label"": ""PERS"", ""text"": ""колишня господиня"", ""start"": 52, ""end"": 69}]"
4cb74bf412eb4c82ed7eaec74e3add9f5c97bb6f50f60c111076a3ce3f7abe73,"Вона у них була одна на всіх , наспівувала пісню про Іветту-Лізетту та інших , тому й своїх кішечок назвала іменами з пісні : Іветта , Лізетта , Мюзетта , Жанетта , Жоржетта , Кларетта ...","[{""label"": ""PERS"", ""text"": ""Іветту-Лізетту""}, {""label"": ""PERS"", ""text"": ""Іветта""}, {""label"": ""PERS"", ""text"": ""Лізетта""}, {""label"": ""PERS"", ""text"": ""Мюзетта""}, {""label"": ""PERS"", ""text"": ""Жанетта""}, {""label"": ""PERS"", ""text"": ""Жоржетта""}, {""label"": ""PERS"", ""text"": ""Кларетта""}]","[{""label"": ""PERS"", ""text"": ""Вона"", ""start"": 0, ""end"": 4}, {""label"": ""PERS"", ""text"": ""Іветту-Лізетту"", ""start"": 53, ""end"": 67}]"
454fb383c173b29adb21d301ddee8584ce097e70163043eb983abb3ad1987090,І Колетта з Марієттою .,"[{""label"": ""PERS"", ""text"": ""Колетта""}, {""label"": ""PERS"", ""text"": ""Марієттою""}]","[{""label"": ""PERS"", ""text"": ""І Колетта"", ""start"": 0, ""end"": 9}, {""label"": ""PERS"", ""text"": ""Марієттою"", ""start"": 12, ""end"": 21}]"
4e5c3902d7a4e53a52bc760ed887dea9a6a451f681e7f0f8f2699b5deb8a985f,"Кішечки дуже подібні , відрізняються лише плямками — у кожної вони свої .",[],"[{""label"": ""MISC"", ""text"": ""Кішечки"", ""start"": 0, ""end"": 7}, {""label"": ""MISC"", ""text"": ""плямками"", ""start"": 42, ""end"": 50}]"
2cdd5067ff605d8b32155a70ba8eb3d5c0dde46e7f0e2106a600cd0c289c2986,"КОЛЬОРОВІ Сірий , Білий-альбінос , Рудий , Коментатор-Чорний кіт .","[{""label"": ""PERS"", ""text"": ""Сірий""}, {""label"": ""PERS"", ""text"": ""Білий-альбінос""}, {""label"": ""PERS"", ""text"": ""Рудий""}, {""label"": ""PERS"", ""text"": ""Коментатор-Чорний""}]","[{""label"": ""PERS"", ""text"": ""КОЛЬОРОВІ"", ""start"": 0, ""end"": 9}, {""label"": ""ART"", ""text"": ""Сірий , Білий-альбінос , Рудий , Коментатор-Чорний кіт"", ""start"": 10, ""end"": 64}]"
75613255c5ba6e5ec7a1c7106534f10f04443caa4e528abcef73d94daa82b94f,"Самі бачите , чого у них такі імена .",[],[]
ae21832dcbd5a7fc685f90957784dbdc1531aeb1acdd0b6745a839a93ffccee1,"Бо Сірий — то сірий , Білий — зовсім білий , Рудий — рудий , а Чорний — чорний , а чому він коментатор , самі невдовзі зрозумієте .","[{""label"": ""PERS"", ""text"": ""Сірий""}, {""label"": ""PERS"", ""text"": ""Білий""}, {""label"": ""PERS"", ""text"": ""Рудий""}, {""label"": ""PERS"", ""text"": ""Чорний""}]","[{""label"": ""JOB"", ""text"": ""коментатор"", ""start"": 92, ""end"": 102}]"
10effcf43914f5fc5357c7ce9397233ab74c0993d698de29aacab42ab3e482ee,"ТАНЦЮРИСТИ Пушинка , Хвостуля , Вертун , Брейкер , Степко , Робокоп .","[{""label"": ""PERS"", ""text"": ""Пушинка""}, {""label"": ""PERS"", ""text"": ""Хвостуля""}, {""label"": ""PERS"", ""text"": ""Вертун""}, {""label"": ""PERS"", ""text"": ""Брейкер""}, {""label"": ""PERS"", ""text"": ""Степко""}, {""label"": ""PERS"", ""text"": ""Робокоп""}]","[{""label"": ""MISC"", ""text"": ""ТАНЦЮРИСТИ"", ""start"": 0, ""end"": 10}, {""label"": ""PERS"", ""text"": ""Пушинка"", ""start"": 11, ""end"": 18}, {""label"": ""PERS"", ""text"": ""Хвостуля"", ""start"": 21, ""end"": 29}, {""label"": ""PERS"", ""text"": ""Вертун"", ""start"": 32, ""end"": 38}, {""label"": ""PERS"", ""text"": ""Брейкер"", ""start"": 41, ""end"": 48}, {""label"": ""PERS"", ""text"": ""Степко"", ""start"": 51, ""end"": 57}, {""label"": ""PERS"", ""text"": ""Робокоп"", ""start"": 60, ""end"": 67}]"
76bea58f2de6e5a11f677daa242c3ba89e29cb2b6fc22f1ec93da152032516b4,"Ніхто , окрім них , так хвацько не вправляється зі своїми лапами , хвостами та вухами . Хвостуля крутить довгим хвостом , наче гімнастка стрічкою . Вертун як закрутиться — перетворюється на пухнасту кулю , з якої лише лапи стирчать . Брейкер вміє стояти на одній передній лапі , задерши усі решта вгору . Степко танцює степ , навіть ірландський . Робокоп носить справжні , підмотані ізоляційною стрічкою окуляри і рухається наче робот , немов заведена іграшка .","[{""label"": ""PERS"", ""text"": ""Хвостуля""}, {""label"": ""PERS"", ""text"": ""Вертун""}, {""label"": ""PERS"", ""text"": ""Брейкер""}, {""label"": ""PERS"", ""text"": ""Степко""}, {""label"": ""PERS"", ""text"": ""Робокоп""}]","[{""label"": ""ART"", ""text"": ""Хвостуля"", ""start"": 88, ""end"": 96}, {""label"": ""ART"", ""text"": ""Вертун"", ""start"": 148, ""end"": 154}, {""label"": ""ART"", ""text"": ""пухнасту кулю"", ""start"": 190, ""end"": 203}, {""label"": ""PERS"", ""text"": ""Брейкер"", ""start"": 234, ""end"": 241}, {""label"": ""JOB"", ""text"": ""Степко"", ""start"": 305, ""end"": 311}, {""label"": ""MISC"", ""text"": ""степ"", ""start"": 319, ""end"": 323}, {""label"": ""PERS"", ""text"": ""Робокоп"", ""start"": 347, ""end"": 354}]"
e3e6bff05e389e5611409085fb57b1e84eced6ba1fae6d6bfc7499a9a4539c36,"Так ніхто не вміє , лише він .",[],"[{""label"": ""PERS"", ""text"": ""він"", ""start"": 25, ""end"": 28}]"
3d0b7a55208697004db8cc1c46b48be13fc1170a1818d6a8eefb28a4e2981f64,"КОТИ З СУСІДНЬОЇ БРАМИ Сплюх , Чистюх , Мурчик , Нявчик , Бровчик та Беркиць . Сплюх любить спати . Чистюх раз за разом чиститься , вилизується і струшує зі себе невидимі порошинки .","[{""label"": ""PERS"", ""text"": ""Сплюх""}, {""label"": ""PERS"", ""text"": ""Чистюх""}, {""label"": ""PERS"", ""text"": ""Мурчик""}, {""label"": ""PERS"", ""text"": ""Нявчик""}, {""label"": ""PERS"", ""text"": ""Бровчик""}, {""label"": ""PERS"", ""text"": ""Беркиць""}, {""label"": ""PERS"", ""text"": ""Сплюх""}, {""label"": ""PERS"", ""text"": ""Чистюх""}]","[{""label"": ""PERS"", ""text"": ""Сплюх"", ""start"": 23, ""end"": 28}, {""label"": ""PERS"", ""text"": ""Чистюх"", ""start"": 31, ""end"": 37}, {""label"": ""PERS"", ""text"": ""Мурчик"", ""start"": 40, ""end"": 46}, {""label"": ""PERS"", ""text"": ""Нявчик"", ""start"": 49, ""end"": 55}, {""label"": ""PERS"", ""text"": ""Бровчик"", ""start"": 58, ""end"": 65}, {""label"": ""PERS"", ""text"": ""Беркиць"", ""start"": 69, ""end"": 76}, {""label"": ""PERS"", ""text"": ""Сплюх"", ""start"": 79, ""end"": 84}, {""label"": ""PERS"", ""text"": ""Чистюх"", ""start"": 100, ""end"": 106}, {""label"": ""MISC"", ""text"": ""невидимі порошинки"", ""start"": 162, ""end"": 180}]"
b80841881ba6a5bb7087ec98e567d7361028e75ada4552b7d5cc8ababe680b03,"Неймовірний акуратист . Мурчик мурчить класичним котячим « мурр » , Нявчик нявчить не менш класичним « няя-ав ! » .","[{""label"": ""PERS"", ""text"": ""Мурчик""}, {""label"": ""PERS"", ""text"": ""Нявчик""}]","[{""label"": ""MISC"", ""text"": ""мурр"", ""start"": 59, ""end"": 63}]"
9264596d696d4dd901dce3284d8e4794383de010bb885ca711281aea44082234,"Коли вони разом , виходить « мур—няя—ав ! » . Бровчик має кумедні рухливі брови , він бровами таке виписує — від сміху годі втриматися .","[{""label"": ""PERS"", ""text"": ""Бровчик""}]","[{""label"": ""ART"", ""text"": ""мур—няя—ав !"", ""start"": 29, ""end"": 41}, {""label"": ""PERS"", ""text"": ""Бровчик"", ""start"": 46, ""end"": 53}]"
b1556c11648bddcc4c6dba104aaa70ef5ee81302413673fe01bfe4607e94e5cc,А Беркиць дуже вразливий котик .,"[{""label"": ""PERS"", ""text"": ""Беркиць""}]","[{""label"": ""PERS"", ""text"": ""Беркиць"", ""start"": 2, ""end"": 9}]"
f5d07c172bf66abd6d96320d83caf73fb91597f1b18db7e44a81a3bdf0befb07,"Щось його налякає , він очі заводить під лоба — і беркиць !",[],"[{""label"": ""PERS"", ""text"": ""він"", ""start"": 20, ""end"": 23}, {""label"": ""ART"", ""text"": ""беркиць"", ""start"": 50, ""end"": 57}]"
a40dcd8fccedcd1fbb00bc9ece36d5fc28433d7039c7c826389c0ad70fe00646,МАЛЮКИ,[],"[{""label"": ""ART"", ""text"": ""МАЛЮКИ"", ""start"": 0, ""end"": 6}]"
fde3409c9e4483b23f73bcb1b91557f5c84da46a1f2042804829aee48274240b,А це — Малюки .,"[{""label"": ""PERS"", ""text"": ""Малюки""}]","[{""label"": ""PERS"", ""text"": ""Малюки"", ""start"": 7, ""end"": 13}]"
8c8bd5e512b9052b0b733eb99b67e1c9f0da3a09bd176d365adda0305ac237da,Їх шестеро — Клаповух та інші .,"[{""label"": ""PERS"", ""text"": ""Клаповух""}]","[{""label"": ""PERS"", ""text"": ""Клаповух"", ""start"": 13, ""end"": 21}]"
fd257b7b34590d5a2dffdf4b3a2316c98ed86c5a12cdb0923bac18adfe451bc9,"Ніхто з них не знає , коли й де народилися , і всі , окрім Клаповуха , до пори до часу навіть імен не мали .","[{""label"": ""PERS"", ""text"": ""Клаповуха""}]","[{""label"": ""LOC"", ""text"": ""де"", ""start"": 29, ""end"": 31}, {""label"": ""PERS"", ""text"": ""Клаповуха"", ""start"": 59, ""end"": 68}, {""label"": ""PERIOD"", ""text"": ""до пори до часу"", ""start"": 71, ""end"": 86}]"
0ad05adf16f7dfb2949ffa1e25244a16f934b2aad48dc9d4c2f862638d970b09,"Полюбляють стрибати , катулятися , ганятися одне за одним і реготати без причини .",[],[]
57037e434367d69971412b6ac3f9b493b68a728cf6d520fae0e8b877f1a47543,"Вони прибилися до гурту дорослих того дня , коли й почалася ця історія про 36 і 6 котів .",[],"[{""label"": ""PERS"", ""text"": ""Вони"", ""start"": 0, ""end"": 4}, {""label"": ""TIME"", ""text"": ""того дня"", ""start"": 33, ""end"": 41}]"
90935d70f16c74b5c2b3935691d16f639220e2db6c59b497cef734dbe1ae3efe,"Не вірите , що усіх загалом саме стільки ?",[],[]
1c29a04ccb7e20e772d07694e675283507caa880e313ca215646fd02edcdc5ec,Полічіть самі .,[],[]
df5d10e0fdab7df2e54c3a4a5cb0fb7c8cc2e5680718060dc645bbf063031121,Рівно тридцять шість дорослих та шестеро малюків !,[],"[{""label"": ""QUANT"", ""text"": ""Рівно тридцять шість дорослих"", ""start"": 0, ""end"": 29}, {""label"": ""QUANT"", ""text"": ""шестеро малюків"", ""start"": 33, ""end"": 48}]"
b438670103e175f0a66cc880dbf700a2b358717750692f7b53ea5bb3b517be78,НУ ОТ .,[],"[{""label"": ""ORG"", ""text"": ""НУ ОТ ."", ""start"": 0, ""end"": 7}]"
8230e838cb2fe2712a4deb6494c4414e6c83868cc762417ceb1bccf5e53dfb36,ТЕПЕР МОЖНА Й ПОЧИНАТИ …,[],[]
89136317dcc528b1965530f4d5c9ba75e677240ce4588eec829c779014ab85a6,РОЗДІЛ 1,[],[]
430f6af1bd84127b5106c95d7c3a0d80b526b1da7a0d365ab81a988b5dd23c12,А було так .,[],[]
bb4148c590abce3a855afa2dd34c41606ebf7d94ae01cd7879f459f3a777e1f1,Одного дня у підвалі багатоповерхового будинку замінили старі двері на нові .,[],"[{""label"": ""TIME"", ""text"": ""Одного дня"", ""start"": 0, ""end"": 10}, {""label"": ""LOC"", ""text"": ""підвалі багатоповерхового будинку"", ""start"": 13, ""end"": 46}, {""label"": ""ART"", ""text"": ""старі двері"", ""start"": 56, ""end"": 67}, {""label"": ""ART"", ""text"": ""нові"", ""start"": 71, ""end"": 75}]"
649fc257f15e757b17b8e201800175503671cc360b6eff898f1e4d97a7f5320f,"Старі мали зручну дірку при самій землі , тож усі коти могли безперешкодно потрапити до підвалу і вільно вийти звідти у будь-який час .",[],"[{""label"": ""PERS"", ""text"": ""Старі"", ""start"": 0, ""end"": 5}, {""label"": ""MISC"", ""text"": ""коти"", ""start"": 50, ""end"": 54}, {""label"": ""LOC"", ""text"": ""підвалу"", ""start"": 88, ""end"": 95}, {""label"": ""PERIOD"", ""text"": ""у будь-який час"", ""start"": 118, ""end"": 133}]"
edbe3da0a813a4cf0634ee97544723ddcd347be1585436055d867093ff5c9b7f,Нові металеві двері позбавили їх такої можливості .,[],"[{""label"": ""ART"", ""text"": ""Нові металеві двері"", ""start"": 0, ""end"": 19}]"
53223e09e9a2bfc2b93f807f12d883edfc59ae655b7864a2ec08bfc8f5dfdd17,"Ні зайти , ні вийти .",[],[]
a4b9b356dd170788062240e6b5a0acef7b90a511b471dda5947b970fd7eb8539,"Ще й усі віконечка у підвалі затулили , аби щурі не бігали .",[],"[{""label"": ""LOC"", ""text"": ""підвалі"", ""start"": 21, ""end"": 28}]"
e7d99658a07a18a68ccbefe999aaa108a62ee4fe99281fad119f759b3e3ecf94,Від тих нововведень вуличні коти залишилися без притулку .,[],"[{""label"": ""MISC"", ""text"": ""вуличні коти"", ""start"": 20, ""end"": 32}]"
0d2aea65b5e76244add5023e7ad092ecfb5f1787424c6341abbc79b803443cf6,"Не було куди подітися підвальним котам , що народилися у цьому підвалі , і голодним хавчикам , і жоржинкам , що вдень відпочивали під балконом .",[],"[{""label"": ""MISC"", ""text"": ""підвальним котам"", ""start"": 22, ""end"": 38}, {""label"": ""MISC"", ""text"": ""голодним хавчикам"", ""start"": 75, ""end"": 92}, {""label"": ""MISC"", ""text"": ""жоржинкам"", ""start"": 97, ""end"": 106}, {""label"": ""LOC"", ""text"": ""під балконом"", ""start"": 130, ""end"": 142}]"
b404fec4c8322d899b114f1a33f06ab197ea41494508664c5c3ec5cde0c3a5b2,"І кольоровим котам не було де спати , і танцюристам , і навіть котам із сусідньої брами .",[],"[{""label"": ""MISC"", ""text"": ""кольоровим котам"", ""start"": 2, ""end"": 18}, {""label"": ""MISC"", ""text"": ""танцюристам"", ""start"": 40, ""end"": 51}]"
7d84ec60419b458c3cc9b4bf6f9111c7ab68ddbe3e22bb86c76a961f92ff0954,Це був їхній спільний підвал .,[],"[{""label"": ""ORG"", ""text"": ""їхній спільний підвал"", ""start"": 7, ""end"": 28}]"
72d8e45a4fdd737430f8860720749a5e5d3fcca9c3439ac211f84d14ea5160ad,А тепер усі без даху над головою .,[],[]
d149ee02e13e71b34d54703ce8c3bba39bf4a1566fd8a94502947728115841f3,Навіть Малюки .,"[{""label"": ""PERS"", ""text"": ""Малюки""}]",[]
af2ad72f36c48b30b792666a2f8cdd52f17c7b9223d48bc011d678690445054b,Що було робити ?,[],[]
b608e80454b4219e07ffda54f01e192c2308844328e8b394f6a7648211781d4a,"На вулиці — вітер з дощем , і стрімко западає темрява .",[],"[{""label"": ""LOC"", ""text"": ""На вулиці"", ""start"": 0, ""end"": 9}]"
dde0f6b57b1bde14bf80f20ff47a6c6ed0e29c588c24930cd50fa9b7b6fa6f17,Куди сховатися ?,[],[]
2f5415d55f81e23a4d952de6f7a6d23f692336d99bf678b361088bf2ea373d45,Де перебути негоду ?,[],"[{""label"": ""LOC"", ""text"": ""Де перебути негоду ?"", ""start"": 0, ""end"": 20}]"
905d9578b0fd623a2adf676e022cd6db13650691a41bdcc78653e8734fe0ecca,"Зібралися коти на сходовому майданчику першого поверху — й нумо радитися . Голота з Кутузовим мало не побилися , завзято вирішуючи , куди повести товариство — у комірчину під сходами чи на горище .","[{""label"": ""PERS"", ""text"": ""Голота""}, {""label"": ""PERS"", ""text"": ""Кутузовим""}]","[{""label"": ""ORG"", ""text"": ""коти"", ""start"": 10, ""end"": 14}, {""label"": ""LOC"", ""text"": ""сходовому майданчику першого поверху"", ""start"": 18, ""end"": 54}, {""label"": ""PERS"", ""text"": ""Голота"", ""start"": 75, ""end"": 81}, {""label"": ""PERS"", ""text"": ""Кутузовим"", ""start"": 84, ""end"": 93}, {""label"": ""ORG"", ""text"": ""товариство"", ""start"": 146, ""end"": 156}, {""label"": ""LOC"", ""text"": ""комірчину під сходами"", ""start"": 161, ""end"": 182}, {""label"": ""LOC"", ""text"": ""горище"", ""start"": 189, ""end"": 195}]"
b209ab61ac3fe29ce34e11d3115092b25721b7ad859f19b88df3f343686a28bf,Рушили було під сходи .,[],"[{""label"": ""LOC"", ""text"": ""сходи"", ""start"": 16, ""end"": 21}]"
8fa4fab077816804480f9a7d3b532ca6e44c05f667f87d2e660769fda051de08,А там — оце так сюрприз ! — склад велосипедів та дитячих візочків .,[],"[{""label"": ""ART"", ""text"": ""склад велосипедів та дитячих візочків"", ""start"": 28, ""end"": 65}]"
4e779852c6208339e428d18de8ebab553a6989eefc7aa1aa5a5af951c0072c0d,"Не сховаєшся , бо проженуть .",[],[]
814fa84212842f7d5e344a564032fd5a7d9d0612de2af8160141dc7f7e073970,"Потяглися довгою вервечкою на горище , а там — оце так несподіванка ! — хтось горище замкнув .",[],"[{""label"": ""ART"", ""text"": ""довгою вервечкою"", ""start"": 10, ""end"": 26}, {""label"": ""LOC"", ""text"": ""горище"", ""start"": 30, ""end"": 36}, {""label"": ""LOC"", ""text"": ""горище"", ""start"": 78, ""end"": 84}]"
c7906b0991119aba87f0b8e0e68ca14f2ca71d3a4a8a1de70ae56020479f00f1,"Не пройти , не пролізти .",[],[]
7f71a8b19bff39d384289ee6cb24558215369879d897d7458eec01425113f5f0,"Ніде безпритульним котам свої голови прихилити . Жила собі Киця , яка дуже любила дивитися в небо .","[{""label"": ""PERS"", ""text"": ""Киця""}]","[{""label"": ""LOC"", ""text"": ""Ніде"", ""start"": 0, ""end"": 4}, {""label"": ""PERS"", ""text"": ""Киця"", ""start"": 59, ""end"": 63}]"
e8501e4f4dff35844fedb2603066432461bb9eb1c0f7dc135c1e8939ccb6fa45,"Її приваблювали там не горобці й метелики , як інших Киць , — просто вона мріяла літати .","[{""label"": ""PERS"", ""text"": ""Киць""}]","[{""label"": ""PERS"", ""text"": ""Її"", ""start"": 0, ""end"": 2}, {""label"": ""LOC"", ""text"": ""там"", ""start"": 16, ""end"": 19}, {""label"": ""MISC"", ""text"": ""горобці й метелики"", ""start"": 23, ""end"": 41}, {""label"": ""PERS"", ""text"": ""вона"", ""start"": 69, ""end"": 73}]"
3ce3db9261fdf8dc0ba4e49ccfa11e61a513cee62329d530621a091e41f37bd0,"Коли киця подорослішала , у неї народилося Кошеня .","[{""label"": ""PERS"", ""text"": ""Кошеня""}]","[{""label"": ""ART"", ""text"": ""киця"", ""start"": 5, ""end"": 9}, {""label"": ""PERS"", ""text"": ""Кошеня"", ""start"": 43, ""end"": 49}]"
6f8d19d6df958cc50e499d5f6cc2d7dad4b3aa9c0c10543c02d05afe3f75404d,"Вона , як кожна матуся , любила своє дитятко і нічого особливого в ньому не помічала .",[],"[{""label"": ""PERS"", ""text"": ""Вона"", ""start"": 0, ""end"": 4}, {""label"": ""PERS"", ""text"": ""матуся"", ""start"": 16, ""end"": 22}]"
0414738e3a7fe5e132df43c5308d3fe9ad5feb7ccdb8b524bba8e6f61341d1f5,Хоч і вважала найособливішою дитинкою у світі .,[],[]
606cde50dedc788cf4cb403f083ecddd5d08b9665719ad8c0f9376597ea94709,Та все ж Кошенятко було незвичайне .,"[{""label"": ""PERS"", ""text"": ""Кошенятко""}]","[{""label"": ""PERS"", ""text"": ""Кошенятко"", ""start"": 9, ""end"": 18}]"
11d7d7fd628f9711bbd69d38fe3d786f3f606783ee9c915d0a7803f8c4f5661d,Воно мало хутро кольору неба .,[],"[{""label"": ""ART"", ""text"": ""Воно мало хутро кольору неба"", ""start"": 0, ""end"": 28}]"
9b80a282849212d0ffce050d144b6bb7278beb546562cdad47bdbd76c6893194,А хіба бачив хтось колись киць із хутром якогось іншого кольору ...,[],"[{""label"": ""PERS"", ""text"": ""хтось"", ""start"": 13, ""end"": 18}, {""label"": ""ART"", ""text"": ""хутром якогось іншого кольору"", ""start"": 34, ""end"": 63}]"
3c6350093902537c7224179f29136e98019c148620916496d714421c4a65acc2,"... крім сірого , чорного , рудого , білого , сірого чи суміші цих кольорів ? Кошенятко також не дивувалося своїй синій шубці .","[{""label"": ""PERS"", ""text"": ""Кошенятко""}]","[{""label"": ""MISC"", ""text"": ""сірого"", ""start"": 9, ""end"": 15}, {""label"": ""MISC"", ""text"": ""суміші цих кольорів"", ""start"": 56, ""end"": 75}, {""label"": ""PERS"", ""text"": ""Кошенятко"", ""start"": 78, ""end"": 87}, {""label"": ""ART"", ""text"": ""синій шубці"", ""start"": 114, ""end"": 125}]"
26c15badd61b514e02356c2a0f906ab33f5cccd911ba26a5bcfa8dbafd1aad57,Бо понад усе воно любило дивитися в небо .,[],[]
5006b91ba38f0786d52a8a7a6a3a68da3ee4471406b86a695a231718b9ccd472,"Одного вечора , лягаючи спати , Кошенятко спитало у мами :","[{""label"": ""PERS"", ""text"": ""Кошенятко""}]","[{""label"": ""PERS"", ""text"": ""Кошенятко"", ""start"": 32, ""end"": 41}, {""label"": ""PERS"", ""text"": ""мами"", ""start"": 52, ""end"": 56}]"
00439b1921b69b9c7df3a70636e2bbadeb3ddcf18405ba9cd48eeec8079ea3c1,— Чому я не літаю ?,[],[]
e0c51ef4b708f760ab02c65aa0891aefb45d9882df96e69cc2b1943462f86f90,"— Киці не літають , мнявкеньке моє , — ніжно й журливо відповіла мама . — Це можливо лише вві сні ...",[],"[{""label"": ""MISC"", ""text"": ""Киці"", ""start"": 2, ""end"": 6}, {""label"": ""PERS"", ""text"": ""мнявкеньке моє"", ""start"": 20, ""end"": 34}, {""label"": ""PERS"", ""text"": ""мама"", ""start"": 65, ""end"": 69}]"
2f2ad4a5de707482c5bc90aec06141d1f64516ccf6ec77d360e3c49c20dd6f66,"Але останніх слів Кошенятко вже не почуло , бо ... мандрувало небом .","[{""label"": ""PERS"", ""text"": ""Кошенятко""}]","[{""label"": ""PERS"", ""text"": ""Кошенятко"", ""start"": 18, ""end"": 27}, {""label"": ""LOC"", ""text"": ""небом"", ""start"": 62, ""end"": 67}]"
71a2df68b6a2458e9662a8f29bbb0a6550c287865ae8f4182c3d491b7f39870d,Спершу воно літало понад самою землею — йому було трішки лячно .,[],"[{""label"": ""PERS"", ""text"": ""воно"", ""start"": 7, ""end"": 11}, {""label"": ""LOC"", ""text"": ""понад самою землею"", ""start"": 19, ""end"": 37}]"
5f8e3b92e78735c54ae92f54818f63d6e5e2e0857a21d519c433cebc0c7b27ee,І метелики дуже кумедно сахалися від несподіваного видива .,[],"[{""label"": ""MISC"", ""text"": ""метелики"", ""start"": 2, ""end"": 10}]"
5f21703afdc4dbf8433bdd9f1ede6b9d908ee67bd0bef36707869c026947fa05,Пізніше Кошенятко наважилося наздоганяти горобців .,"[{""label"": ""PERS"", ""text"": ""Кошенятко""}]","[{""label"": ""PERS"", ""text"": ""Кошенятко"", ""start"": 8, ""end"": 17}, {""label"": ""MISC"", ""text"": ""горобців"", ""start"": 41, ""end"": 49}]"
382cb0a84372c204b4d037aeaa572e55f4dff9a2003229b399abb0b1b1a40135,Маленькі пташки теж були неабияк здивовані появою пухнастого супутника .,[],"[{""label"": ""ART"", ""text"": ""пухнастого супутника"", ""start"": 50, ""end"": 70}]"
10ddc69126f9ce878bc5817e06457c7bac8d9d36277a506490990852281b25ba,А потім ...,[],[]
1e2267ed87ab1df8243c98c1a2fc93f0bcef6cd7a652711404b6a7d20cc10ae8,"Потім воно злетіло на хмару й стало бавитися на ній , ніби на пухкій і пругкій подушці . Кошенятко так захопилося , що не помітило , як поруч прихмарився ( ну не приземлився ж ! ) могутній птах .","[{""label"": ""PERS"", ""text"": ""Кошенятко""}]","[{""label"": ""LOC"", ""text"": ""хмару"", ""start"": 22, ""end"": 27}, {""label"": ""PERS"", ""text"": ""Кошенятко"", ""start"": 89, ""end"": 98}, {""label"": ""ART"", ""text"": ""могутній птах"", ""start"": 180, ""end"": 193}]"
a288e99ac484df56f70c1ab1e7b0231680dea7a6c51dd887f792eddacb45365e,"Орел летів здалеку й далеко , тож йому треба було відпочити . Чом би й не на м'якій хмарині ?","[{""label"": ""PERS"", ""text"": ""Чом""}]","[{""label"": ""PERS"", ""text"": ""Орел"", ""start"": 0, ""end"": 4}]"
392ccd28bcc34b6f217fb48a50d45108cb39078be566b5d7d64cd0fdd3114be3,"Адже тільки так ніхто не помітить , що величний і безстрашний цар птахів теж іноді втомлюється .",[],"[{""label"": ""PERS"", ""text"": ""величний і безстрашний цар птахів"", ""start"": 39, ""end"": 72}]"
c4b475f54dbb9f1b7a0f07286d106c1a87b078e946da7130ed17fd0b85d57e64,"Побачивши Кошенятко , що пустує на хмарі , Орел оторопів .","[{""label"": ""PERS"", ""text"": ""Кошенятко""}, {""label"": ""PERS"", ""text"": ""Орел""}]","[{""label"": ""PERS"", ""text"": ""Кошенятко"", ""start"": 10, ""end"": 19}, {""label"": ""LOC"", ""text"": ""хмарі"", ""start"": 35, ""end"": 40}, {""label"": ""PERS"", ""text"": ""Орел"", ""start"": 43, ""end"": 47}]"
926bd0b699969e6eb5a28a36e21d1929097539894f82ac26c6099dc52d1abd5c,Мало не впав із хмари від подиву !,[],[]
99a5ee2994cc7a96bb6fd883cf3f17db4165a8e5d1f0ea9bd85a71d4004bd404,— Чому тут кіт ?,[],"[{""label"": ""JOB"", ""text"": ""кіт"", ""start"": 11, ""end"": 14}]"
5357cb91fadafc05cdcaa38264f83c03bbd3896cfea612f7bce0c6261e830d42,"Коти не літають !!! — розгублений птах заговорив сам із собою , хоча досі його вважали мовчуном .",[],[]
d3886b579638bf496272b77b64faf8f4a5ad42cbb97c199c1b51f945160421a4,"Може , Синє Кошенятко й відповіло б Орлу , однак воно було майже біля дому .","[{""label"": ""PERS"", ""text"": ""Синє Кошенятко""}, {""label"": ""PERS"", ""text"": ""Орлу""}]","[{""label"": ""PERS"", ""text"": ""Синє Кошенятко"", ""start"": 7, ""end"": 21}, {""label"": ""LOC"", ""text"": ""Орлу"", ""start"": 36, ""end"": 40}]"
5a52d5725c3d4bd38efb4df0b0ec2c25e49c9a74ecd1176817611638ee8a3402,Звірятко вже скучило за своєю мнявкенькою ніжною мамою .,[],"[{""label"": ""PERS"", ""text"": ""Звірятко"", ""start"": 0, ""end"": 8}, {""label"": ""PERS"", ""text"": ""ніжною мамою"", ""start"": 42, ""end"": 54}]"
bc9c00f747df4e6ec48ecb40f62aa1148ffed976fab26e7240acde5b915facab,— То звичайні коти не літають .,[],"[{""label"": ""MISC"", ""text"": ""звичайні коти"", ""start"": 5, ""end"": 18}]"
738030e7363cd38b34630b3f3ca84ebf63a5afdf22c361350f12287e21a944db,"А хіба ти бачив коли-небудь раніше синіх котів ? — сказав сам собі цар птахів і , збитий з пантелику такою пригодою , полетів у невідомому напрямку . Біла Киця Одна Киця була зовсім біла : і вушка , і лапки , і хвіст , і спинка , і навіть вуса .","[{""label"": ""PERS"", ""text"": ""Біла Киця""}, {""label"": ""PERS"", ""text"": ""Киця""}]","[{""label"": ""ART"", ""text"": ""синіх котів"", ""start"": 35, ""end"": 46}, {""label"": ""PERS"", ""text"": ""цар птахів"", ""start"": 67, ""end"": 77}, {""label"": ""ART"", ""text"": ""Біла Киця"", ""start"": 150, ""end"": 159}, {""label"": ""MISC"", ""text"": ""вушка"", ""start"": 191, ""end"": 196}, {""label"": ""MISC"", ""text"": ""лапки"", ""start"": 201, ""end"": 206}, {""label"": ""MISC"", ""text"": ""хвіст"", ""start"": 211, ""end"": 216}, {""label"": ""MISC"", ""text"": ""спинка"", ""start"": 221, ""end"": 227}, {""label"": ""MISC"", ""text"": ""вуса"", ""start"": 239, ""end"": 243}]"
54b7c66852b5196650204472c511d5cf8ea4a600dd6ca1dc8bffae02b8e7a4d3,"Лише очі були блакитні , а подушечки на лапах — рожеві .",[],"[{""label"": ""ART"", ""text"": ""подушечки на лапах"", ""start"": 27, ""end"": 45}]"
de11934c159cc84f79dfe3391f4c6bb3deff26dc0b76af31333ac7748a4ac456,"Киця народилася весною , їй не виповнилося ще навіть року .",[],"[{""label"": ""PERS"", ""text"": ""Киця"", ""start"": 0, ""end"": 4}, {""label"": ""TIME"", ""text"": ""весною"", ""start"": 16, ""end"": 22}, {""label"": ""PERIOD"", ""text"": ""року"", ""start"": 53, ""end"": 57}]"
92c5428865f1c4e2b30e00dcd8c2e1db966d98c546366f905f91a67a8c8829d0,Влітку вона ганялася за метеликами .,[],"[{""label"": ""PERIOD"", ""text"": ""Влітку"", ""start"": 0, ""end"": 6}, {""label"": ""PERS"", ""text"": ""вона"", ""start"": 7, ""end"": 11}, {""label"": ""MISC"", ""text"": ""метеликами"", ""start"": 24, ""end"": 34}]"
82a67d8e29ebb034cd31687a359e6a66e1094663dc6d34f02ad626ab1fceb116,Восени ходила садком нюхати яблука у траві .,[],"[{""label"": ""PERIOD"", ""text"": ""Восени"", ""start"": 0, ""end"": 6}, {""label"": ""LOC"", ""text"": ""садком"", ""start"": 14, ""end"": 20}]"
38acdfa88937f9e31aeb483447c182553928a4ac5310d19adeb3016d676c9342,"Серед зеленого та жовтого Киця стрибала , мов м'ячик .","[{""label"": ""PERS"", ""text"": ""Киця""}]",[]
907c67c63aebb72a8e3be9ff1155d6fcebc48179df8a81605ff60d8cb704c290,"Одного разу Киця прокинулася , вийшла надвір , ступила кілька кроків ...","[{""label"": ""PERS"", ""text"": ""Киця""}]","[{""label"": ""PERS"", ""text"": ""Киця"", ""start"": 12, ""end"": 16}, {""label"": ""LOC"", ""text"": ""надвір"", ""start"": 38, ""end"": 44}, {""label"": ""QUANT"", ""text"": ""кілька кроків"", ""start"": 55, ""end"": 68}]"
515bab365badf8882f473245f5bbd8b7381f1f160d9ed4dee3452e20239b5d27,"Якось незвично було навколо Мерзли лапки , а згори падали маленькі холодні пір'їнки .",[],"[{""label"": ""ART"", ""text"": ""Мерзли лапки"", ""start"": 28, ""end"": 40}, {""label"": ""ART"", ""text"": ""маленькі холодні пір'їнки"", ""start"": 58, ""end"": 83}]"
c173da3105689ec2b2d8c52aef202265ea6d56564bab59f66d8c90219ef4257c,"Вони були такі крихітні , що Киця спробувала ловити їх язиком , але ті щезали перед самим її носом .","[{""label"": ""PERS"", ""text"": ""Киця""}]","[{""label"": ""PERS"", ""text"": ""Киця"", ""start"": 29, ""end"": 33}]"
6c8f108591cb0a54d9ff8164557b7af158bbad2f23a26fc5820e6c5d66763954,"Всюди чомусь було біло-білісінько , і це дуже бентежило Кицю .","[{""label"": ""PERS"", ""text"": ""Кицю""}]","[{""label"": ""LOC"", ""text"": ""Всюди"", ""start"": 0, ""end"": 5}, {""label"": ""PERS"", ""text"": ""Кицю"", ""start"": 56, ""end"": 60}]"
e01d4f24d90178d6ca0b07a0ff3361ebbf050ebde0e0db45dd62cdada35fd244,Вона озирнулася на свій хвіст і остаточно злякалася : хвоста не було !,[],"[{""label"": ""PERS"", ""text"": ""Вона"", ""start"": 0, ""end"": 4}, {""label"": ""ART"", ""text"": ""хвіст"", ""start"": 24, ""end"": 29}, {""label"": ""ART"", ""text"": ""хвоста"", ""start"": 54, ""end"": 60}]"
04ef9709a75d1f5e62c980925393a650fcf9f7e619e1eb14beb9bcabbd2cc225,Та й самої Киці — теж .,"[{""label"": ""PERS"", ""text"": ""Киці""}]","[{""label"": ""PERS"", ""text"": ""Киці"", ""start"": 11, ""end"": 15}]"
f091b1d9a6547743c479e5cb575ca0cbb1fba793001f8f3188fe11793c498a26,"Щойно вона стояла тут , а от раз — і немає !",[],"[{""label"": ""PERS"", ""text"": ""вона"", ""start"": 6, ""end"": 10}, {""label"": ""LOC"", ""text"": ""тут"", ""start"": 18, ""end"": 21}]"
ebb002e0d8bab335bd14dd45c04cf2c759db5b30960bd14423bea62df50041e5,"— Куди я поділася ? — забігала Киця , шукаючи себе .","[{""label"": ""PERS"", ""text"": ""Киця""}]","[{""label"": ""PERS"", ""text"": ""Киця"", ""start"": 31, ""end"": 35}]"
23a41a6aba2c7b57afec8a0c6f0857f4cc6e8d5bccd84449b74d8590d6b75560,Вона була вкрай стурбована такою несподіванкою ...,[],"[{""label"": ""PERS"", ""text"": ""Вона"", ""start"": 0, ""end"": 4}]"
913aca641af2ec276a8037e0d4ebc38455e8d40514cdad75d27b4756d2166fc9,— Сніг !,[],[]
c101822d48b3982c64a29996c60da4fecaf1b50b62a4996ede09a95d00da0b6b,Сніг !,[],[]
7e8daf3d0bcbcd6caacbbda18599cd7811d548dce78e5a30a99b7ff65c3561f5,Перший сніг ! — почулися десь радісні вигуки .,[],[]
0429cd7db84e70d93afafbd4ab97525430fccac37c23a6da55377967d24157b0,— Та де ж я ? — Киця гасала в пошуках себе та якогось снігу . — І де той сніг ?..,"[{""label"": ""PERS"", ""text"": ""Киця""}]","[{""label"": ""PERS"", ""text"": ""я"", ""start"": 10, ""end"": 11}, {""label"": ""PERS"", ""text"": ""Киця"", ""start"": 16, ""end"": 20}, {""label"": ""ART"", ""text"": ""снігу"", ""start"": 54, ""end"": 59}, {""label"": ""ART"", ""text"": ""сніг"", ""start"": 73, ""end"": 77}]"
eb88ee8fdd4763c6eda1f51fe1d412319edc77903ec39bb55782eadf7501cfd5,"Невдовзі то тут , то там крізь біле стали пробиватися стебла осінньої трави .",[],"[{""label"": ""LOC"", ""text"": ""то тут , то там"", ""start"": 9, ""end"": 24}, {""label"": ""ART"", ""text"": ""стебла осінньої трави"", ""start"": 54, ""end"": 75}]"
3149ef04067b94984c1bb06d831f041e09f06bc3e57d74632c05f02d7fb5af1b,А відтак — з'явилися білі лапки .,[],"[{""label"": ""ART"", ""text"": ""білі лапки"", ""start"": 21, ""end"": 31}]"
b6fb3c337943496eb73c56f4b9624f5a03fddab1e0dcb193d3719f6acc940c08,Мурррррра ! Киця полегшено зітхнула : вона знову є !,"[{""label"": ""PERS"", ""text"": ""Киця""}]","[{""label"": ""PERS"", ""text"": ""Киця"", ""start"": 12, ""end"": 16}]"
30796c6af48b71607bba5530aad7b8dc1cdfa9c65ecc44f7c0f13eaf9b706c67,Вона нікуди не зникла !,[],"[{""label"": ""ART"", ""text"": ""Вона"", ""start"": 0, ""end"": 4}]"
4d5b77485205b3e11827f241905a151c1e1ac5b6e643fc798481d425af9649c2,Ніякий чарівник не зробив її невидимкою . Киця ще довго ходила по холодному білому килиму й мурмотіла :,"[{""label"": ""PERS"", ""text"": ""Киця""}]","[{""label"": ""PERS"", ""text"": ""Ніякий чарівник"", ""start"": 0, ""end"": 15}, {""label"": ""PERS"", ""text"": ""Киця"", ""start"": 42, ""end"": 46}, {""label"": ""ART"", ""text"": ""холодному білому килиму"", ""start"": 66, ""end"": 89}]"
7fb7db57b2fb0b6fe15e796e8f9e8557ddb598ebbd58cd61047160abb7e00a20,— Це — я .,[],"[{""label"": ""JOB"", ""text"": ""Це"", ""start"": 2, ""end"": 4}]"
4a2496e18f8c0188bc850e05477b3efbf46fac76c38befb87a04f2bf419e2f75,Це — сніг .,[],"[{""label"": ""ART"", ""text"": ""сніг"", ""start"": 5, ""end"": 9}]"
42d31aa887791b999c3bef12f15c9e6618af69b13c0cfde725244ce4ac1206b0,Чи навпаки ?,[],[]
7a9b8a028230e8142b8a051da2d7a88910f75323098c66f8e3dc2c6cbaba7581,А на Миколая Біла Киця отримала барвистого смугастого шалика .,"[{""label"": ""PERS"", ""text"": ""Миколая""}, {""label"": ""PERS"", ""text"": ""Біла Киця""}]","[{""label"": ""PERS"", ""text"": ""Миколая Біла Киця"", ""start"": 5, ""end"": 22}, {""label"": ""ART"", ""text"": ""барвистого смугастого шалика"", ""start"": 32, ""end"": 60}]"
c0cf2e3dca855e2ba2460783bea2f97c99fd8044767b4bd89ca366995f64b23a,Він був довгий та дуже теплий . Киця вдягала його і більше ніколи не губила себе взимку .,"[{""label"": ""PERS"", ""text"": ""Киця""}]","[{""label"": ""PERS"", ""text"": ""Він"", ""start"": 0, ""end"": 3}, {""label"": ""PERS"", ""text"": ""Киця"", ""start"": 32, ""end"": 36}, {""label"": ""PERIOD"", ""text"": ""взимку"", ""start"": 81, ""end"": 87}]"
b5ceaa6460f386f0254b8b22edc97f406cc470af7bf1295672a6f86150dddc83,"А ще шалик допомагав їй берегти горло від застуди , адже вона навчилася ловити язичком сніжинки ще до того , як вони розтавали від її теплого дихання . Киця потай ними смакувала .","[{""label"": ""PERS"", ""text"": ""Киця""}]","[{""label"": ""ART"", ""text"": ""шалик"", ""start"": 5, ""end"": 10}, {""label"": ""PERS"", ""text"": ""вона"", ""start"": 57, ""end"": 61}, {""label"": ""MISC"", ""text"": ""сніжинки"", ""start"": 87, ""end"": 95}, {""label"": ""ART"", ""text"": ""Киця"", ""start"": 152, ""end"": 156}]"
73ba44dab36870b8972a53c7e3cb9ec852e45c6b3fffaa968f4cb9050ab04312,"Зовсім-зовсім трішки ! Смугастий Якось бавився в ніжній зеленій траві хтось маленький , м'якенький і смугастий .","[{""label"": ""PERS"", ""text"": ""Смугастий""}]","[{""label"": ""ART"", ""text"": ""Смугастий"", ""start"": 23, ""end"": 32}, {""label"": ""LOC"", ""text"": ""ніжній зеленій траві"", ""start"": 49, ""end"": 69}, {""label"": ""PERS"", ""text"": ""хтось"", ""start"": 70, ""end"": 75}]"
8e58b8ce2cee2301c3373611437c0e9e6638b6c9aac7c6b393c190a4dd6ff2a2,"Малюк народився зовсім нещодавно й не дуже розумів , хто він такий .",[],"[{""label"": ""PERS"", ""text"": ""Малюк"", ""start"": 0, ""end"": 5}, {""label"": ""PERIOD"", ""text"": ""зовсім нещодавно"", ""start"": 16, ""end"": 32}]"
6a32e16b95cb05d8c30e855435a2856e34dc7ac3e82f52102cc8f33393df9a40,Та й розібратися в цьому було доволі важко .,[],[]
d8fac4a8161c000c71c082c8ec9fa943c556ddf65a4c01c67e9dadd5d17eb39b,"Вранці лагідна матуся казала : « Сонечко моє , час прокидатися ! » .",[],"[{""label"": ""TIME"", ""text"": ""Вранці"", ""start"": 0, ""end"": 6}, {""label"": ""PERS"", ""text"": ""лагідна матуся"", ""start"": 7, ""end"": 21}, {""label"": ""PERS"", ""text"": ""Сонечко моє"", ""start"": 33, ""end"": 44}]"
320e343433d0290a51128ba3889dd208928e77fc5969f1c77afd60ae20b383b9,"Якщо малятко надто забруднювалося , мама докоряла : « Ох ти ж свинко моя ! » .",[],"[{""label"": ""PERS"", ""text"": ""малятко"", ""start"": 5, ""end"": 12}, {""label"": ""PERS"", ""text"": ""мама"", ""start"": 36, ""end"": 40}]"
d208c2b1db33d1ca0e225877b9ca057f72012f02289a003fa8fcd67b16d4452e,"А якщо він був чистенький та охайний , називала його « квіточкою » . Смугастик сердито супився , коли мама зарано кликала його з прогулянки додому , і вона посміхалася : « Не дивись на мене вовчиком ! » .","[{""label"": ""PERS"", ""text"": ""Смугастик""}]","[{""label"": ""ART"", ""text"": ""квіточкою"", ""start"": 55, ""end"": 64}, {""label"": ""PERS"", ""text"": ""Смугастик"", ""start"": 69, ""end"": 78}, {""label"": ""PERS"", ""text"": ""мама"", ""start"": 102, ""end"": 106}]"
dc26546be9afbadf3565ef9e66c9b6d42b59c78d3e64d20e2f6cf7744c0329c9,"Коли , засинаючи , синочок муркотів до мами , то ставав « маминим кошенятком » .",[],"[{""label"": ""PERS"", ""text"": ""синочок"", ""start"": 19, ""end"": 26}, {""label"": ""PERS"", ""text"": ""мами"", ""start"": 39, ""end"": 43}]"
4abd35e7923116c754b2042d9d934a53e92bfeb557d96b39bc09b1e7b479b18f,"Ну як тут не заплутатися ? Смугастикові дуже подобалося гратися з істотами , подібними на нього : вони мали ніжки , лапки , вусики , хвостики , носики , вушка , животики й багато чого іншого .","[{""label"": ""PERS"", ""text"": ""Смугастикові""}]","[{""label"": ""PERS"", ""text"": ""Смугастикові"", ""start"": 27, ""end"": 39}, {""label"": ""ART"", ""text"": ""ніжки"", ""start"": 108, ""end"": 113}, {""label"": ""MISC"", ""text"": ""лапки"", ""start"": 116, ""end"": 121}, {""label"": ""ART"", ""text"": ""вусики"", ""start"": 124, ""end"": 130}, {""label"": ""MISC"", ""text"": ""багато чого іншого"", ""start"": 172, ""end"": 190}]"
64a72748993de5bdb0af0d197edb19be4a2196fee96a256444eacded58b94b56,Кожен з них говорив власною мовою .,[],"[{""label"": ""PERS"", ""text"": ""Кожен з них"", ""start"": 0, ""end"": 11}]"
450bd5a7523241c50a75f523c9a5c8f0af150bafd3adbad40ffff0cee856415c,"І хоч це не заважало їм розуміти одне одного , але пояснити малюнкові , хто він такий , ніхто не міг .",[],"[{""label"": ""PERS"", ""text"": ""малюнкові"", ""start"": 60, ""end"": 69}]"
261f49cad9847e350f0e45bbee39670afb9149a9a7c01863f92fd9cf0562cc15,"Із часом Смугастик став помічати , що всі малюки чимось відрізняються між собою .","[{""label"": ""PERS"", ""text"": ""Смугастик""}]","[{""label"": ""PERS"", ""text"": ""Смугастик"", ""start"": 9, ""end"": 18}, {""label"": ""MISC"", ""text"": ""всі малюки"", ""start"": 38, ""end"": 48}]"
09ff7abb6b1413095013a8ee4628ebee8b5a2e7d3e49dd5e9f78c1163fd2b134,"В одних , наприклад , немає крилець , в інших — довгих тоненьких вусиків , у когось відсутній хвостик , плавнички чи дзьобик .",[],"[{""label"": ""MISC"", ""text"": ""крилець"", ""start"": 28, ""end"": 35}, {""label"": ""ART"", ""text"": ""довгих тоненьких вусиків"", ""start"": 48, ""end"": 72}, {""label"": ""PERS"", ""text"": ""когось"", ""start"": 77, ""end"": 83}, {""label"": ""MISC"", ""text"": ""дзьобик"", ""start"": 117, ""end"": 124}]"
ca7c70b6f5a9cc654ef2b5ab42b31a155bf1097a978093074ff9cd0c85d2a303,"І в нього , у Смугастика , теж не було крилець .","[{""label"": ""PERS"", ""text"": ""Смугастика""}]","[{""label"": ""LOC"", ""text"": ""Смугастика"", ""start"": 14, ""end"": 24}, {""label"": ""ART"", ""text"": ""крилець"", ""start"": 39, ""end"": 46}]"
a41e447f9a3f611e7e87144babb94a4b0794c72e3522524c4852b043643d7bfd,"Значить , він все-таки не джміль і не оса .",[],"[{""label"": ""PERS"", ""text"": ""він"", ""start"": 10, ""end"": 13}]"
9bfe76f46accf4153475bb3bf470f36492024d8a1a0ac5bc36fb7cbc2147d30d,Не було копитець .,[],[]
3fcceea9c0ba941e87c3db1632572cae370cca658ce5857102dbde27377a53f5,Так що він точно не зебра .,[],"[{""label"": ""PERS"", ""text"": ""він"", ""start"": 7, ""end"": 10}]"
64f79aeca77673ff11ec3a7f42295a1cdaf958984b516960b5f5463e5baa7b41,"Не було аж восьми лапок , як у смугастого павучка ...",[],"[{""label"": ""QUANT"", ""text"": ""восьми лапок"", ""start"": 11, ""end"": 23}, {""label"": ""ART"", ""text"": ""смугастого павучка"", ""start"": 31, ""end"": 49}]"
390f9b9a1d6eb29ecc5f0337a987f49b3d5a342cbc545095f246e037fc807bad,"А ти вже знаєш , хто він — Смугастик ? Зелена Киця Відтоді , як Орел зустрів на хмарі Синю Кицю , він став відпочивати лише на височенних деревах .","[{""label"": ""PERS"", ""text"": ""Смугастик""}, {""label"": ""PERS"", ""text"": ""Зелена Киця""}, {""label"": ""PERS"", ""text"": ""Орел""}, {""label"": ""PERS"", ""text"": ""Синю Кицю""}]","[{""label"": ""PERS"", ""text"": ""Смугастик"", ""start"": 27, ""end"": 36}, {""label"": ""ART"", ""text"": ""Зелена Киця"", ""start"": 39, ""end"": 50}, {""label"": ""PERS"", ""text"": ""Орел"", ""start"": 64, ""end"": 68}, {""label"": ""ART"", ""text"": ""Синю Кицю"", ""start"": 86, ""end"": 95}, {""label"": ""LOC"", ""text"": ""височенних деревах"", ""start"": 127, ""end"": 145}]"
fe1ca60171863021576f8270e16473174ae52fdead665afcd0d7f0000b0218d7,"От і цього разу птах роззирнувся , чи його , бува , ніхто не бачить , і придеревився ( ну не приземлився ж ! ) для невеличкого передиху дорогою здалеку й далеко .",[],"[{""label"": ""ART"", ""text"": ""птах"", ""start"": 16, ""end"": 20}]"
2a48a4ecd86ee5d9b078af24f152cb918ea8a09609af04ee6e475ee45b3602a2,"Цар птахів зручно вмостився на гілці , опустив крила й став розминати ноги .",[],"[{""label"": ""PERS"", ""text"": ""Цар птахів"", ""start"": 0, ""end"": 10}, {""label"": ""ART"", ""text"": ""гілці"", ""start"": 31, ""end"": 36}]"
62e3be076761781ba24263ca0ba829b2ae7d0c6b12853dd9786195361f0d85a2,Раз-два ?,[],[]
1c2eebde282ac6ecbfc3e787bd65aeffb057655b30caf7812c2340ab54be4f39,Раз-два !,[],[]
2059369e78fee750421167f63391834d05572b3c78fb61ea7d5d9745bda3e665,"Адже коли ніхто не бачить , можна побути не величним і безстрашним , а звичайним птахом .",[],"[{""label"": ""ART"", ""text"": ""звичайним птахом"", ""start"": 71, ""end"": 87}]"
035152f3e86856537dea0a5ef9a30820e412204f9ea937a7f3b3dc927e4ae500,"Потім Орел виконав вправи для шиї : вправо-вліво , вправо-вліво ...","[{""label"": ""PERS"", ""text"": ""Орел""}]","[{""label"": ""PERS"", ""text"": ""Орел"", ""start"": 6, ""end"": 10}]"
4097df556bdea3c7a9492c6b0cc9261ad757a9e9f2d78a4afed6236d6ef1a02f,Овва !,[],"[{""label"": ""ORG"", ""text"": ""Овва !"", ""start"": 0, ""end"": 6}]"
518aacad8be5f8e8cb91e37e2c2b7b9bade6707bcdf7efaee08c9963374d31c2,"Повернувши шию ліворуч , птах закляк .",[],"[{""label"": ""PERS"", ""text"": ""птах"", ""start"": 25, ""end"": 29}]"
acf63aa039fc4280bf2458410d532181068188a6cd74a34518a7bf539d0a902a,Зовсім поруч серед гілля було щось та-а-а-аке ...,[],"[{""label"": ""LOC"", ""text"": ""Зовсім поруч серед гілля"", ""start"": 0, ""end"": 24}, {""label"": ""ART"", ""text"": ""щось та-а-а-аке"", ""start"": 30, ""end"": 45}]"
f1351faf0d89ccde57c3e6d66282594d8bf7bd87022dc7e7aa68bec76205fd1a,Мову йому відібрало .,[],[]
13c0c3ee89d2add0d7ca4fa50579fa8216bd45f34fc7ae9016400ae722c1147e,Пір'я настовбурчилося .,[],[]
69f911cf5ea506fc0f351ea56c6f901c6965929bb2fbdfb114feea2c7424a8ce,Цар птахів … побачив …,[],"[{""label"": ""PERS"", ""text"": ""Цар птахів"", ""start"": 0, ""end"": 10}]"
9abd23f75e767f2ba79a910d3168412069033fa76a4505781ce52a912699b599,Зелену … Кицюню …,"[{""label"": ""PERS"", ""text"": ""Кицюню""}]",[]
d443a7895f96a77f6d09676e4dfcf2c2c51f9913c268bb28d48b821f3cbb5ea6,А все починалося так .,[],[]
486bbb01561084deed6306b52dddbb7161e35ffaf5b71293e1bbc157aefe41b2,"Одна Киця дуже тішилася , що настала весна і все навколо зазеленіло .","[{""label"": ""PERS"", ""text"": ""Киця""}]","[{""label"": ""PERS"", ""text"": ""Одна Киця"", ""start"": 0, ""end"": 9}, {""label"": ""PERIOD"", ""text"": ""весна"", ""start"": 37, ""end"": 42}]"
7418caf7d68db731d64ce0b3b08f6ea5e17afab376d28b83d07ad88b0657e2f0,"Вона вийшла на вулицю , потягнулася на шовковій травичці та від радості замуркотіла .",[],"[{""label"": ""PERS"", ""text"": ""Вона"", ""start"": 0, ""end"": 4}, {""label"": ""LOC"", ""text"": ""вулицю"", ""start"": 15, ""end"": 21}, {""label"": ""ART"", ""text"": ""шовковій травичці"", ""start"": 39, ""end"": 56}]"
3e9cb2724a4cd36c45a65cd24a66c65b9c57312f8923bf3df65eaf6c3313be27,"Виверталася то одним бочком , то іншим .",[],[]
7f1983784b428b00cee826a2eb913191ea4d687f5ef8a44cf87c58314395b4d7,"Сонячне проміння пестило її хутро , легенький вітерець лоскотав вуса .",[],"[{""label"": ""ART"", ""text"": ""хутро"", ""start"": 28, ""end"": 33}]"
330767cfef148523392334e11b724ea7672130a759050e783d6d2483fcc77a4e,"У теплу гожу пору Киця взяла за звичку постійно ніжитися в траві , мов на килимку .","[{""label"": ""PERS"", ""text"": ""Киця""}]","[{""label"": ""PERIOD"", ""text"": ""теплу гожу пору"", ""start"": 2, ""end"": 17}, {""label"": ""PERS"", ""text"": ""Киця"", ""start"": 18, ""end"": 22}, {""label"": ""ART"", ""text"": ""килимку"", ""start"": 74, ""end"": 81}]"
cc1259e7b9f41e21e98fe7cdb0c2c9c48d84b79244fff247ff0e09a13f2d3a37,"А коли їй набридало , вона видряпувалася на самісіньку верхівку найвищого дерева й звідти розглядала химерні весняні хмари .",[],"[{""label"": ""LOC"", ""text"": ""самісіньку верхівку найвищого дерева"", ""start"": 44, ""end"": 80}, {""label"": ""ART"", ""text"": ""химерні весняні хмари"", ""start"": 101, ""end"": 122}]"
411d29fbc14e68cbb0b50049b08ac437ede0287e9b260de1b7b07a1b447b1277,"Одна її подружка дуже мріяла літати , і Киця уявляла , як одного разу вони вдвох помандрують небом .","[{""label"": ""PERS"", ""text"": ""Киця""}]","[{""label"": ""PERS"", ""text"": ""Одна її подружка"", ""start"": 0, ""end"": 16}, {""label"": ""PERS"", ""text"": ""Киця"", ""start"": 40, ""end"": 44}, {""label"": ""LOC"", ""text"": ""небом"", ""start"": 93, ""end"": 98}]"
f7fe75dbb0ba8c7f81a3f0b76fcec597d0e8cce95b648d18a3b1dc845fe1e19a,"Хмари повільно плинули , заколисуючи Кицю .","[{""label"": ""PERS"", ""text"": ""Кицю""}]","[{""label"": ""PERS"", ""text"": ""Хмари"", ""start"": 0, ""end"": 5}, {""label"": ""ART"", ""text"": ""Кицю"", ""start"": 37, ""end"": 41}]"
0b892383cebdf53b5cd0695fd782eec9bcbeedee4207a68d4ac283f4ceb09af1,Тож урешті вона засинала .,[],"[{""label"": ""PERS"", ""text"": ""вона"", ""start"": 11, ""end"": 15}]"
c798f1a30cf39ac73c95fe027e65e2d8bc53e4864a7b73830504823e5a17af04,"Якби хто взявся спостерігати за Кицею , то завважив би , що її хутро за кольором майже зливається із листям на дереві !","[{""label"": ""PERS"", ""text"": ""Кицею""}]","[{""label"": ""PERS"", ""text"": ""Кицею"", ""start"": 32, ""end"": 37}, {""label"": ""ART"", ""text"": ""хутро"", ""start"": 63, ""end"": 68}]"
9cbe183840b994134d88491b7a5fcaad21861c3832ab1b05a20eb5ec62a8d0bf,"А все тому , що весною вона любила потягуватися на соковитій траві .",[],"[{""label"": ""PERIOD"", ""text"": ""весною"", ""start"": 16, ""end"": 22}]"
1a061d61452a7f84b0b326dfe9c303b2c7925e0e0757920de8a95ac23232ec98,"І сік так в'ївся в її біле хутро , що Киця ходила зелена до самої зими .","[{""label"": ""PERS"", ""text"": ""Киця""}]","[{""label"": ""ART"", ""text"": ""сік"", ""start"": 2, ""end"": 5}, {""label"": ""ART"", ""text"": ""біле хутро"", ""start"": 22, ""end"": 32}, {""label"": ""PERS"", ""text"": ""Киця"", ""start"": 38, ""end"": 42}]"
55b1b9e49ccb917743be4c852cc980979be3f13dcc9c59d5c0a1b501d778eae1,"А от Орлу довелося сумлінно зайнятися спортом , щоб у польоті здалеку й далеко не доводилося ніде зупинятися .","[{""label"": ""PERS"", ""text"": ""Орлу""}]","[{""label"": ""LOC"", ""text"": ""Орлу"", ""start"": 5, ""end"": 9}, {""label"": ""MISC"", ""text"": ""спортом"", ""start"": 38, ""end"": 45}]"
b267bcbf1593d05ccc83a91bef1458710cb118e95c92d87c185ccb6c61842fcb,"Відпочивав він лише вдома , зі своїми малюками .",[],"[{""label"": ""PERS"", ""text"": ""він"", ""start"": 11, ""end"": 14}, {""label"": ""LOC"", ""text"": ""вдома"", ""start"": 20, ""end"": 25}]"
de5ed35f712efbf0864cbb835dd07f400a68a594426e05739e69fe2be2684590,З ними так легко й приємно щомиті бути дужим та сміливим !,[],"[{""label"": ""PERIOD"", ""text"": ""щомиті"", ""start"": 27, ""end"": 33}]"
a9532c9473e591e6b69a4492b9987389626ebf571745b34d7b503d6a0d96e08c,КІНЕЦЬ,[],"[{""label"": ""LOC"", ""text"": ""КІНЕЦЬ"", ""start"": 0, ""end"": 6}]"
8fd4489533acf2a6c4257ecb0c351df9094fe3ed61d391444529aed98b6cb2ba,"Ой , ні , не кінець !",[],[]
85a348d1c8d755c49bfc26ecfafc9c8bc7a791525153fbe094e5ec6ae62ebaf4,А то хто за вікном прошмигнув ?,[],[]
ab51f9ca50b4c204cabc8ed7f28f6b17910332778d36df965cd3a339a18d1f22,Та це ж … Чорна Киця Ця Киця дуже сором'язлива .,"[{""label"": ""PERS"", ""text"": ""Чорна Киця""}, {""label"": ""PERS"", ""text"": ""Киця""}]","[{""label"": ""PERS"", ""text"": ""Чорна Киця"", ""start"": 10, ""end"": 20}]"
2d6064804e64624c7b4d0bd9e05be63d0e77257abf9f491c92c11e5246c9db74,"А все тому , що , ледь побачивши її , усі чомусь розвертаються й ідуть іншим шляхом .",[],[]
8292346e5b1fbe8b76af9ddbc761ae4b8e5227882e4a9dbfbec02931537384e6,Усі її бояться .,[],[]
e43d3eecc747f3495fe6345ec73f8081f0e57ed808f125455003a2a0d9f7dd28,Та хіба Киці бувають страшними ?,"[{""label"": ""PERS"", ""text"": ""Киці""}]",[]
2497f26f1646037dd3c57f6e9cc31b3daee8827032d5f829acff7f0d7975a193,"Насправді Чорна Киця дуже добра й лагідна , хоч трохи й загадкова .","[{""label"": ""PERS"", ""text"": ""Чорна Киця""}]","[{""label"": ""PERS"", ""text"": ""Чорна Киця"", ""start"": 10, ""end"": 20}]"
48ee189653dadcf5f28a910b6c75280c81cd7856c92c1d09b6cd783907d56890,"Вона мріє мати багато друзів , проте не наважується ні з ким заговорити .",[],"[{""label"": ""PERS"", ""text"": ""Вона"", ""start"": 0, ""end"": 4}]"
fd10e4e433d33aabd691729caac803d5fe446af1c43b1bde5edc330dfc2703e1,"Тому вдень плете барвисті шалики , а вечорами , коли у сутінках її ніхто не помічає , розносить їх знайомим і незнайомим малятам ...",[],"[{""label"": ""PERIOD"", ""text"": ""вдень"", ""start"": 5, ""end"": 10}, {""label"": ""ART"", ""text"": ""барвисті шалики"", ""start"": 17, ""end"": 32}, {""label"": ""PERIOD"", ""text"": ""вечорами"", ""start"": 37, ""end"": 45}]"
1b4b7f65fad4af28549728cd17aeaf87b58c66627a88d645a2de53c8fb487350,"А ти маєш барвистого шалика ? Чеслав лежав , прикривши дівчину своїм тілом .","[{""label"": ""PERS"", ""text"": ""Чеслав""}]","[{""label"": ""ART"", ""text"": ""барвистого шалика"", ""start"": 10, ""end"": 27}, {""label"": ""PERS"", ""text"": ""Чеслав"", ""start"": 30, ""end"": 36}, {""label"": ""PERS"", ""text"": ""дівчину"", ""start"": 55, ""end"": 62}]"
4988f94d42b17d3e1bfcb15ad79b4473d7659f017e427a56d42a133c957337e1,"Її переляк , гарячий шепіт , оголене пружне тіло , її запах , часте биття серця ... Чеслав відчув , як у ньому прокинулося бажання .","[{""label"": ""PERS"", ""text"": ""Чеслав""}]","[{""label"": ""ART"", ""text"": ""оголене пружне тіло"", ""start"": 29, ""end"": 48}, {""label"": ""PERS"", ""text"": ""Чеслав"", ""start"": 84, ""end"": 90}]"
b7b66d9e0f5133ecc17e37f3fd180aab952144af4adedb900834fe5ae1ca2fbf,Він давно не був із жінками .,[],"[{""label"": ""PERS"", ""text"": ""Він"", ""start"": 0, ""end"": 3}]"
6f120b55c4c80cde3df429b6a767563cb1da466531e67409d59f62c4ae36c352,"Юнак готовий був уже стиснути Голубу у своїх обіймах і , як раніше бувало , оволодіти нею , але думка про Неждану зупинила його .","[{""label"": ""PERS"", ""text"": ""Голубу""}, {""label"": ""PERS"", ""text"": ""Неждану""}]","[{""label"": ""PERS"", ""text"": ""Юнак"", ""start"": 0, ""end"": 4}, {""label"": ""PERS"", ""text"": ""Голубу"", ""start"": 30, ""end"": 36}, {""label"": ""PERS"", ""text"": ""Неждану"", ""start"": 106, ""end"": 113}]"
a510ac338b990a70a9f8e6288f7e2f5bab35e271bfc83715d05968b45637f96e,"І треба ж було так статися , що саме цієї миті зашелестіли очерети і з них з’явилася Неждана .","[{""label"": ""PERS"", ""text"": ""Неждана""}]","[{""label"": ""TIME"", ""text"": ""саме цієї миті"", ""start"": 32, ""end"": 46}, {""label"": ""ART"", ""text"": ""очерети"", ""start"": 59, ""end"": 66}, {""label"": ""PERS"", ""text"": ""Неждана"", ""start"": 85, ""end"": 92}]"
135e8c5e0d331e732a9e0daf47ef9e5f1ad52ffd149287e6d546c2f2f0acbe9c,"Вона , мабуть , щойно вийшла з води : крапельки вологи на її тілі блищали на сонці .",[],"[{""label"": ""PERS"", ""text"": ""Вона"", ""start"": 0, ""end"": 4}, {""label"": ""ART"", ""text"": ""крапельки вологи"", ""start"": 38, ""end"": 54}, {""label"": ""LOC"", ""text"": ""сонці"", ""start"": 77, ""end"": 82}]"
88fcdb6a52a710d117a88696d877d6fc361333c72ad884d4f5b0a564e7a9c583,"Дівчина оторопіло дивилася на лежачу парочку , не одразу зрозумівши що до чого .",[],"[{""label"": ""PERS"", ""text"": ""Дівчина"", ""start"": 0, ""end"": 7}]"
d2f42e67d53b3857e4fe55ce9aa5137a2af4375ebdef6a64963f85849761e51c,"А коли зрозуміла , блиснувши гнівними очима , повернулася і швидко пішла знову в очерети . Чеслав від несподіванки ще якусь мить так і продовжував лежати , тримаючи Голубу , але коли зрозумів , що могла подумати Неждана , заставши їх , підхопився , як ошпарений :","[{""label"": ""PERS"", ""text"": ""Чеслав""}, {""label"": ""PERS"", ""text"": ""Голубу""}, {""label"": ""PERS"", ""text"": ""Неждана""}]","[{""label"": ""PERS"", ""text"": ""Чеслав"", ""start"": 91, ""end"": 97}, {""label"": ""PERS"", ""text"": ""Голубу"", ""start"": 165, ""end"": 171}, {""label"": ""PERS"", ""text"": ""Неждана"", ""start"": 212, ""end"": 219}]"
ef38f3e7f2e5c4b8598c9f7530f19912c1b384b2894a4799a0b6d8d3ada8e1b9,"— Неждана ! — крикнув він , забувши про обережність .","[{""label"": ""PERS"", ""text"": ""Неждана""}]","[{""label"": ""PERS"", ""text"": ""Неждана"", ""start"": 2, ""end"": 9}]"
d2f6d688bfad404611b756f294671af4a1d873564c3cb7cbe98f468bf4a2b4d7,"І вже за мить почув перелякані голоси дівчат , потривожених його криком .",[],"[{""label"": ""PERS"", ""text"": ""дівчат"", ""start"": 38, ""end"": 44}]"
3812bed0e850ee0d35515bc7c29b52a47e4be168dd4dcaa2129c014c57eb07d7,Він швидко нахилився до Голуби :,"[{""label"": ""PERS"", ""text"": ""Голуби""}]","[{""label"": ""PERS"", ""text"": ""Він"", ""start"": 0, ""end"": 3}, {""label"": ""PERS"", ""text"": ""Голуби"", ""start"": 24, ""end"": 30}]"
2ddd3372169cd6f776459b875935f88aba30cdc3198457969032e9f70e50c3d6,"— Скажи Болеславі , що я побачити її хочу .","[{""label"": ""PERS"", ""text"": ""Болеславі""}]","[{""label"": ""PERS"", ""text"": ""Болеславі"", ""start"": 8, ""end"": 17}]"
cba7d6b83721fcf6d1315d9d9bc87067c87feca1399b715fec6ea1aaf2955e52,Нехай вийде зранку за ворота .,[],[]
deae3a592ec15ed37594435b6c874949d06dc11d80fe64aa7e6334ffb715014e,Скажеш ? — Чеслав нетерпляче схопив дівчину за руку .,"[{""label"": ""PERS"", ""text"": ""Чеслав""}]","[{""label"": ""PERS"", ""text"": ""Чеслав"", ""start"": 11, ""end"": 17}, {""label"": ""PERS"", ""text"": ""дівчину"", ""start"": 36, ""end"": 43}]"
1a47c37eb15c9237c77ea4ad7356f3ec773fb0718efe18b9d27e7688231b6e14,"— Ай , боляче ! — скрикнула Голуба , намагаючись звільнити руку .","[{""label"": ""PERS"", ""text"": ""Голуба""}]","[{""label"": ""PERS"", ""text"": ""Голуба"", ""start"": 28, ""end"": 34}]"
aac3c50b8b1a1b8725f2ce90f6a4dd2547e7352d0fdf52c4eeb96c38fbf5ddc4,— Скажеш ?!,[],[]
cd5aec894f0898cd2b56563a13b61d82deaa3b433361c6686b9f7116eac4193f,— Скажу ...,[],"[{""label"": ""PERS"", ""text"": ""Скажу ..."", ""start"": 2, ""end"": 11}]"
97394296f73e4302f5a4124501c19dd0da579367100ae2cd59f4347bddd3ef7a,"— Тільки їй самій ! — відпустив її Чеслав . Голуба скривджено закопилила губи , потираючи звільнену руку . Чеслав уже було зібрався бігти геть , але зненацька запитав :","[{""label"": ""PERS"", ""text"": ""Чеслав""}, {""label"": ""PERS"", ""text"": ""Голуба""}, {""label"": ""PERS"", ""text"": ""Чеслав""}]","[{""label"": ""PERS"", ""text"": ""їй самій"", ""start"": 9, ""end"": 17}, {""label"": ""PERS"", ""text"": ""Чеслав"", ""start"": 35, ""end"": 41}, {""label"": ""PERS"", ""text"": ""Голуба"", ""start"": 44, ""end"": 50}, {""label"": ""PERS"", ""text"": ""Чеслав"", ""start"": 107, ""end"": 113}]"
32de157e0bdf94a2db1cad1ceb4d6d56b713667537f3db4112e488d3ebd4c7ee,— А де намисто твоє ?..,[],"[{""label"": ""ART"", ""text"": ""намисто твоє"", ""start"": 7, ""end"": 19}]"
f3857fd62c4f6407abdb3623f7086a5b94b3d712e9a0bc9532a6de84be4cfb87,"Таке , з камінчиків кольорових ? Голуба якийсь час мовчки дивилася на хлопця , а потім здивовано вимовила :","[{""label"": ""PERS"", ""text"": ""Голуба""}]","[{""label"": ""ART"", ""text"": ""камінчиків кольорових"", ""start"": 9, ""end"": 30}, {""label"": ""PERS"", ""text"": ""Голуба"", ""start"": 33, ""end"": 39}, {""label"": ""PERS"", ""text"": ""хлопця"", ""start"": 70, ""end"": 76}]"
ed744da76363e998df788e9fb4e6e549eaf138c3390f8868ee70b922222b48ff,— Дома залишила ...,[],[]
f4127bc32d1de603b659afa93362cc4f8fef1a9eee2f96b95bfd1724ef7b0672,Хто ж на річку в намисті ходить ?..,[],"[{""label"": ""LOC"", ""text"": ""річку"", ""start"": 9, ""end"": 14}]"
45b6a2769b527d9249148ee97c2e13622798fc17ee8c9f86729d919e79344e14,— То не забудь же сказати ! — кинув він їй і зник в очеретах .,[],"[{""label"": ""PERS"", ""text"": ""він"", ""start"": 36, ""end"": 39}]"
7b447f7c24270e5cd3d158bf8e96bff039adcced412892d29cda203bac51fb59,"А до місця їхньої зустрічі , притягнуті криком і галасом , уже поспішали близнюки Малко і Білко ... Неждана палала від злості й образи , немов сосна , у яку влучила блискавка в літню грозу .","[{""label"": ""PERS"", ""text"": ""Малко""}, {""label"": ""PERS"", ""text"": ""Білко""}, {""label"": ""PERS"", ""text"": ""Неждана""}]","[{""label"": ""LOC"", ""text"": ""місця їхньої зустрічі"", ""start"": 5, ""end"": 26}, {""label"": ""PERS"", ""text"": ""Малко"", ""start"": 82, ""end"": 87}, {""label"": ""PERS"", ""text"": ""Білко"", ""start"": 90, ""end"": 95}, {""label"": ""PERS"", ""text"": ""Неждана"", ""start"": 100, ""end"": 107}, {""label"": ""ART"", ""text"": ""блискавка"", ""start"": 165, ""end"": 174}]"
79334946e7e978db08c050473a23b67251736dfae1a76b2413c7a19f793c22fd,На очі зненацька навернулися сльози .,[],[]
08b7c7a9697f83a0817c5d7ab1935b2ed3f43b11ef7337479ec224cc5bcd26d4,"Те , що вона побачила в очеретах , вразило її .",[],"[{""label"": ""LOC"", ""text"": ""очеретах"", ""start"": 24, ""end"": 32}, {""label"": ""PERS"", ""text"": ""її"", ""start"": 43, ""end"": 45}]"
5334d68e20dbbfd98a3910394f522837af867ef5a4ac27e4d7afd2958e109083,"І навіть коли їй назустріч вискочили Малко і Білко , вона не звернула на них жодної уваги і , як є , гола , пробігла повз , забувши про властиву їй сором’язливість .","[{""label"": ""PERS"", ""text"": ""Малко""}, {""label"": ""PERS"", ""text"": ""Білко""}]","[{""label"": ""PERS"", ""text"": ""Малко"", ""start"": 37, ""end"": 42}, {""label"": ""PERS"", ""text"": ""Білко"", ""start"": 45, ""end"": 50}, {""label"": ""PERS"", ""text"": ""вона"", ""start"": 53, ""end"": 57}]"
43f033d45e4de3f375b458ed94d7c110f0521aa384d34da44ca2a6eb58082084,"Відбігши подалі від того місця , де вона застала Чеслава й Голубу , дівчина ввійшла в річку й , почуваючи якесь безсилля , сіла у воду .","[{""label"": ""PERS"", ""text"": ""Чеслава""}, {""label"": ""PERS"", ""text"": ""Голубу""}]","[{""label"": ""PERS"", ""text"": ""вона"", ""start"": 36, ""end"": 40}, {""label"": ""PERS"", ""text"": ""Чеслава"", ""start"": 49, ""end"": 56}, {""label"": ""PERS"", ""text"": ""Голубу"", ""start"": 59, ""end"": 65}, {""label"": ""PERS"", ""text"": ""дівчина"", ""start"": 68, ""end"": 75}, {""label"": ""LOC"", ""text"": ""річку"", ""start"": 86, ""end"": 91}]"
cd98f01ce4d6cb134f09125746596ffbfe12db3b6a2bd80fc1dd93a07cb4bcd2,« Мені байдуже !,[],[]
66643eb0b9625d582efdd2d6fac8ae8d19c0dd5a7525943869cb0f150362bddf,"Мені байдуже ! » — повторювала вона сама собі вперто , але жало в серці говорило , що це не так .",[],[]
11d2b57cae358cd53e59c54469e75c8503910556b8ed11c0b5d800119403566e,"І сердячись за це на себе ще більше , вона з усієї сили била по воді кулачками .",[],"[{""label"": ""PERS"", ""text"": ""вона"", ""start"": 38, ""end"": 42}]"
7734dc3e1a03a85ab1734ce02b9a5dc95bcf989c63ae5686bfadea8df679308b,"Ще сьогодні вранці , якби хтось їй сказав , що вдень вона ридатиме через цього хлопця , вона б в обличчя йому щиро розсміялася .",[],"[{""label"": ""TIME"", ""text"": ""Ще сьогодні вранці"", ""start"": 0, ""end"": 18}, {""label"": ""PERS"", ""text"": ""хтось їй"", ""start"": 26, ""end"": 34}, {""label"": ""PERS"", ""text"": ""вона"", ""start"": 53, ""end"": 57}, {""label"": ""PERS"", ""text"": ""цього хлопця"", ""start"": 73, ""end"": 85}, {""label"": ""PERS"", ""text"": ""вона"", ""start"": 88, ""end"": 92}]"
1e695adde8cb467f4c94d7b931356fbbec361eb168ac08aefca60af10b47125e,"Так , часом вона думала про Чеслава як про того , хто зненацька ввірвався в її розмірене життя і змінив його .","[{""label"": ""PERS"", ""text"": ""Чеслава""}]","[{""label"": ""PERS"", ""text"": ""вона"", ""start"": 12, ""end"": 16}, {""label"": ""PERS"", ""text"": ""Чеслава"", ""start"": 28, ""end"": 35}]"
dee69e97c33e5b76c95401d0a937e98010a3cf5e1e3543c0abdff29e50030f5c,"Вона дуже гнівалася на нього за це , а ще більше за те , що цей нахабний і зухвалий хлопець чомусь вирішив , що в праві розпоряджатися нею та її волею .",[],"[{""label"": ""PERS"", ""text"": ""Вона"", ""start"": 0, ""end"": 4}, {""label"": ""PERS"", ""text"": ""нього"", ""start"": 23, ""end"": 28}, {""label"": ""PERS"", ""text"": ""цей нахабний і зухвалий хлопець"", ""start"": 60, ""end"": 91}, {""label"": ""PERS"", ""text"": ""нею"", ""start"": 135, ""end"": 138}]"
173bcfb07dbe9c2a92f44aca4643ea3b8212c4ab42d87309ce3de20c6def58ec,"А думка про те , що , можливо , їй доведеться пов’язати з ним своє майбутнє , доводила її до сказу .",[],[]
a9cf37ba764e04907ff712a0057d961dd2747694916bc4f4383e2e80b4793dfa,"Вона бачила , що Чеслав щиро намагається завоювати її прихильність , але й це не зм’якшувало її серця .","[{""label"": ""PERS"", ""text"": ""Чеслав""}]","[{""label"": ""PERS"", ""text"": ""Вона"", ""start"": 0, ""end"": 4}, {""label"": ""PERS"", ""text"": ""Чеслав"", ""start"": 17, ""end"": 23}]"
afccf335f84084d3b59122e2ad95926ab96bb1d307a1d194514d4809c0d3c624,Згодом вона почала його просто терпіти .,[],"[{""label"": ""PERS"", ""text"": ""вона"", ""start"": 7, ""end"": 11}]"
2553c67380ad88dfdaf40abb75ac583bee8cb23b8266073733b0e52b96e9707c,"Щоправда , поживши в цьому чужому городищі , вона зрозуміла , що не всі дівчата поділяють її байдужість до Чеслава .","[{""label"": ""PERS"", ""text"": ""Чеслава""}]","[{""label"": ""LOC"", ""text"": ""чужому городищі"", ""start"": 27, ""end"": 42}, {""label"": ""PERS"", ""text"": ""вона"", ""start"": 45, ""end"": 49}, {""label"": ""LOC"", ""text"": ""Чеслава"", ""start"": 107, ""end"": 114}]"
b82f8e72a61e1a5b1f3c24b93e94bb80fbe34325ac80a9acbddfce1b0b358f84,"Не раз вона ловила на собі підозрілі й заздрісні дівочі погляди , спочатку не зовсім розуміючи їхню природу й відносячи імовірніше до того , що вона чужачка , але потім усе-таки збагнула , що причина не тільки в цьому . Чеслав був видним хлопцем , навіть гарним , і , очевидно , припав багатьом до серця .","[{""label"": ""PERS"", ""text"": ""Чеслав""}]","[{""label"": ""PERS"", ""text"": ""вона"", ""start"": 7, ""end"": 11}, {""label"": ""PERS"", ""text"": ""вона"", ""start"": 144, ""end"": 148}, {""label"": ""PERS"", ""text"": ""Чеслав"", ""start"": 220, ""end"": 226}]"
575e4d2d7e95c94bdf5488c6bb3534309f5778359a90cee72515e7327904b85c,"Але якщо в Неждани й з’являлася марнославна думка про те , що він таки обрав її , серце дівчини залишалося непохитним .","[{""label"": ""PERS"", ""text"": ""Неждани""}]","[{""label"": ""LOC"", ""text"": ""Неждани"", ""start"": 11, ""end"": 18}, {""label"": ""PERS"", ""text"": ""він"", ""start"": 62, ""end"": 65}, {""label"": ""PERS"", ""text"": ""дівчини"", ""start"": 88, ""end"": 95}]"
046f1576ea21fbd12cdd295f71d37525dceec840f5012b4a9c580737955f36be,"І ось тепер , заставши Чеслава в обіймах іншої , та ще й Голуби , що стала її мимовільною подругою , вона зрозуміла , як непомітно для себе самої потрапила в його сільця .","[{""label"": ""PERS"", ""text"": ""Чеслава""}, {""label"": ""PERS"", ""text"": ""Голуби""}]","[{""label"": ""PERS"", ""text"": ""Чеслава"", ""start"": 23, ""end"": 30}, {""label"": ""PERS"", ""text"": ""Голуби"", ""start"": 57, ""end"": 63}]"
4c1c5785c9516f3c57e7b9b6d6640c86724698e87fa95d2f7bd0bca3d7996786,"Тепер думка про те , що не тільки вона , а й та ж Голуба була бажана йому , обпалила її недосвідчену душу розпеченим залізом .","[{""label"": ""PERS"", ""text"": ""Голуба""}]","[{""label"": ""PERS"", ""text"": ""Голуба"", ""start"": 50, ""end"": 56}]"
832be078f7b4f6f2fdb5d97a24e8ca6c95a857f23f5b15e87bb890bc097f5c6a,Гіркі сльози змішалися з прісною річковою водою ...,[],"[{""label"": ""ART"", ""text"": ""Гіркі сльози"", ""start"": 0, ""end"": 12}, {""label"": ""ART"", ""text"": ""прісною річковою водою"", ""start"": 25, ""end"": 47}]"
27cd7a4875dd51b932671fefb591e462585543d51aed7a0ff9a7292f6de4b124,На березі з її платтям у руках з’явилася Голуба .,"[{""label"": ""PERS"", ""text"": ""Голуба""}]","[{""label"": ""LOC"", ""text"": ""На березі"", ""start"": 0, ""end"": 9}, {""label"": ""PERS"", ""text"": ""Голуба"", ""start"": 41, ""end"": 47}]"
34ff18c8bbd396eb06441cb1acb265ec969bb96562915b47a92ca7695d008eb6,"Постоявши якийсь час , мовчки спостерігаючи за подругою , вона нарешті покликала її :",[],"[{""label"": ""PERIOD"", ""text"": ""Постоявши якийсь час"", ""start"": 0, ""end"": 20}, {""label"": ""PERS"", ""text"": ""подругою"", ""start"": 47, ""end"": 55}, {""label"": ""PERS"", ""text"": ""вона"", ""start"": 58, ""end"": 62}]"
540add0b8a23b3d3be39d42e52dd93ba004f5896cb2ea21be3de8ca48cba3eff,— Виходь !..,[],[]
7e1741eafb94df0b7fb66e0e6dc85407294785551fd1d89a325593ebdcd80465,"У річці води і так повно-повнісінько . Неждана не одразу підвела очі , а тільки хлюпнувши собі води в лице .","[{""label"": ""PERS"", ""text"": ""Неждана""}]","[{""label"": ""LOC"", ""text"": ""річці"", ""start"": 2, ""end"": 7}, {""label"": ""PERS"", ""text"": ""Неждана"", ""start"": 39, ""end"": 46}]"
359582deb6ca325832a64dc29119f1fdfd25e82df75dc4aa52546ade043f9386,"— А чого ти вирішила , що я кроплю річку ? — запитала вона Голубу , виходячи на берег .","[{""label"": ""PERS"", ""text"": ""Голубу""}]","[{""label"": ""LOC"", ""text"": ""річку"", ""start"": 35, ""end"": 40}, {""label"": ""PERS"", ""text"": ""Голубу"", ""start"": 59, ""end"": 65}, {""label"": ""LOC"", ""text"": ""берег"", ""start"": 80, ""end"": 85}]"
f633709b3842e68593af3399636419190dbae241b830330c64f1260d5a4d81c0,"— А то не бачу ... — Голуба простягнула їй плаття . Неждана , узявши своє вбрання , почала одягатися .","[{""label"": ""PERS"", ""text"": ""Голуба""}, {""label"": ""PERS"", ""text"": ""Неждана""}]","[{""label"": ""PERS"", ""text"": ""Голуба"", ""start"": 21, ""end"": 27}, {""label"": ""ART"", ""text"": ""плаття"", ""start"": 43, ""end"": 49}, {""label"": ""PERS"", ""text"": ""Неждана"", ""start"": 52, ""end"": 59}]"
0ee9552088c1d16053dddb761943145dbee6291a902070290ebd3ed7d79b60ce,"— Це я бачила , як ви там , в очеретах ...",[],"[{""label"": ""PERS"", ""text"": ""я"", ""start"": 5, ""end"": 6}, {""label"": ""LOC"", ""text"": ""очеретах"", ""start"": 30, ""end"": 38}]"
e3f6bb3881c2402d53240d45d73647532aac429ad87a1f586ad0b55cbf96be5a,"Оце я точно бачила ! — зиркнула на подругу Неждана . Голуба мовчки дивилася на те , як нервово Неждана одягається , а потім віджимає свої коси від води .","[{""label"": ""PERS"", ""text"": ""Неждана""}, {""label"": ""PERS"", ""text"": ""Голуба""}, {""label"": ""PERS"", ""text"": ""Неждана""}]","[{""label"": ""PERS"", ""text"": ""Неждана"", ""start"": 43, ""end"": 50}, {""label"": ""PERS"", ""text"": ""Голуба"", ""start"": 53, ""end"": 59}, {""label"": ""PERS"", ""text"": ""Неждана"", ""start"": 95, ""end"": 102}]"
605616f9647981645652b122ae69d5dbc203765d64f80a280ef915948e7a38c9,"— Ходімо ! — закінчивши , сухо покликала Неждана .","[{""label"": ""PERS"", ""text"": ""Неждана""}]","[{""label"": ""PERS"", ""text"": ""Неждана"", ""start"": 41, ""end"": 48}]"
9c680ba09e48767ddfbc70597ed515c803d59c389e54a05db641c5249eba59c4,"— Любий він тобі ? — не рушила з місця Голуба . Неждана вперто мовчала , намагаючись розплутати волосся .","[{""label"": ""PERS"", ""text"": ""Голуба""}, {""label"": ""PERS"", ""text"": ""Неждана""}]","[{""label"": ""PERS"", ""text"": ""Голуба"", ""start"": 39, ""end"": 45}, {""label"": ""PERS"", ""text"": ""Неждана"", ""start"": 48, ""end"": 55}]"
63a451ffa3afb84667c9ea17ebc3b9a7a823ffbbcff630c276e49f377975a6a5,"— Бачу — любий , — гірко посміхнулася Голуба .","[{""label"": ""PERS"", ""text"": ""Голуба""}]","[{""label"": ""PERS"", ""text"": ""Бачу"", ""start"": 2, ""end"": 6}, {""label"": ""PERS"", ""text"": ""Голуба"", ""start"": 38, ""end"": 44}]"
ea4b6c11680e2881cc0b721a3b2c33c15543dfe9d6ab8cef3abf88d95dc79fab,"— Він усього лише украв мене ! — намагаючись не дивитися на дівчину , відповіла Неждана . — І мені байдуже , з ким він ... любиться . Голуба підійшла до дівчини й торкнулася її плеча .","[{""label"": ""PERS"", ""text"": ""Неждана""}, {""label"": ""PERS"", ""text"": ""Голуба""}]","[{""label"": ""PERS"", ""text"": ""Він"", ""start"": 2, ""end"": 5}, {""label"": ""PERS"", ""text"": ""дівчину"", ""start"": 60, ""end"": 67}, {""label"": ""PERS"", ""text"": ""Неждана"", ""start"": 80, ""end"": 87}, {""label"": ""PERS"", ""text"": ""він"", ""start"": 115, ""end"": 118}, {""label"": ""PERS"", ""text"": ""Голуба"", ""start"": 134, ""end"": 140}, {""label"": ""PERS"", ""text"": ""дівчини"", ""start"": 153, ""end"": 160}]"
6be6245f13de35d9b57b8aa7aa342652b6a9380e53ff3adffac3b1d2f2d846f5,"Але Неждана , немов їжачок , що наїжився , відсмикнула плече .","[{""label"": ""PERS"", ""text"": ""Неждана""}]","[{""label"": ""PERS"", ""text"": ""Неждана"", ""start"": 4, ""end"": 11}]"
08e8dc8d7bfade3689dae3d94eda891d7bf47ffc4aa8bccabfb28e561adce025,"— І те бачу ... — зітхнула Голуба . — І хотіла тебе помучити на малому вогні , подруженько ...","[{""label"": ""PERS"", ""text"": ""Голуба""}]","[{""label"": ""PERS"", ""text"": ""Голуба"", ""start"": 27, ""end"": 33}, {""label"": ""LOC"", ""text"": ""малому вогні"", ""start"": 64, ""end"": 76}, {""label"": ""PERS"", ""text"": ""подруженько"", ""start"": 79, ""end"": 90}]"
b4480e0afa80f79a59a8ebb0e3e6810111d24e1801921b1ce64283106febda38,"Та що мені чужий біль , коли сама томлюся на тім вогні .",[],"[{""label"": ""PERS"", ""text"": ""сама"", ""start"": 29, ""end"": 33}, {""label"": ""LOC"", ""text"": ""на тім вогні"", ""start"": 42, ""end"": 54}]"
ec2a2adf2155b35aaa0f68e1adb553c8e81546d5cc1c1ef90decc7661076ce0b,"Не знаю , може , й усе однаково тобі ... та тільки не було нічого такого в очеретах проміж нас .",[],"[{""label"": ""PERS"", ""text"": ""тобі"", ""start"": 32, ""end"": 36}, {""label"": ""ART"", ""text"": ""нічого такого"", ""start"": 59, ""end"": 72}]"
d757a75472ee7ad09a1575c5ab16f25dceac0f567821347a0938f2ed541b6764,"Тримав він мене , щоб не виказала його .",[],"[{""label"": ""PERS"", ""text"": ""він"", ""start"": 7, ""end"": 10}, {""label"": ""PERS"", ""text"": ""мене"", ""start"": 11, ""end"": 15}]"
f083f6780d239a6e09d5cc9f928f0aa63a23eab0697ca964b51b934b83da609e,"Злякалася дуже , — сказала Голуба й повільно рушила в бік городища . Неждана уважно подивилася їй услід : « Правду сказала чи ні ? » Голуба йшла , не обертаючись .","[{""label"": ""PERS"", ""text"": ""Голуба""}, {""label"": ""PERS"", ""text"": ""Неждана""}, {""label"": ""PERS"", ""text"": ""Голуба""}]","[{""label"": ""PERS"", ""text"": ""Голуба"", ""start"": 27, ""end"": 33}, {""label"": ""LOC"", ""text"": ""городища"", ""start"": 58, ""end"": 66}, {""label"": ""PERS"", ""text"": ""Неждана"", ""start"": 69, ""end"": 76}, {""label"": ""PERS"", ""text"": ""Голуба"", ""start"": 133, ""end"": 139}]"
c374ad80096936f80c5a110aebcc1f42cae91895386bf732290b25f93b24b25f,"« Не думати про нього , дубоголового , і все !",[],[]
9d7468bd2922584b8bd7ac93e0b99e2e6c4b2955ce280b51609468d45f5f06c8,"Щоб йому порожньо було ! » — вирішила Неждана й пішла слідом за Голубою . Чеслав чув , як різноголосе мукання , мекання й бекання наближалося до виходу з городища .","[{""label"": ""PERS"", ""text"": ""Неждана""}, {""label"": ""PERS"", ""text"": ""Голубою""}, {""label"": ""PERS"", ""text"": ""Чеслав""}]","[{""label"": ""PERS"", ""text"": ""Неждана"", ""start"": 38, ""end"": 45}, {""label"": ""PERS"", ""text"": ""Голубою"", ""start"": 64, ""end"": 71}, {""label"": ""PERS"", ""text"": ""Чеслав"", ""start"": 74, ""end"": 80}, {""label"": ""MISC"", ""text"": ""різноголосе мукання , мекання й бекання"", ""start"": 90, ""end"": 129}, {""label"": ""LOC"", ""text"": ""виходу з городища"", ""start"": 145, ""end"": 162}]"
6e4dce15d914b42968294ac78bd29177a37b2f8979f77f17769cda9d4b969dc0,"Першими за воротами опинилися найпрудкіші й нетерплячі в череді — кози , вівці та телиці .",[],"[{""label"": ""MISC"", ""text"": ""телиці"", ""start"": 82, ""end"": 88}]"
23bac98b426b4955f8d9237110f938fa0ee33646b57d5cf556392da3374b653f,"Ті ж , що були розважливішими , а може , не такими голодними , виступали неквапливо , а у воротах навіть зупинялися , немов вирішуючи , йти сьогодні на пасовисько чи залишитися вдома , тим самим створюючи затор .",[],"[{""label"": ""LOC"", ""text"": ""пасовисько"", ""start"": 152, ""end"": 162}]"
af6ce8361d631c81de0911c33873a67698f533e551d08665b53aeacc81860c33,"Таких підганяли , погейкуючи , пастухи .",[],"[{""label"": ""MISC"", ""text"": ""пастухи"", ""start"": 31, ""end"": 38}]"
7c45ef556d8357f2820a5154cf4c46930b4e0457baca59c0ac0cd81e3340f026,"Замість дітей , що зазвичай виконували цю роботу , сьогодні череду гнали підлітки .",[],"[{""label"": ""PERS"", ""text"": ""дітей"", ""start"": 8, ""end"": 13}, {""label"": ""JOB"", ""text"": ""цю роботу"", ""start"": 39, ""end"": 48}, {""label"": ""PERS"", ""text"": ""підлітки"", ""start"": 73, ""end"": 81}]"
4df58d87a0ae44c9833e6f94f6d7894c1b96d0e9c14089b95f044f1ed90ab33b,"Пам’ятаючи слова , сказані вчора Голубою , Чеслав зрозумів , що цей запобіжний захід пов’язаний із ним .","[{""label"": ""PERS"", ""text"": ""Голубою""}, {""label"": ""PERS"", ""text"": ""Чеслав""}]","[{""label"": ""PERS"", ""text"": ""Голубою"", ""start"": 33, ""end"": 40}, {""label"": ""PERS"", ""text"": ""Чеслав"", ""start"": 43, ""end"": 49}, {""label"": ""MISC"", ""text"": ""запобіжний захід"", ""start"": 68, ""end"": 84}]"
093b36d718e3a59f76c661d8df9f4c39be93ea6780ca53de9295a8e9e66fdeef,Це його боялися в городищі .,[],"[{""label"": ""LOC"", ""text"": ""городищі"", ""start"": 18, ""end"": 26}]"
8743e935cadea903cdba6fa5e2468c44a4f8e7d5024a06ca7d8169cf3355ddcd,"Від такої несправедливості все переверталося й кипіло хлопцеві в душі , аж зуби скреготали .",[],"[{""label"": ""PERS"", ""text"": ""хлопцеві"", ""start"": 54, ""end"": 62}]"
96b1ddf6711ebcab4c2ccbcbcb1f512546a07f19fb7ead49d27638f216c3a978,"Нелегко усвідомлювати , що люди , яких ти знав усе життя , з якими виріс і змужнів , а з багатьма пов’язаний ще й спільною кров’ю , тепер бояться тебе , наче дикого звіра .",[],"[{""label"": ""PERS"", ""text"": ""ти"", ""start"": 39, ""end"": 41}, {""label"": ""PERIOD"", ""text"": ""усе життя"", ""start"": 47, ""end"": 56}, {""label"": ""PERS"", ""text"": ""тебе"", ""start"": 146, ""end"": 150}]"
fc0a35675e3ac2b7fe5b479d232fe971da6f578ac9d900e59c7ad9ee81790683,"А прийняти таку неймовірну , що аж у голову не лізе , думку , а тепер уже й дійсність просто неможливо .",[],[]
4127bc8a724d3553a3a5f3502766f86637cb8b1a1c00b851a18e45c6b6e3e63b,"І Чеслав усе ще плекав у душі слабку надію , що Голуба пожартувала , що за щось сердиться на нього і сказала страшні слова про боязкість людей перед ним спересердя , намагаючись зачепити за живе ...","[{""label"": ""PERS"", ""text"": ""Чеслав""}, {""label"": ""PERS"", ""text"": ""Голуба""}]","[{""label"": ""PERS"", ""text"": ""Чеслав"", ""start"": 2, ""end"": 8}, {""label"": ""PERS"", ""text"": ""Голуба"", ""start"": 48, ""end"": 54}]"
aa2853169441921022bfbc3c1b6d7bfbc7da6e90e5600380035ddf81d04b3667,"Та холодна , розважлива голова розуміла , що пустка навколо городища , суворі застороги уперто свідчать про те , що Голуба сказала правду — його боялися .","[{""label"": ""PERS"", ""text"": ""Голуба""}]","[{""label"": ""PERS"", ""text"": ""голова"", ""start"": 24, ""end"": 30}, {""label"": ""LOC"", ""text"": ""пустка навколо городища"", ""start"": 45, ""end"": 68}, {""label"": ""MISC"", ""text"": ""суворі застороги"", ""start"": 71, ""end"": 87}, {""label"": ""PERS"", ""text"": ""Голуба"", ""start"": 116, ""end"": 122}]"
40731c0881585a3886da5d17cfec877aa6a91f4aa4a02ab9e945923e54910371,"А ось , нарешті , і та , кого Чеслав чекав із нетерпінням із тієї хвилини , щойно відчинили ворота .","[{""label"": ""PERS"", ""text"": ""Чеслав""}]","[{""label"": ""PERS"", ""text"": ""Чеслав"", ""start"": 30, ""end"": 36}, {""label"": ""LOC"", ""text"": ""ворота"", ""start"": 92, ""end"": 98}]"
47831733f067ca5ae15b1dbf31a96189e621db3a9758c7a0111c66d82734d3a9,"Слідом за чередою з’явилася Болеслава з козубом у руках . Чеслав , почекавши , щоб зрозуміти , у якому напрямку поженуть сьогодні череду , почав пробиратися ближче .","[{""label"": ""PERS"", ""text"": ""Болеслава""}, {""label"": ""PERS"", ""text"": ""Чеслав""}]","[{""label"": ""ART"", ""text"": ""чередою"", ""start"": 10, ""end"": 17}, {""label"": ""PERS"", ""text"": ""Болеслава"", ""start"": 28, ""end"": 37}, {""label"": ""ART"", ""text"": ""козубом"", ""start"": 40, ""end"": 47}, {""label"": ""PERS"", ""text"": ""Чеслав"", ""start"": 58, ""end"": 64}, {""label"": ""ART"", ""text"": ""череду"", ""start"": 130, ""end"": 136}]"
7f28fa8d60a1815835b353b019faf70d927098d01457ea29bac5a5d78f6583bf,"Ховаючись за деревами й кущами , він зайшов трохи наперед і заліг за великим кущем вовчих ягід , розраховуючи на те , що Болеслава йтиме поруч і вони зможуть поговорити . Болеслава неквапливо йшла трохи осторонь від череди , зривала кропиву , ще якусь зелень і клала в козуб .","[{""label"": ""PERS"", ""text"": ""Болеслава""}, {""label"": ""PERS"", ""text"": ""Болеслава""}]","[{""label"": ""PERS"", ""text"": ""він"", ""start"": 33, ""end"": 36}, {""label"": ""ART"", ""text"": ""великим кущем вовчих ягід"", ""start"": 69, ""end"": 94}, {""label"": ""PERS"", ""text"": ""Болеслава"", ""start"": 121, ""end"": 130}, {""label"": ""PERS"", ""text"": ""Болеслава"", ""start"": 171, ""end"": 180}, {""label"": ""MISC"", ""text"": ""череди"", ""start"": 216, ""end"": 222}, {""label"": ""MISC"", ""text"": ""кропиву"", ""start"": 233, ""end"": 240}, {""label"": ""ART"", ""text"": ""козуб"", ""start"": 269, ""end"": 274}]"
ecfdd8f4a61d8f7ed63ee704d84b5100f9c06ae03397c89a831dae7a525fc7ab,"Але уважніший спостерігач міг би помітити , що час від часу вона нишком зиркала на всі боки .",[],"[{""label"": ""PERS"", ""text"": ""уважніший спостерігач"", ""start"": 4, ""end"": 25}, {""label"": ""PERIOD"", ""text"": ""час від часу"", ""start"": 47, ""end"": 59}]"
463e997f331cf708caccf3fc9f031f2a61d09a159a096248a4c834cf3d618883,"Дочекавшись , коли Болеслава опинилася біля його засідки й нахилилася , щоб зірвати чергову зеленину , Чеслав тихенько покликав її :","[{""label"": ""PERS"", ""text"": ""Болеслава""}, {""label"": ""PERS"", ""text"": ""Чеслав""}]","[{""label"": ""PERS"", ""text"": ""Болеслава"", ""start"": 19, ""end"": 28}, {""label"": ""LOC"", ""text"": ""засідки"", ""start"": 49, ""end"": 56}, {""label"": ""MISC"", ""text"": ""зеленину"", ""start"": 92, ""end"": 100}, {""label"": ""PERS"", ""text"": ""Чеслав"", ""start"": 103, ""end"": 109}]"
d575e0fd249afec6b191a67c442a46e19a42eecbae0aef0a3d80ab90730234b2,— Болеславо !,"[{""label"": ""PERS"", ""text"": ""Болеславо""}]","[{""label"": ""PERS"", ""text"": ""Болеславо"", ""start"": 2, ""end"": 11}]"
277f91e9d05bc96e9616d689292a9ee746583a7345b862dbd39dcb5c2f1f4c5e,"Почувши його голос , жінка здригнулася , повільно розпрямилася , забувши про всі трави на землі , і піднесла руку до серця .",[],"[{""label"": ""PERS"", ""text"": ""жінка"", ""start"": 21, ""end"": 26}, {""label"": ""MISC"", ""text"": ""трави"", ""start"": 81, ""end"": 86}]"
fa47b0e2968f58a88b0745e94e34e33b7ae2d856efb27520ada5a39f32cca457,На її обличчі розпливлася щаслива усмішка .,[],[]
a9475060a01e6327b6a56ee745a2e1e73190c1b81cbb29a7fceed119e613c2fe,"Здавалося , від радості вона готова була стрибнути в кущ , звідки пролунав голос її любого хлопчика . Чеслав , припускаючи , що саме так і може трапитися , прошепотів :","[{""label"": ""PERS"", ""text"": ""Чеслав""}]","[{""label"": ""PERS"", ""text"": ""вона"", ""start"": 24, ""end"": 28}, {""label"": ""LOC"", ""text"": ""кущ"", ""start"": 53, ""end"": 56}, {""label"": ""PERS"", ""text"": ""її любого хлопчика"", ""start"": 81, ""end"": 99}, {""label"": ""PERS"", ""text"": ""Чеслав"", ""start"": 102, ""end"": 108}]"
6839ac53d99ef1c2047d81446b65a127869b55c2b31d2ff25b50af3e95cf0995,"— То ти трави продовжуй рвати , бо підлітки одразу помітять , що я тут . Болеслава , отямившись , взялася слухняно рвати стебла , не надто тепер додивляючись , які з них їстівні .","[{""label"": ""PERS"", ""text"": ""Болеслава""}]","[{""label"": ""MISC"", ""text"": ""трави"", ""start"": 8, ""end"": 13}, {""label"": ""LOC"", ""text"": ""тут"", ""start"": 67, ""end"": 70}, {""label"": ""PERS"", ""text"": ""Болеслава"", ""start"": 73, ""end"": 82}, {""label"": ""MISC"", ""text"": ""стебла"", ""start"": 121, ""end"": 127}]"
d879732ff5c41581a89c44377a1878e5a3b82d0012ff69c9bfaba5e30319fe7b,"Очі її , затуманені слізьми , марно намагалися роздивитися крізь зарості схованого в гущавині Чеслава .","[{""label"": ""PERS"", ""text"": ""Чеслава""}]","[{""label"": ""PERS"", ""text"": ""Очі її"", ""start"": 0, ""end"": 6}, {""label"": ""LOC"", ""text"": ""Чеслава"", ""start"": 94, ""end"": 101}]"
fb78e10b21a9aae5de0a207e175493b0e07d4a357d298405445a9779e8e9e060,"— Дитиночко моя , як же ти ?..",[],"[{""label"": ""PERS"", ""text"": ""Дитиночко моя"", ""start"": 2, ""end"": 15}]"
67be3391d90a70261b97bb19dca66cf5436a03c413b712173f27cac195d06c3d,"Я ж уся перевелася , про тебе думаючи ...",[],"[{""label"": ""PERS"", ""text"": ""Я"", ""start"": 0, ""end"": 1}, {""label"": ""PERS"", ""text"": ""тебе"", ""start"": 25, ""end"": 29}]"
a74f3eaa817e0e80484ad9e51071106a6e182617c071626874a5bf387d83f6e3,Серце моє зболіло від невідання ...,[],"[{""label"": ""PERS"", ""text"": ""Серце моє"", ""start"": 0, ""end"": 9}]"
ace93bd0cec29ee21152e25248c1739616d4cfe3adab7bc782755c89a52319c1,"— Болеславо , кажи швидше , що в селищі сталося , — зупинив її Чеслав . — Голуба вчора приголомшила , буцім мене тепер усі бояться .","[{""label"": ""PERS"", ""text"": ""Болеславо""}, {""label"": ""PERS"", ""text"": ""Чеслав""}, {""label"": ""PERS"", ""text"": ""Голуба""}]","[{""label"": ""PERS"", ""text"": ""Чеслав"", ""start"": 63, ""end"": 69}, {""label"": ""PERS"", ""text"": ""Голуба"", ""start"": 74, ""end"": 80}]"
512db1ecf77db5182ca6b5958d87c251fef73e22aaf54837e5da1d92a2a6ec54,Це чого ж ?,[],[]
dd1aa3c3991ecac33678e887cf27f4aa3a9bcb7cc9c42a1d7d9f80b034f38cfc,"— Та коли б знати чого ! — Болеслава заговорила , ковтаючи слова від хвилювання й обурення . — Люди наче ... показилися ... Зимобор , Сбислав й інші ... старійшини ... за ворота без потреби ... й охорони виходити всім заборонили ...","[{""label"": ""PERS"", ""text"": ""Болеслава""}, {""label"": ""PERS"", ""text"": ""Зимобор""}, {""label"": ""PERS"", ""text"": ""Сбислав""}]","[{""label"": ""PERS"", ""text"": ""Болеслава"", ""start"": 27, ""end"": 36}, {""label"": ""PERS"", ""text"": ""Зимобор"", ""start"": 124, ""end"": 131}, {""label"": ""PERS"", ""text"": ""Сбислав"", ""start"": 134, ""end"": 141}]"
f513c66717fa36ea1b52434d3fa677ba4f261edcbbce8d85e51a26803519d810,— Але в чому ж моя провина ? — не розумів Чеслав .,"[{""label"": ""PERS"", ""text"": ""Чеслав""}]","[{""label"": ""PERS"", ""text"": ""Чеслав"", ""start"": 42, ""end"": 48}]"
3eeee28e0676c48ef9d87622db49f4559254f1664ca0f7e969aeeadeb6b1770b,"Щоб краще чути Болеславу , він подався вперед , продираючись крізь кущі , від хвилювання не звертаючи увагу на подряпини .","[{""label"": ""PERS"", ""text"": ""Болеславу""}]","[{""label"": ""PERS"", ""text"": ""Болеславу"", ""start"": 15, ""end"": 24}, {""label"": ""LOC"", ""text"": ""кущі"", ""start"": 67, ""end"": 71}]"
61e7932ddd93dce60ffa2e3e91d30bb4449df2e5b08881874f627340405c0b3c,"— Так Леду ж Криву начебто хто порішити хотів , — Болеслава , упоравшись із почуттями , почала розповідати : — Вона в лісі шастала , що вже там їй знадобилося — не знаю , тож стрілою в неї і стрельнули , а потім і ніж метнули .","[{""label"": ""PERS"", ""text"": ""Леду ж Криву""}, {""label"": ""PERS"", ""text"": ""Болеслава""}]","[{""label"": ""PERS"", ""text"": ""Леду ж Криву"", ""start"": 6, ""end"": 18}, {""label"": ""PERS"", ""text"": ""Болеслава"", ""start"": 50, ""end"": 59}, {""label"": ""LOC"", ""text"": ""лісі"", ""start"": 118, ""end"": 122}, {""label"": ""ART"", ""text"": ""стрілою"", ""start"": 175, ""end"": 182}, {""label"": ""ART"", ""text"": ""ніж"", ""start"": 214, ""end"": 217}]"
9267e3da36471eb6931fe9bfa5a77b33b6e24b984d4105a2ccf7ef2fa87fd15c,"Та дуже вже прудкою баба виявилася : і від того , і від іншого вивернулася , Лісовик її не вхопить , болячку .","[{""label"": ""PERS"", ""text"": ""Лісовик""}]","[{""label"": ""PERS"", ""text"": ""баба"", ""start"": 20, ""end"": 24}, {""label"": ""PERS"", ""text"": ""Лісовик"", ""start"": 77, ""end"": 84}]"
7323dde733395b8b23b03bf49bab579528b8e9455729a5d76f933880cb164b5b,"І вона , недоумкувата , всім у городищі плескала язиком , що це ти її життя позбавити хотів .",[],"[{""label"": ""PERS"", ""text"": ""вона"", ""start"": 2, ""end"": 6}, {""label"": ""PERS"", ""text"": ""недоумкувата"", ""start"": 9, ""end"": 21}, {""label"": ""LOC"", ""text"": ""городищі"", ""start"": 31, ""end"": 39}, {""label"": ""PERS"", ""text"": ""ти"", ""start"": 64, ""end"": 66}]"
cc4528a49d4ec40902e36a233dd4a9b7966e9b480203820854fc57bc6671a04d,"Що , мовляв , точно не бачила , але ти це , більше нікому .",[],"[{""label"": ""PERS"", ""text"": ""ти"", ""start"": 36, ""end"": 38}]"
a84d4ba45cea3f5985b76dd33a49c9241306ef7969cd818c7ef05824ee0a3ffe,"У , змія яка !",[],"[{""label"": ""JOB"", ""text"": ""У"", ""start"": 0, ""end"": 1}]"
c6aa553552d95f78c9a65dccb45595462152cc8c77c78c89e7b66e025fba2cab,Тьху ! — Болеслава спересердя плюнула на землю . — Так вона й із хати своєї виходити після цього боялася .,"[{""label"": ""PERS"", ""text"": ""Болеслава""}]","[{""label"": ""PERS"", ""text"": ""Болеслава"", ""start"": 9, ""end"": 18}]"
2a224a69c99c9669a7f1e08479c4642e21590a8780aeb300fd02b0c21edb5837,"Але потім у вусі в неї стріляти стало , видно , Великі покарали за те , що наставляє слухавки свої цікаві на те , що її не стосується .","[{""label"": ""PERS"", ""text"": ""Великі""}]","[{""label"": ""PERS"", ""text"": ""Великі"", ""start"": 48, ""end"": 54}]"
b231ed36e16f30ce49db0990fae89498958b25d06a159f6cd1df9a8d06780952,"Та так боліло , що сили терпіти не стало !",[],[]
10f62aedf5f15ac711e5822925d49e600eff17fdd7b486ba6fcf69f150d164a7,"От вона не стерпіла , видно , дуже її припекло , так припекло , що , незважаючи на страх , побігла по допомогу до Мари .","[{""label"": ""PERS"", ""text"": ""Мари""}]","[{""label"": ""PERS"", ""text"": ""вона"", ""start"": 3, ""end"": 7}, {""label"": ""PERS"", ""text"": ""Мари"", ""start"": 114, ""end"": 118}]"
40ad7e9bf5820dcdcd534212309e6d9b582e3d5e2d590f02b11271a5d4552bb3,"І вже заборона їй волхва ні до чого , поганці !",[],"[{""label"": ""PERS"", ""text"": ""волхва"", ""start"": 18, ""end"": 24}, {""label"": ""PERS"", ""text"": ""поганці"", ""start"": 38, ""end"": 45}]"
a930d97005dba4aef80d7d574e2655390415e8c11466b37e13194350540ab93b,"А там , каже , і зустріла тебе знову .",[],"[{""label"": ""LOC"", ""text"": ""А там"", ""start"": 0, ""end"": 5}, {""label"": ""PERS"", ""text"": ""каже"", ""start"": 8, ""end"": 12}]"
14e0d773f7c5615dde0551797d4fff93bd65161b8c6d31bd31f2d3e440bbee68,"Не знаю , що там уже було , та тільки влетіла вона в селище , як кобила загнана : очі повилазили , повітря ротом хапає , репетує як різана : « Убивають !",[],"[{""label"": ""PERS"", ""text"": ""вона"", ""start"": 46, ""end"": 50}, {""label"": ""LOC"", ""text"": ""селище"", ""start"": 53, ""end"": 59}]"
4fac561d495845066c979977567b09878fe52cdef16af7b241d5c7be5b8c0621,"Врятуйте , люди добрі , від убивці Чеслава ! »","[{""label"": ""PERS"", ""text"": ""Чеслава""}]","[{""label"": ""ORG"", ""text"": ""люди добрі"", ""start"": 11, ""end"": 21}, {""label"": ""LOC"", ""text"": ""Чеслава"", ""start"": 35, ""end"": 42}]"
5b521a5c475366e59e3a74637cde76615781c5b5fbacb283cb2427ec1a9ca277,І такі жахи про тебе говорити почала !..,[],"[{""label"": ""PERS"", ""text"": ""тебе"", ""start"": 16, ""end"": 20}]"
5a4953dd90c7f112aa56ae849a6bd593d589c341828a08a63c44c504bbc70f73,Чур !,[],[]
5a4953dd90c7f112aa56ae849a6bd593d589c341828a08a63c44c504bbc70f73,Чур !,[],[]
18e221a36864befbefa2e6dfee527efc86dd808fa0fd7ba2b8510114f888f9c0,Чур !..,[],[]
fd6a5b409fd24f5df0c6d757f3763c4a075ecb3eb9c1b841e79f3e4275395988,Щоб язик її поганий відсох !,[],[]
43deb02a6a82de4fc6657582718826a13066048ed46db0153b2423ee33b12f66,"Сидить тепер у хаті в себе , труситься ...",[],"[{""label"": ""LOC"", ""text"": ""хаті"", ""start"": 15, ""end"": 19}]"
a5381ac02c69a868ef4b267837ee34dddb85b0db776eec3b10a7612fabaa373b,— Але ж я їй нічого не зробив ! — обурився Чеслав . — Тільки біля печери на стежці з нею зіткнувся ...,"[{""label"": ""PERS"", ""text"": ""Чеслав""}]","[{""label"": ""PERS"", ""text"": ""Чеслав"", ""start"": 43, ""end"": 49}, {""label"": ""LOC"", ""text"": ""печери"", ""start"": 66, ""end"": 72}, {""label"": ""LOC"", ""text"": ""стежці"", ""start"": 76, ""end"": 82}]"
bc922da457353d4f8982cf4e5c5efe87239ef64431b583da69b06a21a0600dce,"— Та я ж ... — Болеслава , забувши про обережність , знову готова була кинутися в кущ , але вчасно отямилася . — Та я ж усім так і кажу , що це не ти стріляв у неї , а Крива Леда бреше , як завжди .","[{""label"": ""PERS"", ""text"": ""Болеслава""}, {""label"": ""PERS"", ""text"": ""Крива Леда""}]","[{""label"": ""PERS"", ""text"": ""Болеслава"", ""start"": 15, ""end"": 24}, {""label"": ""LOC"", ""text"": ""Крива Леда"", ""start"": 168, ""end"": 178}]"
5d331e0ea805ca9b21809350b15390eb6915e4154ad43e50fce9b4593f228338,Та хто ж мене тепер слухає ...,[],"[{""label"": ""PERS"", ""text"": ""мене"", ""start"": 9, ""end"": 13}]"
652d874445d0c502de7ab99397f331d478f170e1f6a3c811ca5120254beb99cb,"І до дому тепер ніхто не йде , люди косяться ... Ратибор ходить чорніший за хмару грозову ...","[{""label"": ""PERS"", ""text"": ""Ратибор""}]","[{""label"": ""PERS"", ""text"": ""люди"", ""start"": 31, ""end"": 35}, {""label"": ""PERS"", ""text"": ""Ратибор"", ""start"": 49, ""end"": 56}]"
75e112bfbf9b930dd2f4271e75da6d79f5ce2dba63085190cb83786bf854767e,А тебе громадою зловити вирішили ...,[],"[{""label"": ""PERS"", ""text"": ""тебе"", ""start"": 2, ""end"": 6}]"
1964ca23e62af8542f744d9c4a429c4db52e84cc9c3c62baa4e46e6a0f1ce28b,"Ой , що ж тепер із тобою буде , соколичку !.. — сльози знову полилися їй з очей . — А я ось хлібець свіженький тобі принесла .",[],"[{""label"": ""PERS"", ""text"": ""соколичку"", ""start"": 32, ""end"": 41}, {""label"": ""PERS"", ""text"": ""я"", ""start"": 86, ""end"": 87}, {""label"": ""ART"", ""text"": ""хлібець свіженький"", ""start"": 92, ""end"": 110}]"
e3f8b7c34871e78af4011bee945df5762fd4a1ff1b863d66d1d43b06eae69161,"Схуд же як , дитиночко , — дістала вона зі дна козуба припасений і прихований хліб і поклала в траву .",[],"[{""label"": ""PERS"", ""text"": ""дитиночко"", ""start"": 13, ""end"": 22}, {""label"": ""ART"", ""text"": ""припасений і прихований хліб"", ""start"": 54, ""end"": 82}, {""label"": ""MISC"", ""text"": ""траву"", ""start"": 95, ""end"": 100}]"
18254af4c39d5024c416fbb2703916c19eb1240b7edf1974fc18ca7838663c96,"Ошелешений розповіддю Болеслави , Чеслав відчув , що на нього немов колода величезна впала , притиснувши всією своєю непосильною вагою .","[{""label"": ""PERS"", ""text"": ""Болеслави""}, {""label"": ""PERS"", ""text"": ""Чеслав""}]","[{""label"": ""PERS"", ""text"": ""Болеслави"", ""start"": 22, ""end"": 31}, {""label"": ""PERS"", ""text"": ""Чеслав"", ""start"": 34, ""end"": 40}, {""label"": ""ART"", ""text"": ""колода величезна"", ""start"": 68, ""end"": 84}]"
5972d3f5e2718642123f06cd9b9453e7b64e8acbf350552cd12dd4c5d92d24b2,"Він навіть ледь не забув запитати її про те , що стосувалося смерті Велимира .","[{""label"": ""PERS"", ""text"": ""Велимира""}]","[{""label"": ""PERS"", ""text"": ""Він"", ""start"": 0, ""end"": 3}, {""label"": ""PERS"", ""text"": ""Велимира"", ""start"": 68, ""end"": 76}]"
a85c184daadd33fdb0e39ff49ece495048bb1ea155c413536b05545f7110990e,Та все-таки згадав :,[],[]
b7e7674a1dae78e77b92b1a143a5ed325d313300794fc7116ebaec7e2b1fc29e,"— Болеславо , скажи , ти пам’ятаєш , нам на те полювання , коли батька ...","[{""label"": ""PERS"", ""text"": ""Болеславо""}]","[{""label"": ""PERS"", ""text"": ""Болеславо"", ""start"": 2, ""end"": 11}, {""label"": ""PERS"", ""text"": ""батька"", ""start"": 64, ""end"": 70}]"
52a65aaa61ce2a46b946439f8eba38c40d3fe952a9f69be2e150392d0d5a1627,"Ти нам їжу збирала , і там глечик із медом був ...",[],"[{""label"": ""PERS"", ""text"": ""Ти"", ""start"": 0, ""end"": 2}, {""label"": ""ART"", ""text"": ""глечик із медом"", ""start"": 27, ""end"": 42}]"
d75dcccfbac5213e452638e501d027ddadb4b920153c16aaa9da0cc4655b1429,— Глечик ?..,[],"[{""label"": ""PERS"", ""text"": ""Глечик"", ""start"": 2, ""end"": 8}]"
8e158e83e61ad8f42f09ed66b5120f8dbc6764d0e6d6b6e9f511e05cc1c83820,"Який глечик ?.. — не відразу зрозуміла хлопця Болеслава , так несподівано він заговорив про минуле .","[{""label"": ""PERS"", ""text"": ""Болеслава""}]","[{""label"": ""ART"", ""text"": ""глечик"", ""start"": 5, ""end"": 11}, {""label"": ""PERS"", ""text"": ""Болеслава"", ""start"": 46, ""end"": 55}, {""label"": ""PERIOD"", ""text"": ""минуле"", ""start"": 92, ""end"": 98}]"
ab7dfa6640c0a9eaaa54fa422c9dcbc42a41c72ce6c78bf3bc56b224be37e60a,"— Ну , той , що ти на полювання дала ...",[],"[{""label"": ""PERS"", ""text"": ""ти"", ""start"": 16, ""end"": 18}]"
75c6090c89791c966a863fa6bef0f04287424eaebd83b17c42fbafd5737c4b54,"Хто-небудь міг у напій , що був у тім глечику , зілля якого підмішати ?..",[],"[{""label"": ""PERS"", ""text"": ""Хто-небудь"", ""start"": 0, ""end"": 10}, {""label"": ""MISC"", ""text"": ""напій"", ""start"": 17, ""end"": 22}, {""label"": ""ART"", ""text"": ""глечику"", ""start"": 38, ""end"": 45}, {""label"": ""ART"", ""text"": ""зілля"", ""start"": 48, ""end"": 53}]"
82a6ead98d203313f1b7e2dd56428a2205acdfe0e309a68409cc448dec54793c,— Зілля в глечик ?..,[],"[{""label"": ""ART"", ""text"": ""Зілля в глечик"", ""start"": 2, ""end"": 16}]"
2a7994e05468d0f48b1ada9b0909c28c10868ff97ee8ea75c33cf9e07b21daab,"Нічого не розумію ... — Болеслава щиро не могла второпати , про що йдеться . Чеслав , почуваючи , що їхня розмова затяглася й зупинка Болеслави може стати вже підозрілою , почав квапити її з відповіддю :","[{""label"": ""PERS"", ""text"": ""Болеслава""}, {""label"": ""PERS"", ""text"": ""Чеслав""}, {""label"": ""PERS"", ""text"": ""Болеслави""}]","[{""label"": ""PERS"", ""text"": ""Болеслава"", ""start"": 24, ""end"": 33}, {""label"": ""PERS"", ""text"": ""Чеслав"", ""start"": 77, ""end"": 83}, {""label"": ""PERS"", ""text"": ""Болеслави"", ""start"": 134, ""end"": 143}]"
3168b5afe1aa596651a6d58148e6946dc750fcd8891f99432ad389128ebcc0b8,"— Болеславо , скажи скоріше : міг хтось у мед зілля підсипати ?..","[{""label"": ""PERS"", ""text"": ""Болеславо""}]","[{""label"": ""PERS"", ""text"": ""Болеславо"", ""start"": 2, ""end"": 11}, {""label"": ""MISC"", ""text"": ""мед зілля"", ""start"": 42, ""end"": 51}]"
283d83570700c96643d68f9d5263151bc282b208b949c0223bd79b599cce8be0,— Так якого ж зілля ?,[],[]
4b2b1bf53aab2bd8e45435c0b4213b6ba682b9237a91af0c5eb80315ee15a856,Я тільки м’яти-холодку трошечки додала ...,[],"[{""label"": ""PERS"", ""text"": ""Я"", ""start"": 0, ""end"": 1}]"
1d7ab2ed5c1b0630396a3aabf9db161ed65abc025f5d600be5ef5ff660b9e478,"А так ... у домі ... — Болеслава , нарешті втямила , що Чеслав запитує її про щось важливе для нього , чомусь пов’язане із тим фатальним полюванням , і від цього навіть сполотніла . — Та хто завгодно міг , поки мед настоювався ...","[{""label"": ""PERS"", ""text"": ""Болеслава""}, {""label"": ""PERS"", ""text"": ""Чеслав""}]","[{""label"": ""LOC"", ""text"": ""домі"", ""start"": 12, ""end"": 16}, {""label"": ""PERS"", ""text"": ""Болеслава"", ""start"": 23, ""end"": 32}, {""label"": ""PERS"", ""text"": ""Чеслав"", ""start"": 56, ""end"": 62}, {""label"": ""ART"", ""text"": ""мед"", ""start"": 211, ""end"": 214}]"
f1c1881ea2814ae94c8fe58b826a83af5796c4e4fd63cee4345ec9a05636cca6,"І якщо в домі нас не було , то й кожен із городища зайти міг ... Чеслав побачив , що за Болеславою , яка відстала , повернувся один із пастухів , і тому квапливо сказав :","[{""label"": ""PERS"", ""text"": ""Чеслав""}, {""label"": ""PERS"", ""text"": ""Болеславою""}]","[{""label"": ""LOC"", ""text"": ""городища"", ""start"": 42, ""end"": 50}, {""label"": ""PERS"", ""text"": ""Чеслав"", ""start"": 65, ""end"": 71}, {""label"": ""PERS"", ""text"": ""Болеславою"", ""start"": 88, ""end"": 98}, {""label"": ""PERS"", ""text"": ""один із пастухів"", ""start"": 127, ""end"": 143}]"
877563f563de683f1d7160aed169d63ddcfc326a17483b41a30bb06081d4ca71,"— Іди , Болеславо , іди , не хвилюйтеся за мене .","[{""label"": ""PERS"", ""text"": ""Болеславо""}]","[{""label"": ""PERS"", ""text"": ""Іди"", ""start"": 2, ""end"": 5}, {""label"": ""PERS"", ""text"": ""Болеславо"", ""start"": 8, ""end"": 17}, {""label"": ""PERS"", ""text"": ""іди"", ""start"": 20, ""end"": 23}]"
73ebb52f52d6afb1202bf5d410c51d485610d133a66e49ded96a260be55b6572,Мені ліс — що дім рідний .,[],"[{""label"": ""MISC"", ""text"": ""ліс"", ""start"": 5, ""end"": 8}]"
b85cafb7325abea8dcfd22e6eac9259ab91003ffc069322c5aadb0d59338d1a2,"— Сталося щось , Болеславо ? — крикнув їй хлопчак . Болеслава швиденько відійшла від куща вовчих ягід .","[{""label"": ""PERS"", ""text"": ""Болеславо""}, {""label"": ""PERS"", ""text"": ""Болеслава""}]","[{""label"": ""PERS"", ""text"": ""Болеславо"", ""start"": 17, ""end"": 26}, {""label"": ""PERS"", ""text"": ""хлопчак"", ""start"": 42, ""end"": 49}, {""label"": ""PERS"", ""text"": ""Болеслава"", ""start"": 52, ""end"": 61}, {""label"": ""ART"", ""text"": ""куща вовчих ягід"", ""start"": 85, ""end"": 101}]"
5f4d726121260b373ef74f0dd349f92093b310ebd9204d8040767ac316f03db1,"— За травкою невдало нахилилася , у спині й кольнуло ...",[],[]
a010f11033447ec57036a0c1ab9eb592e94bfc73a1730d85e5c658343d9980a3,"А ось із Лісом пошепталася , та й попустило .","[{""label"": ""PERS"", ""text"": ""Лісом""}]","[{""label"": ""PERS"", ""text"": ""Лісом"", ""start"": 9, ""end"": 14}]"
7505c20a8ad8aa9453c77a69d2ae78601793eb716e85acbc0c71eb23721dd3d9,"Спасибі тобі , панотче — духу лісовий !..",[],"[{""label"": ""PERS"", ""text"": ""панотче"", ""start"": 15, ""end"": 22}, {""label"": ""PERS"", ""text"": ""духу лісовий"", ""start"": 25, ""end"": 37}]"
329a469d1bbfac68deaddcd7ed9ff6b0416110670fb5406c52faa3ea3f5ec6bb,"Коли череда й пастухи зникли з очей , Чеслав узяв залишений Болеславою у траві свіжоспечений хліб і з насолодою вдихнув його запах .","[{""label"": ""PERS"", ""text"": ""Чеслав""}, {""label"": ""PERS"", ""text"": ""Болеславою""}]","[{""label"": ""MISC"", ""text"": ""череда"", ""start"": 5, ""end"": 11}, {""label"": ""MISC"", ""text"": ""пастухи"", ""start"": 14, ""end"": 21}, {""label"": ""PERS"", ""text"": ""Чеслав"", ""start"": 38, ""end"": 44}, {""label"": ""PERS"", ""text"": ""Болеславою"", ""start"": 60, ""end"": 70}, {""label"": ""ART"", ""text"": ""свіжоспечений хліб"", ""start"": 79, ""end"": 97}]"
ce9e3bac3ed801018c08aa5285f3926f40e12a453ee2f6f52b4e959880a2adc9,"Напевно , це був зараз найдорожчий для нього запах — пахощі його рідного дому ...",[],"[{""label"": ""PERS"", ""text"": ""нього"", ""start"": 39, ""end"": 44}]"
275f6d057b79880200e5603e0008ae5b6409252aa8cffee2a983f4da48d688ab,"Цієї ночі Чеслав чув , як вила вовчиця , тужачи за вбитим ним вовком .","[{""label"": ""PERS"", ""text"": ""Чеслав""}]","[{""label"": ""PERS"", ""text"": ""Чеслав"", ""start"": 10, ""end"": 16}]"
99b7358796e790a7858058bc12bf1d785b7a021ee96a92db4b38e82f0c0632ca,"Він почув це протяжне , тужливе , схоже на стогін виття крізь сон і до світанку вже так і не зміг заснути .",[],"[{""label"": ""PERS"", ""text"": ""Він"", ""start"": 0, ""end"": 3}, {""label"": ""PERIOD"", ""text"": ""до світанку"", ""start"": 68, ""end"": 79}]"
98884448d82a1b0c179bbe05b621c6a67a85a1cb382730c4a0c7e9bc4bc8e8ce,"Щось усередині нього зачіпав цей плач вовчиці , немов натягав тятиву на луці , а відпустити разом зі стрілою не міг . Отже , що сталося ?",[],"[{""label"": ""PERS"", ""text"": ""вовчиці"", ""start"": 38, ""end"": 45}, {""label"": ""ART"", ""text"": ""тятиву"", ""start"": 62, ""end"": 68}, {""label"": ""LOC"", ""text"": ""луці"", ""start"": 72, ""end"": 76}, {""label"": ""ART"", ""text"": ""стрілою"", ""start"": 101, ""end"": 108}]"
f425f8ff93d040a17eeadf457087aa8d6e5526ef7c75e6b2636356c2cfcab52c,"Вже казав : мій приятель був автором лише однієї наукової монографії ; другою книгою стали мемуари , які більше писав я , ніж він сам .",[],"[{""label"": ""PERS"", ""text"": ""мій приятель"", ""start"": 12, ""end"": 24}, {""label"": ""ART"", ""text"": ""наукової монографії"", ""start"": 49, ""end"": 68}, {""label"": ""ART"", ""text"": ""другою книгою"", ""start"": 71, ""end"": 84}, {""label"": ""ART"", ""text"": ""мемуари"", ""start"": 91, ""end"": 98}, {""label"": ""PERS"", ""text"": ""я"", ""start"": 118, ""end"": 119}]"
e7be0872b59fc31b4aa4923fa705e9ab9e0f2c7419057cef6dcaf862bba45a41,Наукова ж була розширеним варіянтом його кандидатської дисертації .,[],"[{""label"": ""JOB"", ""text"": ""Наукова"", ""start"": 0, ""end"": 7}, {""label"": ""DOC"", ""text"": ""кандидатської дисертації"", ""start"": 41, ""end"": 65}]"
7d790acf1f2ac194f4c54c3cb30e7c3629221d69a6f6abf9133fe87775aee1f0,"Але діставши посаду завідувача катедри , він здобув професорське звання , відтак написав докторську , матеріяли до якої давно мав зібрані .",[],"[{""label"": ""JOB"", ""text"": ""завідувача катедри"", ""start"": 20, ""end"": 38}, {""label"": ""PERS"", ""text"": ""він"", ""start"": 41, ""end"": 44}, {""label"": ""ART"", ""text"": ""матеріяли"", ""start"": 102, ""end"": 111}]"
d76ea9743b98ae4197808a26334dc4a85cc1aed34222ba1e45603a3103c2ef5e,"Цією книгою зацікавилося одне видавництво , і він поринув ще й у видавничу гарячку — ось що зумовило те , що він і про мене забув , — був така людина , яка , віддаючись одній справі ( мав , правда , й другу — виклади ) , про все і всіх забував , а це , признаємо , щаслива особливість , бо не розпорошувався .",[],"[{""label"": ""MISC"", ""text"": ""книгою"", ""start"": 5, ""end"": 11}, {""label"": ""ORG"", ""text"": ""видавництво"", ""start"": 30, ""end"": 41}, {""label"": ""PERS"", ""text"": ""він"", ""start"": 46, ""end"": 49}, {""label"": ""PERS"", ""text"": ""він"", ""start"": 109, ""end"": 112}, {""label"": ""PERS"", ""text"": ""мене"", ""start"": 119, ""end"": 123}, {""label"": ""PERS"", ""text"": ""людина"", ""start"": 143, ""end"": 149}, {""label"": ""MISC"", ""text"": ""виклади"", ""start"": 209, ""end"": 216}]"
7fdbe9a9c8f6ae0ea0896c69bfa8d4c2678cd546395adc4a95b942e5a16f371f,"Власне , свідчить про особливу цільність його характеру .",[],[]
0f7857f1f8464c21545988ecb5f2df7cc2993ba7b53f4a5c32e1a881d5b5651f,"При тому сталося так , що підвернув ногу і якийсь час мусив проводити вдома , отже , сидів на лікарняному , а що видавничий процес тривав , йому виділили працівника , який довозив набір , тоді гранки й верстку , брав книги для ілюстрацій і т . д .",[],"[{""label"": ""PERIOD"", ""text"": ""якийсь час"", ""start"": 43, ""end"": 53}, {""label"": ""JOB"", ""text"": ""працівника"", ""start"": 154, ""end"": 164}, {""label"": ""MISC"", ""text"": ""набір"", ""start"": 180, ""end"": 185}, {""label"": ""MISC"", ""text"": ""гранки й верстку"", ""start"": 193, ""end"": 209}, {""label"": ""ART"", ""text"": ""книги для ілюстрацій"", ""start"": 217, ""end"": 237}]"
07f977b58691edf799222bf31050c71ed826328e067e73a1095c4d8e76018ae7,"Перша поява того працівника варта уваги , бо це був не « він » , а « вона » .",[],"[{""label"": ""PERS"", ""text"": ""того працівника"", ""start"": 12, ""end"": 27}, {""label"": ""PERS"", ""text"": ""він"", ""start"": 57, ""end"": 60}, {""label"": ""PERS"", ""text"": ""вона"", ""start"": 69, ""end"": 73}]"
3a84608419442ec1be2f69d8cb241e6477d809bebda165e1c666a7b9cffb526d,"Подзеленчав дзвінок , і коли професор придибав до дверей та відчинив — перед ним постала невеличка істота , настільки худа , що її талію можна було б назвати осиною ; личко — дрібне , цілком сірої барви , як то кажуть , « без кровинки » ; волосся підстрижене по-хлоп’ячому , тобто його майже не було , а затилля голови — під машинку .",[],"[{""label"": ""PERS"", ""text"": ""професор"", ""start"": 29, ""end"": 37}, {""label"": ""ART"", ""text"": ""личко"", ""start"": 167, ""end"": 172}, {""label"": ""ART"", ""text"": ""волосся"", ""start"": 239, ""end"": 246}, {""label"": ""MISC"", ""text"": ""затилля голови"", ""start"": 304, ""end"": 318}, {""label"": ""MISC"", ""text"": ""машинку"", ""start"": 325, ""end"": 332}]"
db98f04ee059130c0ed8fdac7b4d1380a2a93ffd6113752cf169bd9bc0346080,"На сірому ж тлі стояло дві кринички студених , також сірих , дещо водянистих очей ; вуста начебто й підмальовані , але це не приховувало їхньої випитості , а підборіддя — гостре , як у кози .",[],"[{""label"": ""ART"", ""text"": ""дві кринички студених , також сірих , дещо водянистих очей"", ""start"": 23, ""end"": 81}, {""label"": ""ART"", ""text"": ""вуста"", ""start"": 84, ""end"": 89}]"
6661f15cfff946d10553f186e2a09acb2d9fa698e5061e001ec436a224f30385,"Та й узагалі її подібність до цього представника живого світу виявилася разючою , тому Микола й охрестив її з першого разу не інакше , як Коза .","[{""label"": ""PERS"", ""text"": ""Микола""}, {""label"": ""PERS"", ""text"": ""Коза""}]","[{""label"": ""MISC"", ""text"": ""живого світу"", ""start"": 49, ""end"": 61}, {""label"": ""PERS"", ""text"": ""Микола"", ""start"": 87, ""end"": 93}]"
5a76fd6767155628b582c4aefc69940747b48372eb699cde9f823c6fe8edc494,"В крихітній же ручці ця істота тримала букета червоних троянд , що миттю сколихнуло ( невідь-чому ) Миколину пам’ять , — зрештою , це був другий випадок у житті , коли йому підносили квіти не при офіційних оказіях ; а перше подібне вручення , як знаємо , не викликало в Миколи прихильних почуттів .","[{""label"": ""PERS"", ""text"": ""Миколину""}, {""label"": ""PERS"", ""text"": ""Миколи""}]","[{""label"": ""ART"", ""text"": ""букета червоних троянд"", ""start"": 39, ""end"": 61}, {""label"": ""PERS"", ""text"": ""Миколину"", ""start"": 100, ""end"": 108}, {""label"": ""PERS"", ""text"": ""Миколи"", ""start"": 270, ""end"": 276}]"
846e8aeafc26f542424bcea9c05f7a60db256cffca0c078394932cd61d4f556b,"Однак звернув увагу не так на того букета ( хоча міг би резонно подумати : чому це їй , як простій кур’єрці , приносити ще й квіти , досить дорогі під цю пору , та ще й червоні троянди ? ) , як на по-особливому тендітні пальчики , які аж просвічувалися , відтак проглядали на них бліді суглобчики .",[],"[{""label"": ""ART"", ""text"": ""букета"", ""start"": 35, ""end"": 41}, {""label"": ""PERS"", ""text"": ""їй"", ""start"": 83, ""end"": 85}, {""label"": ""MISC"", ""text"": ""квіти"", ""start"": 125, ""end"": 130}, {""label"": ""PERIOD"", ""text"": ""під цю пору"", ""start"": 147, ""end"": 158}, {""label"": ""ART"", ""text"": ""червоні троянди"", ""start"": 169, ""end"": 184}]"
c9bedafc98f7d1e45bdcd01a489db15dc956010787764c5d7ab0edffbb44044d,"Одне слово , це був викінчений тип комп’ютерної діви ( з цього моменту писатимемо це поняття з великої літери , як означення Миколиної гості ) , чи дівчини , чи жінки — байдуже , бо всі такі особи жіночої статі ( як помітив не тільки Микола , а й я , автор ) , котрі проводять робочі дні за комп’ютерами , отак і виглядають , бувши випиті їхніми кровопивцями-машинами , тобто поступово перетворюються в тіні , обов’язково сірі .","[{""label"": ""PERS"", ""text"": ""Миколиної""}, {""label"": ""PERS"", ""text"": ""Микола""}]","[{""label"": ""PERS"", ""text"": ""Микола"", ""start"": 234, ""end"": 240}, {""label"": ""PERS"", ""text"": ""автор"", ""start"": 251, ""end"": 256}, {""label"": ""PERIOD"", ""text"": ""робочі дні"", ""start"": 277, ""end"": 287}, {""label"": ""ART"", ""text"": ""комп’ютерами"", ""start"": 291, ""end"": 303}]"
001429141ddc1c097d09f03d22be306b704a0cef6be9c44139330abb812ed6c7,"Зрештою , всі тіні сірі , і тут уже ніде подітися .",[],[]
17519131f7d48dff839648fb8b1ca15262d05db91d4df59f6df02032d523a275,"Тим часом Комп’ютерна Діва переступила порога сумнівного княжого нащадка Миколи Лика маленькими , більше схожими на ратички , ніжками , взутими у туфельки на невеличкому підборі , але дико лискучі — тим-то і вподобив їх до ратичок , а не з якоїсь заїлості .","[{""label"": ""PERS"", ""text"": ""Комп’ютерна Діва""}, {""label"": ""PERS"", ""text"": ""Миколи Лика""}]","[{""label"": ""PERS"", ""text"": ""Миколи Лика"", ""start"": 73, ""end"": 84}, {""label"": ""ART"", ""text"": ""ратички"", ""start"": 116, ""end"": 123}, {""label"": ""ART"", ""text"": ""туфельки"", ""start"": 146, ""end"": 154}, {""label"": ""ART"", ""text"": ""ратичок"", ""start"": 223, ""end"": 230}]"
f4396317ccbf161726613e28fc6df7f1644a958c69fe1f69689be4f3f1360328,"Вона ж привіталася тоненьким , як нитка , що її випрядала Клото-Прядильниця , голоском — це , зрештою , подобало до козячого мекання :","[{""label"": ""PERS"", ""text"": ""Клото-Прядильниця""}]","[{""label"": ""PERS"", ""text"": ""Вона"", ""start"": 0, ""end"": 4}, {""label"": ""ART"", ""text"": ""нитка"", ""start"": 34, ""end"": 39}, {""label"": ""PERS"", ""text"": ""Клото-Прядильниця"", ""start"": 58, ""end"": 75}]"
b740340c0f6c9c27beb33c7f018f239897f755f577873bcced6b2d576de5a829,— Доброго дня !,[],[]
59ac0122e43886e1f5d87298e77918cc3eb3df7f852c64c1a77b0253b4be8673,"Я з видавництва ! — Голос гості , попри свою козоподібність , пролунав і вельми по-діловому , навіть трошки й офіційно — десь глибоко на його дні ( якщо в голосу є дно ) пробилися й крижані нотки , що засвідчило : гостя далеко не безвільна істота .",[],"[{""label"": ""ORG"", ""text"": ""видавництва"", ""start"": 4, ""end"": 15}, {""label"": ""PERS"", ""text"": ""гості"", ""start"": 26, ""end"": 31}, {""label"": ""PERS"", ""text"": ""гостя"", ""start"": 214, ""end"": 219}]"
f391889227fcd2bf9ed9976b0896911c0876ea0f6589431556faf61671d2045b,"Зрештою , кур’єром істота стала тільки тимчасовим , про що заявила невдовзі , і , як здогадався значно пізніше Микола , сама на те й викликалася ( в який спосіб це відбулося , з’ясувати не вдалося ) .","[{""label"": ""PERS"", ""text"": ""Микола""}]","[{""label"": ""MISC"", ""text"": ""кур’єром"", ""start"": 10, ""end"": 18}, {""label"": ""PERIOD"", ""text"": ""тимчасовим"", ""start"": 39, ""end"": 49}, {""label"": ""PERS"", ""text"": ""Микола"", ""start"": 111, ""end"": 117}]"
41d2efc6c7b096df4a1c4eccdff4ec8344bde75ba1f13dff7ee2c14164d93743,"Ба саме вона набирала Миколину книгу , бо той комп’ютером не володів .","[{""label"": ""PERS"", ""text"": ""Миколину""}]","[{""label"": ""PERS"", ""text"": ""Ба саме вона"", ""start"": 0, ""end"": 12}]"
f3918ae4289e29f420f140deede5fd99c476cb3df3f7e8fd9b8383ecb2bc14b8,"По тому Комп’ютерна Діва трохи ніяково переступила порога його кімнати-кабінету , ущерть заповненого стелажами з книгами , де , правда , залишалося місце для ліжка , стола під вікном і одного стільця ; загалом же до того стола треба було просуватися боком через тороси книжок , які на полицях уміститися не могли . Комп’ютерну Діву професор посадив на ліжко , де вона не так сиділа , як стриміла , ніби їй у спину забили кілка .","[{""label"": ""PERS"", ""text"": ""Комп’ютерна Діва""}, {""label"": ""PERS"", ""text"": ""Комп’ютерну Діву""}]","[{""label"": ""PERS"", ""text"": ""Комп’ютерна Діва"", ""start"": 8, ""end"": 24}, {""label"": ""LOC"", ""text"": ""кімнати-кабінету"", ""start"": 63, ""end"": 79}, {""label"": ""ART"", ""text"": ""стелажами з книгами"", ""start"": 101, ""end"": 120}, {""label"": ""ART"", ""text"": ""ліжка"", ""start"": 158, ""end"": 163}, {""label"": ""ART"", ""text"": ""стола під вікном"", ""start"": 166, ""end"": 182}, {""label"": ""ART"", ""text"": ""стільця"", ""start"": 192, ""end"": 199}, {""label"": ""ART"", ""text"": ""стола"", ""start"": 221, ""end"": 226}, {""label"": ""PERS"", ""text"": ""Комп’ютерну Діву"", ""start"": 315, ""end"": 331}, {""label"": ""PERS"", ""text"": ""професор"", ""start"": 332, ""end"": 340}, {""label"": ""ART"", ""text"": ""ліжко"", ""start"": 352, ""end"": 357}]"
9caee8ffc44930220b276b1f171cfd34cd29bb6cff830656d7fe6de145adc9b7,"Була в штанцятах до колін , а нижче — ноги , затягнуті чорним капроном ( чи як воно тепер зветься ) .",[],"[{""label"": ""ART"", ""text"": ""штанцятах"", ""start"": 7, ""end"": 16}, {""label"": ""ART"", ""text"": ""чорним капроном"", ""start"": 55, ""end"": 70}]"
3adbaae29448b82269d1785c0461601b031532444d2285eb3db5bd2b93ddd41b,"Сам професор підняв стільця , розвернув його в повітрі і всунув у вільний простір , скромно там примостившись .",[],"[{""label"": ""PERS"", ""text"": ""професор"", ""start"": 4, ""end"": 12}, {""label"": ""ART"", ""text"": ""стільця"", ""start"": 20, ""end"": 27}, {""label"": ""LOC"", ""text"": ""вільний простір"", ""start"": 66, ""end"": 81}]"
c6127ef35884b23a99bb32fa7d9d51c934609de9653c0fa64fc72f3f8cf7c739,"Тоді Комп’ютерна Діва й сповістила , що це вона набирає його книгу , назагал та їй сподобалася , хоча дещо й нуднувата .","[{""label"": ""PERS"", ""text"": ""Комп’ютерна Діва""}]","[{""label"": ""PERS"", ""text"": ""Комп’ютерна Діва"", ""start"": 5, ""end"": 21}, {""label"": ""ART"", ""text"": ""книгу"", ""start"": 61, ""end"": 66}]"
249312d8347804e302f88bca67649210e1f88d3291a7396568b8bcaca37f711c,"Такий комплімент утішив Миколу Лика , бо ще жодна душа не відгукувалася на його писання схвально , хоча та похвала була й стримана .","[{""label"": ""PERS"", ""text"": ""Миколу Лика""}]","[{""label"": ""PERS"", ""text"": ""Миколу Лика"", ""start"": 24, ""end"": 35}]"
de379ad3233a43231654a7cb4d83fb4e5b43db0680aaf7e6144d63528771c7d0,"Тому подивився на гостю прихильніше , а ще й ґречно запропонував каву — князівські гени в ньому часом відгукувалися .",[],"[{""label"": ""PERS"", ""text"": ""гостю"", ""start"": 18, ""end"": 23}, {""label"": ""ART"", ""text"": ""каву"", ""start"": 65, ""end"": 69}, {""label"": ""ART"", ""text"": ""князівські гени"", ""start"": 72, ""end"": 87}]"
6e1488110e01a959476375221b2220e64c4910e98aac5708c92cac35b214a3c4,"Вона подякувала , але попросила , щоб кава була без цукру .",[],"[{""label"": ""PERS"", ""text"": ""Вона"", ""start"": 0, ""end"": 4}, {""label"": ""ART"", ""text"": ""кава"", ""start"": 38, ""end"": 42}]"
607e2d8fd10d35eaa7ecd5f1b497de80b14fad01aee5c16375c40664656eefe8,"— Від цукру поправляються , — девотно сказала діловим , із крижинками , голосом , хоча професор , знову окинувши поглядом її дивоглядну худорбу , подумав , що трохи поправитися їй не зашкодило б .",[],"[{""label"": ""PERS"", ""text"": ""девотно"", ""start"": 30, ""end"": 37}, {""label"": ""JOB"", ""text"": ""професор"", ""start"": 87, ""end"": 95}]"
70593945332e3f07356762e6242bb17e954a25e422d86b2a2b3c257386a0942c,"Назагал же вона була в своїй одежі ( до штаненят ще й сірий светрик , який аж нітрохи не відтинався персами , ніби їх і не було ) , як законсервований недорослий огірок у банці . Микола не міг визначити і її віку : чи 25 , чи 35 , тобто жінка невизначеного віку : законсервована , одне слово .","[{""label"": ""PERS"", ""text"": ""Микола""}]","[{""label"": ""PERS"", ""text"": ""вона"", ""start"": 11, ""end"": 15}, {""label"": ""MISC"", ""text"": ""штаненят"", ""start"": 40, ""end"": 48}, {""label"": ""ART"", ""text"": ""сірий светрик"", ""start"": 54, ""end"": 67}, {""label"": ""MISC"", ""text"": ""законсервований"", ""start"": 135, ""end"": 150}, {""label"": ""PERS"", ""text"": ""Микола"", ""start"": 179, ""end"": 185}, {""label"": ""PERS"", ""text"": ""жінка"", ""start"": 237, ""end"": 242}]"
dff94b6ac5f418e0d9d2dab1be2fd1d1a815895932f9546883959833b59a26d4,"Пішов робити каву , архіобережно обходячи у вузькому проході її виставлені маслакуваті коліна , але хоч як старався , зачепив їх , ґречно вибачившись .",[],"[{""label"": ""LOC"", ""text"": ""вузькому проході"", ""start"": 44, ""end"": 60}]"
97adcf70441d01806869a4eefc6178c7b6275698a6803358115c5e62bc38023c,— Пусте !,[],[]
1ab98d4e5b4a08bbe4e630d997738a7b586fbaabc7b618ff74dd161b4ada07fd,Не страшно ! — мекнула беземоційно Коза .,"[{""label"": ""PERS"", ""text"": ""Коза""}]","[{""label"": ""PERS"", ""text"": ""Коза"", ""start"": 35, ""end"": 39}]"
42c5983e61e397cbf7db1abf1abaa74cbb0e72d5aed18c8290529d149625d145,"Так її мій приятель у розмові й називав , а коли я запитав про її ім’я та прізвище , то Микола зирнув на мене нетямкувато — здається , він забув тим поцікавитися , отож і мені доведеться називати Комп’ютерну Діву для різноманітності ще й Козою .","[{""label"": ""PERS"", ""text"": ""Микола""}, {""label"": ""PERS"", ""text"": ""Комп’ютерну Діву""}, {""label"": ""PERS"", ""text"": ""Козою""}]","[{""label"": ""PERS"", ""text"": ""мій приятель"", ""start"": 7, ""end"": 19}, {""label"": ""PERS"", ""text"": ""я"", ""start"": 49, ""end"": 50}, {""label"": ""PERS"", ""text"": ""Микола"", ""start"": 88, ""end"": 94}, {""label"": ""PERS"", ""text"": ""Комп’ютерну Діву"", ""start"": 196, ""end"": 212}, {""label"": ""MISC"", ""text"": ""різноманітності"", ""start"": 217, ""end"": 232}]"
95d2aa0307f8f752e93b4ac7b34f1b31d210e24bbd3425cc80a3ebdde3bdee5c,"Міг би з'єднати ці два означники : Коза як ім’я , а Комп’ютер як прізвище , але не буду пересолювати , тим більше , що вона була і Комп’ютерна Діва , й Коза , хоча натуральні кози , здається , до цього цивілізаційного рівня ще не дійшли .","[{""label"": ""PERS"", ""text"": ""Коза""}, {""label"": ""PERS"", ""text"": ""Комп’ютер""}, {""label"": ""PERS"", ""text"": ""Комп’ютерна Діва""}, {""label"": ""PERS"", ""text"": ""Коза""}]","[{""label"": ""PERS"", ""text"": ""Коза"", ""start"": 35, ""end"": 39}, {""label"": ""PERS"", ""text"": ""Комп’ютер"", ""start"": 52, ""end"": 61}, {""label"": ""PERS"", ""text"": ""Комп’ютерна Діва"", ""start"": 131, ""end"": 147}, {""label"": ""PERS"", ""text"": ""Коза"", ""start"": 152, ""end"": 156}, {""label"": ""MISC"", ""text"": ""натуральні кози"", ""start"": 164, ""end"": 179}]"
9e1233e2f9bd5f8cece6a0b5966662772cad4cf8a8da9e3b784f15853f9f5b7f,"Коли ж Микола повернувся з двома філіжанками кави на тацечці , що парувала , Коза навстоячки розглядала книжки на стелажах . Мішель мріяв вибратися з кабінету й піти світ за очі .","[{""label"": ""PERS"", ""text"": ""Микола""}, {""label"": ""PERS"", ""text"": ""Коза""}, {""label"": ""PERS"", ""text"": ""Мішель""}]","[{""label"": ""PERS"", ""text"": ""Микола"", ""start"": 7, ""end"": 13}, {""label"": ""PERS"", ""text"": ""Коза"", ""start"": 77, ""end"": 81}, {""label"": ""ART"", ""text"": ""книжки на стелажах"", ""start"": 104, ""end"": 122}, {""label"": ""PERS"", ""text"": ""Мішель"", ""start"": 125, ""end"": 131}]"
960320cc7de82129d9f308fa4cf0f561a1ead2a721a7b9a6b7accd849619aa8b,У густу світлінь ранньої осені .,[],"[{""label"": ""PERIOD"", ""text"": ""У густу світлінь ранньої осені"", ""start"": 0, ""end"": 30}]"
b6524562988e7a3ba18c012cd2ddc8b4f3f92da29770d12bc133d2dd6c7e7a01,"В синяву незмигного обрію над полем , того обрію , що ніколи не зникає , не віддаляється , але й не наближається .",[],"[{""label"": ""LOC"", ""text"": ""обрію над полем"", ""start"": 20, ""end"": 35}, {""label"": ""MISC"", ""text"": ""обрію"", ""start"": 43, ""end"": 48}]"
35891778b19f88ccc53ebd546bf6bfe4c6f4f76337a369eb422e2dd624a197c3,В зону свіжості .,[],"[{""label"": ""LOC"", ""text"": ""В зону свіжості"", ""start"": 0, ""end"": 15}]"
eeb37b01df06d2389154258d9d455277a866695d80dd4f0e9dc10594cd5ba6f5,"Йому вже вчувалися терпкі запахи прілого листя й грибів і ввижалися павутинки « бабиного літа » , що поєднали пожухлу траву з прив’ялими квітами на ній тонким прядивом .",[],"[{""label"": ""PERS"", ""text"": ""Йому"", ""start"": 0, ""end"": 4}, {""label"": ""ART"", ""text"": ""павутинки"", ""start"": 68, ""end"": 77}, {""label"": ""MISC"", ""text"": ""пожухлу траву"", ""start"": 110, ""end"": 123}]"
225e28fa120382f0d50be847a207de370e6e5f62cbe57126e1b0751354654bcd,"Або павутинки , які просто літали в повітрі й у них можна було заплутатися на мить — щоб усміхнутися та подумати : ось так і життя зникає , як кожне нове літо , і найважче , здається , в тому зниканні — то перейти ще одну осінь .",[],"[{""label"": ""MISC"", ""text"": ""павутинки"", ""start"": 4, ""end"": 13}, {""label"": ""MISC"", ""text"": ""життя"", ""start"": 125, ""end"": 130}, {""label"": ""PERIOD"", ""text"": ""кожне нове літо"", ""start"": 143, ""end"": 158}, {""label"": ""PERIOD"", ""text"": ""осінь"", ""start"": 222, ""end"": 227}]"
ba196c41f19edc2228b582c7a77ae09ea5aa99b0bb9a7863bf2e534df8c7eca9,"Добрести до зими , а там і весна забовваніє , і нове літо .",[],"[{""label"": ""PERIOD"", ""text"": ""зими"", ""start"": 12, ""end"": 16}, {""label"": ""PERIOD"", ""text"": ""весна забовваніє"", ""start"": 27, ""end"": 43}, {""label"": ""PERIOD"", ""text"": ""нове літо"", ""start"": 48, ""end"": 57}]"
68bfdbda78e7d07c30b0a655702232924ef0573c15079333973aafd81cf5e415,"Осінь була для Мішеля найкращою , найдорожчою і найстрашнішою порою року .","[{""label"": ""PERS"", ""text"": ""Мішеля""}]","[{""label"": ""PERIOD"", ""text"": ""Осінь"", ""start"": 0, ""end"": 5}, {""label"": ""LOC"", ""text"": ""Мішеля"", ""start"": 15, ""end"": 21}]"
b7280bf3090fe59df9934102ee8b2ca5dae3a504c05f534843959d34a93fa08a,"Він любив осінь і боявся кожну з них , яка надходила раптом , без видимих ознак , притьмом .",[],"[{""label"": ""PERS"", ""text"": ""Він"", ""start"": 0, ""end"": 3}, {""label"": ""PERIOD"", ""text"": ""осінь"", ""start"": 10, ""end"": 15}, {""label"": ""PERIOD"", ""text"": ""притьмом"", ""start"": 82, ""end"": 90}]"
a279258afeca269e8de8509890135a7e91ca4198065396e5f1cf8bd88e72e26f,Просто жовтіло листя клена за вікном його кабінету .,[],"[{""label"": ""ART"", ""text"": ""листя клена"", ""start"": 15, ""end"": 26}]"
6c2033e77aef13134c6be496ed1123c55875ef53525b777e83d7ec4d5345506c,Багряніло листя яблунь і вишень в його саду .,[],"[{""label"": ""LOC"", ""text"": ""його саду"", ""start"": 34, ""end"": 43}]"
46f1b3988e113e97ecdc59116e2e0305a2567ad5ff2acf75ace21e0dd8f800a8,"Падали брунатні каштани на рожеву бруківку за його будинком , падали голосно і не почути , як вони тарабанять , мов дощ із градом по камені , було неможливо .",[],"[{""label"": ""ART"", ""text"": ""брунатні каштани"", ""start"": 7, ""end"": 23}, {""label"": ""LOC"", ""text"": ""рожеву бруківку"", ""start"": 27, ""end"": 42}]"
c9076765c239ddaf824f4390c6c826b71135a453873841e52db97ac9ad11e3a0,"Просто шуміло в голові , коли йшов рясний і довгий осінній дощ , падаючи непроникною пеленою , збиваючи з гілля листя й брунатні блискучі кулі каштанів , надовго відсуваючи від шибок ясність денного світла .",[],"[{""label"": ""PERIOD"", ""text"": ""осінній дощ"", ""start"": 51, ""end"": 62}, {""label"": ""ART"", ""text"": ""листя"", ""start"": 112, ""end"": 117}, {""label"": ""ART"", ""text"": ""брунатні блискучі кулі каштанів"", ""start"": 120, ""end"": 151}]"
539bbf9f3e1cdf65845e9e492590444997263d5d495af5ee0be804757ef91c82,"Морок похмурих осінніх ночей прорізав промінь надії , коли дзвонив його мобільний телефон . Мішель хапав трубку й казав схвильоване « Альо-альо ! » .","[{""label"": ""PERS"", ""text"": ""Мішель""}]","[{""label"": ""PERIOD"", ""text"": ""похмурих осінніх ночей"", ""start"": 6, ""end"": 28}, {""label"": ""ART"", ""text"": ""мобільний телефон"", ""start"": 72, ""end"": 89}, {""label"": ""PERS"", ""text"": ""Мішель"", ""start"": 92, ""end"": 98}]"
753048617242678c69ac4ab5b6267735003c484346e5197b5dbbb1d3876a2573,Але ніхто не озивався в трубці .,[],[]
a52577115d28a5eb4ca8045b2b32653c3554e18a90a3fbaa6d2665539142c864,"І віддзвонити Мішель не міг — неприємно скрипучий голос весь час повідомляв йому , що « номер абонента НЕ відомий » .","[{""label"": ""PERS"", ""text"": ""Мішель""}]","[{""label"": ""PERS"", ""text"": ""Мішель"", ""start"": 14, ""end"": 20}]"
624e5df3510aa3d4ad3a2639826d689f8bb316e3e70244935153d124fecbf30b,"Слово « НЕ » механічний голос вимовляв особливо ретельно , підкреслюючи , що таки « НЕ » . Мішель потім довго не міг заснути , коли дзвонили йому пізньої ночі , іноді розбуркавши від солодкого сну , іноді він ще не вкладався в ліжко , але й укластися потім не поспішав .","[{""label"": ""PERS"", ""text"": ""Мішель""}]","[{""label"": ""PERS"", ""text"": ""Мішель"", ""start"": 91, ""end"": 97}, {""label"": ""PERIOD"", ""text"": ""пізньої ночі"", ""start"": 146, ""end"": 158}]"
282fbe492d8f13b74dc23bf0c7c447fe695690ba40225377ffca594318dc991c,"Він дуже хотів , щоб то дзвонила Нейті , від неї вже так давно не було жодної вісточки , а він чекав і чекав , минуло майже вісім років , як вона зникла безвісти .","[{""label"": ""PERS"", ""text"": ""Нейті""}, {""label"": ""PERIOD"", ""text"": ""вісім років""}]","[{""label"": ""PERS"", ""text"": ""Він"", ""start"": 0, ""end"": 3}, {""label"": ""PERS"", ""text"": ""Нейті"", ""start"": 33, ""end"": 38}, {""label"": ""PERS"", ""text"": ""він"", ""start"": 91, ""end"": 94}, {""label"": ""PERIOD"", ""text"": ""вісім років"", ""start"": 124, ""end"": 135}]"
909d6970e3d42a0e27b2ad1f21e37fdb417f6c944472ff7bb8e80418f9e19d48,"І всі вісім років хтось йому дзвонив ночами , з не відомого нікому номера .","[{""label"": ""PERIOD"", ""text"": ""вісім років""}]","[{""label"": ""PERIOD"", ""text"": ""вісім років"", ""start"": 6, ""end"": 17}, {""label"": ""PERS"", ""text"": ""хтось йому"", ""start"": 18, ""end"": 28}]"
f92d68d43d9304d079f89106b3bbf871c8ed3efb0dfb2181064438578bca78e0,"І всі вісім тягучих , як старий мед у викопаному археологами глеку , років обіцяли йому солодку сподіванку , але неспоживна тягучість того меду була йому зрозуміла .",[],"[{""label"": ""ART"", ""text"": ""старий мед"", ""start"": 25, ""end"": 35}, {""label"": ""LOC"", ""text"": ""викопаному археологами глеку"", ""start"": 38, ""end"": 66}, {""label"": ""PERIOD"", ""text"": ""років"", ""start"": 69, ""end"": 74}]"
9b3636754c40b1e6b95ec88fee803bb5c41d3990d04abc96dae1e2a7905b04f6,"Хоч він і вірив у те , що Нейті не назавжди згубилася .","[{""label"": ""PERS"", ""text"": ""Нейті""}]","[{""label"": ""PERS"", ""text"": ""Нейті"", ""start"": 26, ""end"": 31}]"
639c4ee610bae700b2a232a3ab8c7c0195fb76c07e8bd7af91675cf7615599d8,Десь вона є . Мішель вірив . — « Я дитинію .,"[{""label"": ""PERS"", ""text"": ""Мішель""}]","[{""label"": ""LOC"", ""text"": ""Десь"", ""start"": 0, ""end"": 4}, {""label"": ""PERS"", ""text"": ""Мішель"", ""start"": 14, ""end"": 20}]"
65850c60d769aeeff741f5b4e957eb18a7c217fd9146efaa180a2a9f3e5626d8,Я здитинів ...,[],"[{""label"": ""PERS"", ""text"": ""Я здитинів ..."", ""start"": 0, ""end"": 14}]"
11f40fda9db1e5283513d72b9ccdca1cec2f221dbd12943f0425579d68e2f571,"У мене знову є мрія , така невідступна й манлива , як буває лише в дитинстві .",[],"[{""label"": ""PERS"", ""text"": ""У мене"", ""start"": 0, ""end"": 6}, {""label"": ""ART"", ""text"": ""мрія"", ""start"": 15, ""end"": 19}]"
30a4384ef85fce3a066dcc5df9dd44f54c894df74b92724038e20df74afc2347,"Але ж чому така гірка ? » — Мішель картав себе за приступи смутку , сентиментальності , навіть і розпачу .","[{""label"": ""PERS"", ""text"": ""Мішель""}]","[{""label"": ""PERS"", ""text"": ""Мішель"", ""start"": 28, ""end"": 34}]"
4b75b1d9787201ea341ad5c39d7ffc4801024acc89c67469d60cecb5c66d1c78,"Та світився новим днем квадрат вікна , і знову день скручував і розкручував Мішеля , мов пружину .","[{""label"": ""PERS"", ""text"": ""Мішеля""}]","[{""label"": ""ART"", ""text"": ""квадрат вікна"", ""start"": 23, ""end"": 36}, {""label"": ""PERS"", ""text"": ""Мішеля"", ""start"": 76, ""end"": 82}]"
2b7c8c226eafc192df646aa7121765118ff27c8d2e623a099c150256403dc112,"Так він і жив , мов ефективна механічна пружина .",[],"[{""label"": ""PERS"", ""text"": ""він"", ""start"": 4, ""end"": 7}, {""label"": ""JOB"", ""text"": ""ефективна механічна пружина"", ""start"": 20, ""end"": 47}]"
076a433bd6e5e9980a0cc6a0b23bfaf1689f8aa68a6c9bef9d73ee8bca7154cb,"Поки не надходила знову осінь . Коли розгорівся серпень , Яна почала бити на сполох — Віталік мав повертатися додому , а це означало , що вони не будуть бачитися півроку !","[{""label"": ""DATE"", ""text"": ""серпень""}, {""label"": ""PERS"", ""text"": ""Яна""}, {""label"": ""PERS"", ""text"": ""Віталік""}, {""label"": ""PERIOD"", ""text"": ""півроку""}]","[{""label"": ""PERIOD"", ""text"": ""осінь"", ""start"": 24, ""end"": 29}, {""label"": ""PERIOD"", ""text"": ""серпень"", ""start"": 48, ""end"": 55}, {""label"": ""PERS"", ""text"": ""Яна"", ""start"": 58, ""end"": 61}, {""label"": ""PERS"", ""text"": ""Віталік"", ""start"": 86, ""end"": 93}, {""label"": ""PERIOD"", ""text"": ""півроку"", ""start"": 162, ""end"": 169}]"
e6923a0b72da14e7651006116a8a11a2aa4057cf6f453eb0fec5976f05c86e0c,Вихід був один — побратися .,[],"[{""label"": ""ART"", ""text"": ""побратися"", ""start"": 17, ""end"": 26}]"
40381f3c0c5eba9b9227e7d61ed2af10ffdc4166b3f07c7f3eae4d542b701717,"Його батьки не були проти , але одразу на оглядинах ввічливо натякнули , що грошима на житло допомогти не можуть — останнє порося заб’ють якраз до весілля . Віталік лише знизав присоромлено плечима і навіть ледь не розплакався — так йому не хотілося відпускати Яну .","[{""label"": ""PERS"", ""text"": ""Віталік""}, {""label"": ""PERS"", ""text"": ""Яну""}]","[{""label"": ""PERS"", ""text"": ""Його батьки"", ""start"": 0, ""end"": 11}, {""label"": ""MON"", ""text"": ""грошима"", ""start"": 76, ""end"": 83}, {""label"": ""MISC"", ""text"": ""житло"", ""start"": 87, ""end"": 92}, {""label"": ""PERS"", ""text"": ""Віталік"", ""start"": 157, ""end"": 164}, {""label"": ""PERS"", ""text"": ""Яну"", ""start"": 261, ""end"": 264}]"
5714096b3b8d1fde2c1828492eecd539b11c323bb87f4b32bd686641b80c03a9,Але вже було вирішено .,[],[]
162ddfe2aa93a11a81a7fb36400eeb7914947690e0f73d579f6f477e0bbba518,"Гуляти весілля — все ж таки й друзям , і родичам уже сказали . « А жити ?",[],"[{""label"": ""MISC"", ""text"": ""Гуляти весілля"", ""start"": 0, ""end"": 14}]"
7f5fd9225b7cfd845ac7ccbec0d6ec96f1eb32f2600e8aff987a1c0427da5621,У нас же дві кімнати !,[],"[{""label"": ""ORG"", ""text"": ""У нас"", ""start"": 0, ""end"": 5}]"
b9bbf8edf991edcbb00cde95507961c19791002ce09a5ab5a293846463bc9686,То й будуть молодята жити в одній .,[],[]
1c6c97103aad0bc498624e817c160cdaf93ae24b7af5cbc75f81b8564f2775d7,А ми — в іншій .,[],"[{""label"": ""PERS"", ""text"": ""ми"", ""start"": 2, ""end"": 4}, {""label"": ""MISC"", ""text"": ""іншій"", ""start"": 9, ""end"": 14}]"
34bc083420312878d7f2f410177f2aef87989d31a5ef5e4cd9deb0fefe1c2929,"Що ж робити , коли життя таке ? » — урочисто проголосив мій батько , коли побачив , із якою ніжністю його улюблениця Яна помчала втішати засмученого коханого .","[{""label"": ""PERS"", ""text"": ""Яна""}]","[{""label"": ""PERS"", ""text"": ""мій батько"", ""start"": 56, ""end"": 66}, {""label"": ""PERS"", ""text"": ""Яна"", ""start"": 117, ""end"": 120}]"
d775c3c8b166af9ba0936bd4f19d6bc67e27130d84c7d9f84d962ef55946faaf,Весілля було пишним .,[],"[{""label"": ""ART"", ""text"": ""Весілля"", ""start"": 0, ""end"": 7}]"
e07d226a87c6866a9ad1356ac93af5b4034fe4f496c3c923532df8ac16da384a,"І гуляли його в нас , удома , на київській квартирі — так захотіла Яна .","[{""label"": ""PERS"", ""text"": ""Яна""}]","[{""label"": ""LOC"", ""text"": ""київській квартирі"", ""start"": 33, ""end"": 51}, {""label"": ""PERS"", ""text"": ""Яна"", ""start"": 67, ""end"": 70}]"
f7fe23a1feaf42f9c7aa6bdc182cfc933e9fcf355d5b5b9a05322efea3bbe2aa,Гостей було більше півсотні .,[],"[{""label"": ""PERS"", ""text"": ""Гостей"", ""start"": 0, ""end"": 6}, {""label"": ""QUANT"", ""text"": ""півсотні"", ""start"": 19, ""end"": 27}]"
f00ca196bdea1d937d2fc74f49d58917c5af14f4f2ac0cc07efb6a922b873fca,Цих людей я бачила вперше .,[],"[{""label"": ""ORG"", ""text"": ""Цих людей"", ""start"": 0, ""end"": 9}]"
b6b33674c85fb4d5b6993cefd3c273718426d942b0509ef4defce5b0b851cd57,І востаннє .,[],[]
97f13f2662fe95d1a7c608cd6f5f7895dad5fe1e2ff5b0c26db3d3b8be8233df,Вони доводилися якимись водами — сьомими водами на киселі .,[],"[{""label"": ""MISC"", ""text"": ""сьомими водами"", ""start"": 33, ""end"": 47}]"
cab7e3a20b2bc71ab4b783b58411bc7a9a076cc5d9218adc78f5417b4f633d25,"Всі привозили клунки , картонні коробки , обтяті подарунковим папером , хтось тицяв конвертами , всі цілували наречену та нареченого , казали , яка ж вони пара ! Яна від радощів була схожа на красиву дріжджову паляницю , яка залилася рум’янцем .","[{""label"": ""PERS"", ""text"": ""Яна""}]","[{""label"": ""PERS"", ""text"": ""Всі"", ""start"": 0, ""end"": 3}, {""label"": ""ART"", ""text"": ""клунки"", ""start"": 14, ""end"": 20}, {""label"": ""ART"", ""text"": ""картонні коробки"", ""start"": 23, ""end"": 39}, {""label"": ""ART"", ""text"": ""обтяті подарунковим папером"", ""start"": 42, ""end"": 69}, {""label"": ""PERS"", ""text"": ""хтось"", ""start"": 72, ""end"": 77}, {""label"": ""ART"", ""text"": ""конвертами"", ""start"": 84, ""end"": 94}, {""label"": ""PERS"", ""text"": ""всі"", ""start"": 97, ""end"": 100}, {""label"": ""PERS"", ""text"": ""наречену"", ""start"": 110, ""end"": 118}, {""label"": ""PERS"", ""text"": ""нареченого"", ""start"": 122, ""end"": 132}, {""label"": ""PERS"", ""text"": ""Яна"", ""start"": 162, ""end"": 165}]"
86acbab709a9b304c871037bf17453158f62812e93fece33c78616874aa62909,"Маленька , трохи схудла — до весілля Яна мужньо пила три дні одну лише воду — хотіла очистити організм від шлаків та зайвої ваги — у пишній сукні , купленій в салоні в тимчасове користування , — вона нагадувала розпашілу , енергійну принцесу — зі старих радянських кіноказок , коли принцеси не були ще засушеними каланчами .","[{""label"": ""PERS"", ""text"": ""Яна""}, {""label"": ""PERIOD"", ""text"": ""три дні""}]","[{""label"": ""PERS"", ""text"": ""Маленька"", ""start"": 0, ""end"": 8}, {""label"": ""PERS"", ""text"": ""Яна"", ""start"": 37, ""end"": 40}, {""label"": ""PERIOD"", ""text"": ""три дні"", ""start"": 53, ""end"": 60}, {""label"": ""ART"", ""text"": ""воду"", ""start"": 71, ""end"": 75}, {""label"": ""ART"", ""text"": ""пишній сукні"", ""start"": 133, ""end"": 145}, {""label"": ""ORG"", ""text"": ""салоні"", ""start"": 159, ""end"": 165}]"
6561c3afd27df3d3e8de3e8c648601f51a5f910585793d035eea16ced8133f67,"Поряд із нею Віталік виглядав стародавнім українським короваєм , котрий , за старим обрядовим звичаєм , пекли не завширшки , а вздовж , як довгу жердину .","[{""label"": ""PERS"", ""text"": ""Віталік""}]","[{""label"": ""PERS"", ""text"": ""Віталік"", ""start"": 13, ""end"": 20}, {""label"": ""ART"", ""text"": ""стародавнім українським короваєм"", ""start"": 30, ""end"": 62}, {""label"": ""ART"", ""text"": ""довгу жердину"", ""start"": 139, ""end"": 152}]"
3c2f86273ef0d74d36e4ebe60411d5e4ad48e9ed128feadbbcf202ae16db397d,"Високий , зі здоровими дужими руками й долонями , наче лопати , небагатослівний , він весь час тримався Яни , ніби боявся , що вона кудись зникне .","[{""label"": ""PERS"", ""text"": ""Яни""}]","[{""label"": ""PERS"", ""text"": ""Високий"", ""start"": 0, ""end"": 7}, {""label"": ""ART"", ""text"": ""лопати"", ""start"": 55, ""end"": 61}, {""label"": ""PERS"", ""text"": ""Яни"", ""start"": 104, ""end"": 107}]"
063456beb9b4971b4f4563b41bf6026cc4e782054b8b22544cf363f6787c1b84,"Вони оселилися в колись нашій із сестрою кімнаті , а мене остаточно виселили на балкон .",[],"[{""label"": ""LOC"", ""text"": ""кімнаті"", ""start"": 41, ""end"": 48}, {""label"": ""PERS"", ""text"": ""мене"", ""start"": 53, ""end"": 57}, {""label"": ""LOC"", ""text"": ""балкон"", ""start"": 80, ""end"": 86}]"
7b7060e380c3a32674ed2191922b758cc54975a7b99d097821ad2f0c4ee8baca,"Його утеплили , обшили , поставили обігрівач та білі горизонтальні жалюзі на вікна з того боку , де було вікно в кімнату .",[],"[{""label"": ""ART"", ""text"": ""обігрівач"", ""start"": 35, ""end"": 44}, {""label"": ""ART"", ""text"": ""білі горизонтальні жалюзі"", ""start"": 48, ""end"": 73}, {""label"": ""LOC"", ""text"": ""кімнату"", ""start"": 113, ""end"": 120}]"
0dbb8de1dfc85af4f6fd2e9e1a2e22f6bf615aa6349642a58be4fd6a99d622a0,"Перед тим як вийти з балкона ( не лише на заняття , але навіть на кухню чи у ванну ) , аби не поставити зятя в незручне становище , мені звелено було стукатися у двері .",[],"[{""label"": ""LOC"", ""text"": ""балкона"", ""start"": 21, ""end"": 28}, {""label"": ""LOC"", ""text"": ""кухню"", ""start"": 66, ""end"": 71}, {""label"": ""LOC"", ""text"": ""ванну"", ""start"": 77, ""end"": 82}, {""label"": ""PERS"", ""text"": ""зятя"", ""start"": 104, ""end"": 108}, {""label"": ""PERS"", ""text"": ""мені"", ""start"": 132, ""end"": 136}]"
afbf713a4a210aa6b2509af9f8294fdfc78daff104a732c3bf41fdbdcc23e1d1,Якщо Яна давала згоду — я могла вийти .,"[{""label"": ""PERS"", ""text"": ""Яна""}]","[{""label"": ""PERS"", ""text"": ""Яна"", ""start"": 5, ""end"": 8}, {""label"": ""PERS"", ""text"": ""я"", ""start"": 24, ""end"": 25}]"
61fdf511c2f01ca3a8349c9c5cc4dd82c928652fff4c59ad2bbdb28cceef393a,"Це , мабуть , була єдина незручність .",[],[]
9841cbd0c0f1d56a4db3aee4357a32886b7ffce89f7803884dc9d568fb384d29,"А так — я знову повернулася у свій куточок , і хай він був маленьким , але все в ньому було моїм , спокійним , затишним — ніхто до мене не заходив , лише інколи ввечері Віталік буває покличе до вечері , яку тепер готувала лише Яна .","[{""label"": ""PERS"", ""text"": ""Віталік""}, {""label"": ""PERS"", ""text"": ""Яна""}]","[{""label"": ""PERS"", ""text"": ""я"", ""start"": 8, ""end"": 9}, {""label"": ""LOC"", ""text"": ""свій куточок"", ""start"": 30, ""end"": 42}, {""label"": ""PERS"", ""text"": ""мене"", ""start"": 131, ""end"": 135}, {""label"": ""PERS"", ""text"": ""Віталік"", ""start"": 169, ""end"": 176}, {""label"": ""PERS"", ""text"": ""Яна"", ""start"": 227, ""end"": 230}]"
587c629c08d43cfe18998579a219638639d082ff8d744514aa0dd989bfe0abf0,Всі обов’язки на кухні вона переклала на себе .,[],"[{""label"": ""LOC"", ""text"": ""кухні"", ""start"": 17, ""end"": 22}, {""label"": ""PERS"", ""text"": ""вона"", ""start"": 23, ""end"": 27}, {""label"": ""PERS"", ""text"": ""себе"", ""start"": 41, ""end"": 45}]"
664193d55a6b639863d1a350f993abc6524b027eccb1bc2dbc71f243851c662a,"Виліплювала пиріжки з усіляким начинням , варила гречану кашу з морквою та цибулею , терла картоплю на радянській залізній тертці на деруни , варила борщ із щавлю чи червоного буряка .",[],"[{""label"": ""MISC"", ""text"": ""пиріжки з усіляким начинням"", ""start"": 12, ""end"": 39}, {""label"": ""MISC"", ""text"": ""гречану кашу з морквою та цибулею"", ""start"": 49, ""end"": 82}, {""label"": ""MISC"", ""text"": ""борщ із щавлю чи червоного буряка"", ""start"": 149, ""end"": 182}]"
a1dcfad8f870eb6c15b5e81813c611067cfc21582cebba34cfcc26312e044de5,"Батьки дивилися на неї із захватом і щовечора примовляли : « Бачиш , Віталю , яка тобі дружина хазяйновита дісталася ! » . На подвір’ї галасували птахи , перелітаючи з гілки на гілку старих дерев , здається , птахи тут ніколи не стихають , а дерева , вже налиті соковитими плодами , вгиналися ледь не до землі важким віттям , у траві я зауважив опалі плоди , очевидно , їх зірвав вітер .","[{""label"": ""PERS"", ""text"": ""Віталю""}]","[{""label"": ""PERS"", ""text"": ""Батьки"", ""start"": 0, ""end"": 6}, {""label"": ""PERIOD"", ""text"": ""щовечора"", ""start"": 37, ""end"": 45}, {""label"": ""PERS"", ""text"": ""Віталю"", ""start"": 69, ""end"": 75}, {""label"": ""LOC"", ""text"": ""подвір’ї"", ""start"": 126, ""end"": 134}, {""label"": ""ART"", ""text"": ""старих дерев"", ""start"": 183, ""end"": 195}, {""label"": ""ART"", ""text"": ""дерева"", ""start"": 242, ""end"": 248}, {""label"": ""ART"", ""text"": ""опалі плоди"", ""start"": 345, ""end"": 356}]"
61fedc695cf40078d4e3c36f7c4a3d189a814301792187881bdcd5f855774eb9,"Пусткою від саду вже не віяло , може , тому , що тут тепер жив Барс ?","[{""label"": ""PERS"", ""text"": ""Барс""}]","[{""label"": ""LOC"", ""text"": ""Пусткою від саду"", ""start"": 0, ""end"": 16}, {""label"": ""PERS"", ""text"": ""Барс"", ""start"": 63, ""end"": 67}]"
677ffa026af42a341480af3011c4afed4f8ff2663675339c848b8b57f5c326c4,"Чи тому , що сюди приходжу я ?",[],[]
da9153b9e4f19f08bcb86aba8dc9bd762633df503da6ec3fb0be1a48616a7850,Висока м’яка трава на галявинці в саду притягнула мене до себе своєю ніжністю .,[],"[{""label"": ""ART"", ""text"": ""Висока м’яка трава"", ""start"": 0, ""end"": 18}, {""label"": ""LOC"", ""text"": ""галявинці в саду"", ""start"": 22, ""end"": 38}, {""label"": ""PERS"", ""text"": ""мене"", ""start"": 50, ""end"": 54}]"
58ce74eb21cc8ba58aaca43edd4462a844309069a5e959d971cc07dcdc121ca9,"Я опустився на неї й припав до неї теплої , пронизаної сонцем .",[],"[{""label"": ""PERS"", ""text"": ""Я"", ""start"": 0, ""end"": 1}]"
c74347ab76a4f44fc58ab95ac26090ce52b9cdaf3590b7a621dcb0cf64cbec1a,"Від нагрітої землі йшов дух умиротворення і водночас невгамовної сили , яку я відчував , як , напевно , відчуває стомлена людина , мені не хотілося звідси йти .",[],"[{""label"": ""LOC"", ""text"": ""нагрітої землі"", ""start"": 4, ""end"": 18}, {""label"": ""PERS"", ""text"": ""я"", ""start"": 76, ""end"": 77}, {""label"": ""PERS"", ""text"": ""стомлена людина"", ""start"": 113, ""end"": 128}, {""label"": ""PERS"", ""text"": ""мені"", ""start"": 131, ""end"": 135}]"
66e2b4eb30a1514852ce5b5e35399e107683ccf18a77ba9ae29e9b43c4711908,"Я ліг горілиць і дивився , як світиться наді мною блакитне , аж до білого , небо . Барс , походивши біля мене колами , м’яко стрибнув мені на груди і за мить заснув , скрутившись клубочком .","[{""label"": ""PERS"", ""text"": ""Барс""}]","[{""label"": ""PERS"", ""text"": ""Я"", ""start"": 0, ""end"": 1}, {""label"": ""PERS"", ""text"": ""Барс"", ""start"": 83, ""end"": 87}, {""label"": ""PERS"", ""text"": ""мені"", ""start"": 134, ""end"": 138}]"
71e6b45af113b82a282811514f21c320bbff64808ffb4434023a3c513554df3b,"Якщо я правильно зрозумів , то він почувався щасливим .",[],"[{""label"": ""PERS"", ""text"": ""я"", ""start"": 5, ""end"": 6}, {""label"": ""PERS"", ""text"": ""він"", ""start"": 31, ""end"": 34}]"
cf1b206b7fa7643f73d7ac3c90b5f8d8f009d430bdc8f7e2e6ed708e44300277,Я — теж . Нейті блукала містом недовго .,"[{""label"": ""PERS"", ""text"": ""Нейті""}]","[{""label"": ""PERS"", ""text"": ""Я"", ""start"": 0, ""end"": 1}, {""label"": ""PERS"", ""text"": ""Нейті"", ""start"": 10, ""end"": 15}, {""label"": ""LOC"", ""text"": ""містом"", ""start"": 24, ""end"": 30}, {""label"": ""PERIOD"", ""text"": ""недовго"", ""start"": 31, ""end"": 38}]"
d8ab3521fbb11f1329933cb2904be8ed904d7ed75f26c23b2ec832dbcbd527f0,"Вдихала запахи ранкових вулиць , ностальгійно зупинялася очима на заквітчаних балкончиках і на зачинених або навстіж відчинених вікнах .",[],"[{""label"": ""LOC"", ""text"": ""ранкових вулиць"", ""start"": 15, ""end"": 30}, {""label"": ""LOC"", ""text"": ""заквітчаних балкончиках"", ""start"": 66, ""end"": 89}, {""label"": ""ART"", ""text"": ""зачинених або навстіж відчинених вікнах"", ""start"": 95, ""end"": 134}]"
e76277af0081981bfd569aa1994d1e566f4553b737311a926ab72a46c90cc8e6,Її не покидало відчуття радісного впізнавання .,[],"[{""label"": ""PERS"", ""text"": ""Її"", ""start"": 0, ""end"": 2}]"
dce7b6f98be4398ca0d3aaf73cc4ff118e13c93699a20e32feb0604ee22126bd,"Вона пригадувала місто , як пригадують іноді забуту людину за крихтами спогадів , за силуетом , за навіть не голосом , а тільки луною голосу ...",[],"[{""label"": ""PERS"", ""text"": ""Вона"", ""start"": 0, ""end"": 4}, {""label"": ""LOC"", ""text"": ""місто"", ""start"": 17, ""end"": 22}, {""label"": ""PERS"", ""text"": ""людину"", ""start"": 52, ""end"": 58}, {""label"": ""ART"", ""text"": ""силуетом"", ""start"": 85, ""end"": 93}]"
84401d900f0992a95370dd03af4ce6214d28ae23efa9ac12d83044ab8febfd69,"Зупинившись перед відомим фешенебельним готелем , який не надто змінився після зсуву часів , а виглядало , що й зовсім не змінився , хіба , може , недавно його реставрували ? — Нейті милувалася відкритою терасою , за столиками на якій сиділо вже немало людей .","[{""label"": ""PERS"", ""text"": ""Нейті""}]","[{""label"": ""ORG"", ""text"": ""відомим фешенебельним готелем"", ""start"": 18, ""end"": 47}, {""label"": ""PERIOD"", ""text"": ""зсуву часів"", ""start"": 79, ""end"": 90}, {""label"": ""PERS"", ""text"": ""Нейті"", ""start"": 177, ""end"": 182}, {""label"": ""LOC"", ""text"": ""відкритою терасою"", ""start"": 194, ""end"": 211}, {""label"": ""ART"", ""text"": ""столиками"", ""start"": 217, ""end"": 226}]"
95d23e51b33218945ba44cf28e611b559fa84ad825b6c5d1c85c62f0f0873106,Їй теж захотілося тут поснідати .,[],"[{""label"": ""PERS"", ""text"": ""Їй"", ""start"": 0, ""end"": 2}, {""label"": ""LOC"", ""text"": ""тут"", ""start"": 18, ""end"": 21}]"
7d5be10dc40d90ea07c7816ff983ce137bf11bae15ffd31068d9f75f528807f2,"Але , ступивши кілька кроків назустріч смачним ароматам , вона зупинилася — згадала , що не має ні готівки , ні картки при собі .",[],"[{""label"": ""PERS"", ""text"": ""вона"", ""start"": 58, ""end"": 62}, {""label"": ""MON"", ""text"": ""готівки"", ""start"": 99, ""end"": 106}, {""label"": ""ART"", ""text"": ""картки"", ""start"": 112, ""end"": 118}]"
a2207c58a44759825fec8f69ef573858bf9e1e94dd5c68b303a45e48a5c78f65,"В голові паморочилося , можливо , від легкої втоми , Нейті відчула , що її ноги аж просяться присісти десь ось тут .","[{""label"": ""PERS"", ""text"": ""Нейті""}]","[{""label"": ""PERS"", ""text"": ""Нейті"", ""start"": 53, ""end"": 58}, {""label"": ""LOC"", ""text"": ""десь ось тут"", ""start"": 102, ""end"": 114}]"
5a6ed3f1f6b8953972eb740460a89a4cd5e2886f9f9a2c9bfc6a69078f4505ed,"Проте вона усвідомлювала , що краще їй звідси піти .",[],"[{""label"": ""PERS"", ""text"": ""вона"", ""start"": 6, ""end"": 10}]"
13234e580e50b9c8f1108319a642e81f58e465f0fe616ef14e21184629836d9b,"Раптом їй здалося , що вона чує голоси Еллін і Жан-Поля — начебто саме від крайнього столика . Нейті прислухалася .","[{""label"": ""PERS"", ""text"": ""Еллін""}, {""label"": ""PERS"", ""text"": ""Жан-Поля""}, {""label"": ""PERS"", ""text"": ""Нейті""}]","[{""label"": ""PERS"", ""text"": ""Еллін"", ""start"": 39, ""end"": 44}, {""label"": ""PERS"", ""text"": ""Жан-Поля"", ""start"": 47, ""end"": 55}, {""label"": ""LOC"", ""text"": ""крайнього столика"", ""start"": 75, ""end"": 92}, {""label"": ""PERS"", ""text"": ""Нейті"", ""start"": 95, ""end"": 100}]"
f4938d373b2a03480a2918ec0ca7c2998aa93f4c1806e7be8a8b3272cef2bd6a,Потім повільно повернула голову в той бік .,[],[]
ec01d79660427b9f090928cc12a75be10c6a0a57064b46b89c43811393b01103,"Їй здалося , що вона сходить з розуму .",[],"[{""label"": ""PERS"", ""text"": ""Їй"", ""start"": 0, ""end"": 2}, {""label"": ""PERS"", ""text"": ""вона"", ""start"": 16, ""end"": 20}]"
c670bab315d373d3a2eab00d6c6f3f167618753bd791f2052b7924a64343ec47,"Бо за столиком вона побачила не тільки Еллін і Жан-Поля з Джоном , а що тут такого ?","[{""label"": ""PERS"", ""text"": ""Еллін""}, {""label"": ""PERS"", ""text"": ""Жан-Поля""}, {""label"": ""PERS"", ""text"": ""Джоном""}]","[{""label"": ""PERS"", ""text"": ""Еллін"", ""start"": 39, ""end"": 44}, {""label"": ""PERS"", ""text"": ""Жан-Поля"", ""start"": 47, ""end"": 55}, {""label"": ""PERS"", ""text"": ""Джоном"", ""start"": 58, ""end"": 64}]"
5328aa48a3697bb69b8708803c4caece1e6ae98e5e135ce2477ea879708277e1,"Простий збіг обставин привів її туди , де вони в цьому місті снідали , і це ж неподалік їхньої — і їх , і її — лікарні ! — але вона явно побачила , що з ними сидять ще двоє чоловіків і жінка , і один із чоловіків — Мішель ! Нейті дивилася , забувши про страх бути поміченою . Мішель їй не привидівся — то був він , вона впізнала б його , навіть якби вони не бачилися ще тисячу літ , вона впізнала б його навіть у присмерку , коли люди схожі між собою , як тіні , а надворі був сонячний ранок , налитий по вінця світлом . Мішель її не помітив , та й не міг помітити він — дивився на молоду жінку , яка сиділа напроти , між Еллін і Джоном , — Мішель дивився на красиву , дуже красиву , неймовірно красиву жінку — а вона всміхалася , дивлячись на нього , і Жан-Поль , який сидів поряд із Мішелем , теж дивився на ту жінку , і Еллін дивилася , і Джон , і той ще один чоловік , — він здався Нейті знайомим , ніби вона десь його бачила , або його самого , або лише його портрет ... Дорогі у Христі брати і сестри ! Двадцять років тому наш народ підтвердив свій вибір — жити у самостійній , незалежній державі .","[{""label"": ""PERS"", ""text"": ""Мішель""}, {""label"": ""PERS"", ""text"": ""Нейті""}, {""label"": ""PERS"", ""text"": ""Мішель""}, {""label"": ""PERIOD"", ""text"": ""тисячу літ""}, {""label"": ""PERS"", ""text"": ""Мішель""}, {""label"": ""PERS"", ""text"": ""Еллін""}, {""label"": ""PERS"", ""text"": ""Джоном""}, {""label"": ""PERS"", ""text"": ""Мішель""}, {""label"": ""PERS"", ""text"": ""Жан-Поль""}, {""label"": ""PERS"", ""text"": ""Мішелем""}, {""label"": ""PERS"", ""text"": ""Еллін""}, {""label"": ""PERS"", ""text"": ""Джон""}, {""label"": ""PERS"", ""text"": ""Нейті""}, {""label"": ""PERS"", ""text"": ""Христі""}, {""label"": ""PERIOD"", ""text"": ""Двадцять років""}]","[{""label"": ""PERS"", ""text"": ""її"", ""start"": 29, ""end"": 31}, {""label"": ""PERS"", ""text"": ""вона"", ""start"": 127, ""end"": 131}, {""label"": ""PERS"", ""text"": ""Мішель"", ""start"": 215, ""end"": 221}, {""label"": ""PERS"", ""text"": ""Нейті"", ""start"": 224, ""end"": 229}, {""label"": ""PERS"", ""text"": ""Мішель"", ""start"": 276, ""end"": 282}, {""label"": ""PERIOD"", ""text"": ""тисячу літ"", ""start"": 370, ""end"": 380}, {""label"": ""PERS"", ""text"": ""Мішель"", ""start"": 521, ""end"": 527}, {""label"": ""PERS"", ""text"": ""Еллін"", ""start"": 622, ""end"": 627}, {""label"": ""PERS"", ""text"": ""Джоном"", ""start"": 630, ""end"": 636}, {""label"": ""PERS"", ""text"": ""Мішель"", ""start"": 641, ""end"": 647}, {""label"": ""PERS"", ""text"": ""Жан-Поль"", ""start"": 754, ""end"": 762}, {""label"": ""PERS"", ""text"": ""Мішелем"", ""start"": 785, ""end"": 792}, {""label"": ""PERS"", ""text"": ""Еллін"", ""start"": 823, ""end"": 828}, {""label"": ""PERS"", ""text"": ""Джон"", ""start"": 842, ""end"": 846}, {""label"": ""PERS"", ""text"": ""Нейті"", ""start"": 886, ""end"": 891}, {""label"": ""PERIOD"", ""text"": ""Двадцять років тому"", ""start"": 1009, ""end"": 1028}]"
d60b1c958a8ae830be63d52f45097eead39e22c3ea694084c740db53b43e0c47,"Перед нами відкрилися великі можливості , а разом з тим з’явилася і велика надія , що нарешті , після століть поневолення і розділень , наша держава духовно й матеріально розквітне .","[{""label"": ""PERIOD"", ""text"": ""століть""}]","[{""label"": ""PERIOD"", ""text"": ""століть поневолення і розділень"", ""start"": 102, ""end"": 133}, {""label"": ""ORG"", ""text"": ""наша держава"", ""start"": 136, ""end"": 148}]"
6a7b0f857176b827e38220a06c4243ed1df8abf5c62412d90597b19dcba0e04b,"Відтоді минуло два десятиліття , позначених і здобутками , які маємо цінувати , і гіркими розчаруваннями , через які , однак , не слід впадати у відчай .","[{""label"": ""PERIOD"", ""text"": ""два десятиліття""}]","[{""label"": ""PERIOD"", ""text"": ""два десятиліття"", ""start"": 15, ""end"": 30}]"
a7988afc99f18cea5047ce9494d44712173339ab9d914bcdc6bdb7ca7ec1849c,"Всім зрозуміло , що українське суспільство не може зупинятися на досягнутому .",[],"[{""label"": ""ORG"", ""text"": ""українське суспільство"", ""start"": 20, ""end"": 42}]"
af7e016f77f47db07de0e8739bc69c9ecfb4d3f6a6d6a9d0b1d8f699759e1918,"Тим більше , що виросло нове покоління українців , не обтяжених вадами радянського минулого .",[],"[{""label"": ""PERS"", ""text"": ""нове покоління українців"", ""start"": 24, ""end"": 48}]"
475afebd97c6ece34c895a9e6a42f7f15fc05a3f540f6ab30280eb662b790aff,"Хочеться , щоби вони жили краще та свої перші кроки у самостійному житті робили в суспільстві з правдивими й міцними підвалинами .",[],"[{""label"": ""PERS"", ""text"": ""вони"", ""start"": 16, ""end"": 20}, {""label"": ""ORG"", ""text"": ""суспільстві"", ""start"": 82, ""end"": 93}]"
68f7825b9522c6ad965f6c85d73f545e6681c803632013af60548fd48e9b7392,"Нині є принагідний час , аби спитати власне сумління та один одного — в чому причина наших тривалих негараздів та як налагодити гідне життя суспільства ? Бог дав нашому народу все необхідне — родючі землі , бажання і вміння працювати , мирну вдачу , державну незалежність та багато іншого .","[{""label"": ""PERS"", ""text"": ""Бог""}]","[{""label"": ""PERIOD"", ""text"": ""Нині є принагідний час"", ""start"": 0, ""end"": 22}, {""label"": ""LOC"", ""text"": ""родючі землі"", ""start"": 192, ""end"": 204}, {""label"": ""MISC"", ""text"": ""мирну вдачу"", ""start"": 236, ""end"": 247}, {""label"": ""MISC"", ""text"": ""державну незалежність"", ""start"": 250, ""end"": 271}]"
f693faaec30c5755b3f1c127e7aa85aeacdc52765365713572c2a63ed8946362,"Найголовніше ж — Бог дарував кожній людині особисту свободу , здатності розуму й віри , щоб ми могли пізнавати Його благу волю , любити і творити добро .","[{""label"": ""PERS"", ""text"": ""Бог""}]","[{""label"": ""PERS"", ""text"": ""Бог"", ""start"": 17, ""end"": 20}, {""label"": ""PERS"", ""text"": ""кожній людині"", ""start"": 29, ""end"": 42}]"
02f03a4b783e926e2816c6f18aa63d037222a7fb70dcbf2bb74080abf9666161,Але чи використовуємо ми ці Божі дари як належить ?,"[{""label"": ""PERS"", ""text"": ""Божі""}]","[{""label"": ""ART"", ""text"": ""Божі дари"", ""start"": 28, ""end"": 37}]"
eb44b9738d67cbeb3a28ac582755acf67f642af683a4ca95e4cbbd3213aaef86,Людина — насамперед духовна істота .,[],"[{""label"": ""PERS"", ""text"": ""Людина"", ""start"": 0, ""end"": 6}]"
612712bfa684c197b7c2cc93911455f4ba6d6933d9d0433c62393eab5777efb6,Її зовнішні успіхи чи поразки є наслідком доброго чи хибного духовного життя .,[],[]
b24346dedce9be632004caf29db1a9d625beacdd93b87d6a08b9e13960cc240e,Це є справедливим і для всього суспільства .,[],[]
d8356ea1dc9aef0d81a4b07a3097baf337ae098770abe087786cbff21c5a49a6,"Тому не будемо шукати винних ззовні — головна причина негараздів прихована в нас самих , в духовній кризі , яка роз’їдає наше суспільство .",[],"[{""label"": ""MISC"", ""text"": ""духовній кризі"", ""start"": 91, ""end"": 105}]"
3fde978a4ffc52f36c3a63d060874a6a6dd7b59d23aa9824bab5bb88143706fe,"За десятиліття панування безбожництва серед багатьох укорінилася думка , що перше місце у житті належить матеріальним речам .","[{""label"": ""PERIOD"", ""text"": ""десятиліття""}]","[{""label"": ""PERS"", ""text"": ""багатьох"", ""start"": 44, ""end"": 52}, {""label"": ""ART"", ""text"": ""матеріальним речам"", ""start"": 105, ""end"": 123}]"
ce3dfdae76cad209e26ac06e3a2be9ea396ec949b99d035cbacb5aa372a2fd50,"Для таких людей багатство і можливості , які воно дає , стали ідеалом і сенсом життя .",[],[]
17b871d9d5c09c638396bae13cb0c375be2e06aaa0b80f17635cf84480000c43,"Але матеріальне багатство при духовній убогості завжди породжує в людині гедонізм ( гонитву за насолодами ) та егоїзм ( самолюбство ) , які призводять до корупції , тобто руйнування , у всіх сферах життя — державній , політичній , суспільній та особистій .",[],"[{""label"": ""MON"", ""text"": ""матеріальне багатство"", ""start"": 4, ""end"": 25}, {""label"": ""PERS"", ""text"": ""людині"", ""start"": 66, ""end"": 72}, {""label"": ""MISC"", ""text"": ""державній"", ""start"": 206, ""end"": 215}]"
ac0c5601e79831dbfbf071a176cc58d8680756dc507b9ed9c4a0fd14cf3193bf,"З року в рік багато хто переконує народ , що подолати негаразди та досягти справжнього загального блага можна лише тоді , коли успішно працюватиме економічна структура держави .",[],"[{""label"": ""PERIOD"", ""text"": ""З року в рік"", ""start"": 0, ""end"": 12}, {""label"": ""PERS"", ""text"": ""багато хто"", ""start"": 13, ""end"": 23}, {""label"": ""ORG"", ""text"": ""економічна структура держави"", ""start"": 147, ""end"": 175}]"
887c35b8d5658c1cb33fc98c42c302656b5ae97bb7374d46721013f1347fc259,"Але першоджерело суспільних негараздів — не матеріальна , а духовна убогість !",[],"[{""label"": ""ART"", ""text"": ""духовна убогість"", ""start"": 60, ""end"": 76}]"
1aa1b86329e51aeee80db48dab35516f69daa5e9c41dd35366ad62c9513fa733,"Тому справді подолати різного роду кризи ми зможемо лише шляхом зміни суспільних і особистих пріоритетів , коли на перше місце стане не тимчасове , матеріальне , а вічне , духовне — те , що залишається цінним навіть після смерті .",[],"[{""label"": ""MISC"", ""text"": ""суспільних і особистих пріоритетів"", ""start"": 70, ""end"": 104}, {""label"": ""MON"", ""text"": ""вічне , духовне"", ""start"": 164, ""end"": 179}]"
e313ac848f0d88996063eeaac97d01c02a6d8aeda3809dcdb42ff8053cf13e36,"Згадаймо слова Євангелія : « Глядіть , остерігайтеся користолюбства , бо життя людини не залежить від багатства її маєтку » .","[{""label"": ""ART"", ""text"": ""Євангелія""}]","[{""label"": ""PERS"", ""text"": ""людини"", ""start"": 79, ""end"": 85}]"
a31ce639fb903dd1d85e7c325dc1b0479e4f37b58730d5e49b53d23f0ac1b13f,"Без духовного фундаменту будь-які реформи та зміни залишаться безплідним замкненим колом , у якому суспільство блукає вже не один рік .","[{""label"": ""PERIOD"", ""text"": ""один рік""}]","[{""label"": ""ORG"", ""text"": ""суспільство"", ""start"": 99, ""end"": 110}, {""label"": ""PERIOD"", ""text"": ""не один рік"", ""start"": 122, ""end"": 133}]"
3d408fd58d16a5f0fb0a292d5f9e2d9e51945316af527f0b32e590049a59d531,"Здорову ж державну спільноту зможемо побудувати лише на основі традиційних для нашого народу духовних засад , утвердження яких зміцнить і матеріальний добробут — але аж ніяк не навпаки !",[],"[{""label"": ""ORG"", ""text"": ""Здорову ж державну спільноту"", ""start"": 0, ""end"": 28}, {""label"": ""MON"", ""text"": ""матеріальний добробут"", ""start"": 138, ""end"": 159}]"
fddf25d3d0f035557401ba67b7736f2bbda677f1e6d333ea45490948b3d6be7d,Такими засадами є :,[],[]
0096aebe524ad245c54703fd8af4bee45ded2354ca863cabb1b6a9f0db58d0b8,1 .,[],[]
81d665db22c12533070a8839eb11a4c99df8d65913e2c68061dfe090ac5f7599,"Поставити на перше місце в житті Бога і Його правду : « Кращий для мене Закон уст Твоїх , ніж тисячі золота й срібла » .","[{""label"": ""PERS"", ""text"": ""Бога""}]","[{""label"": ""PERS"", ""text"": ""Бога"", ""start"": 33, ""end"": 37}]"
36fb8073d722e4731f45b96094eb5defacf9bdc90ff28eba9195f52b53a7e639,2 .,[],[]
32aedd788896dd6bc96e754aae79a1099c3569911c766c1833c5f431997bdf0f,"Пам’ятати , що кожна людина є образ Божий , Господнє творіння і Його улюблена дитина : « Сам Цей Дух свідчить разом із духом нашим , що ми діти Божі .","[{""label"": ""PERS"", ""text"": ""Божий""}, {""label"": ""PERS"", ""text"": ""Господнє""}, {""label"": ""PERS"", ""text"": ""Дух""}, {""label"": ""PERS"", ""text"": ""Божі""}]","[{""label"": ""PERS"", ""text"": ""кожна людина"", ""start"": 15, ""end"": 27}, {""label"": ""ART"", ""text"": ""Господнє творіння"", ""start"": 44, ""end"": 61}]"
0915effd3ab1b21d49328d37a3f9f7e66138d6f3b547acbdf47036bb1087e19c,"А коли діти , то й спадкоємці , спадкоємці ж Божі , а співспадкоємці Христові ... » .","[{""label"": ""PERS"", ""text"": ""Божі""}, {""label"": ""PERS"", ""text"": ""Христові""}]",[]
f6cfefbf17c741d51650968de13abda2752b6b8b521cf803240a1ffef2c3bde7,3 .,[],[]
77ea8673e5bc7f05b5daba079805f38c61fbf0d456c7274dfed0ce36d503a2a5,"Те , що шануємо і цінуємо в собі та для себе , переносити на всіх інших людей , — таких же Божих дітей , як і ми : « Як хочете , щоб робили вам люди , так і ви робіть їм » .","[{""label"": ""PERS"", ""text"": ""Божих""}]","[{""label"": ""PERS"", ""text"": ""людей"", ""start"": 72, ""end"": 77}, {""label"": ""PERS"", ""text"": ""люди"", ""start"": 144, ""end"": 148}, {""label"": ""PERS"", ""text"": ""ви"", ""start"": 157, ""end"": 159}]"
a7e021c2362a835bd338ff409ec43dcb43540e296ddf14ce9b9fe40f07221992,Дорогі у Христі брати і сестри !,"[{""label"": ""PERS"", ""text"": ""Христі""}]",[]
224e2f1275fa9d17b71978cdce390702d5ed0ebe7bfc524d2a0bc49de8c4a2d6,"Ми закликаємо всіх людей доброї волі — незалежно від релігійної , національної , політичної приналежності — засвідчити соборність , розкрити духовний потенціал , даний Богом нашому народу , та утвердити в суспільстві принципи любові , справедливості й взаємодопомоги .","[{""label"": ""PERS"", ""text"": ""Богом""}]","[{""label"": ""PERS"", ""text"": ""всіх людей доброї волі"", ""start"": 14, ""end"": 36}]"
ee2187f1454ab29ba91455305e765d7c3dae7443aff038d087953c215c26216d,"Єднання суспільства навколо цих духовних ідеалів , громадська самоорганізація та взаємна підтримка — найкращий захист в умовах політичних та економічних криз .",[],"[{""label"": ""ORG"", ""text"": ""громадська самоорганізація"", ""start"": 51, ""end"": 77}, {""label"": ""MISC"", ""text"": ""взаємна підтримка"", ""start"": 81, ""end"": 98}]"
c2727cec5cb31ff0c3fe34f1dba6d95c6aa814b3e05b3d9c1560f3c9f52f9a2e,"Особливо ж ми звертаємо свій заклик до тих , хто має авторитет і повагу людей , мудрість та життєвий досвід : об’єднаймо свої зусилля для служіння українському народу !",[],"[{""label"": ""PERS"", ""text"": ""тих , хто має авторитет і повагу людей"", ""start"": 39, ""end"": 77}]"
e28bd25544c66b9c5a3b3c4953ce1f4149d69d6e11e19a9a50ae1c44319fb669,Разом ми зможемо сформувати активну і плідну громадську позицію щодо визначних питань суспільного життя .,[],"[{""label"": ""MISC"", ""text"": ""визначних питань суспільного життя"", ""start"": 69, ""end"": 103}]"
5264e9b361321beab2347027dc90bab56ca4c93b3fc719397f969564f4502665,"Переконані , що лише у вільному діалозі нам може відкритися живе мислення , яке спонукатиме кожного до особистої відповідальності за ближнього , за свою громаду та свою країну — мислення , сповнене правди , здатне звершити духовне оновлення суспільного життя .",[],"[{""label"": ""PERS"", ""text"": ""кожного"", ""start"": 92, ""end"": 99}]"
e056dede3f10756c7f2e7e67f5ef9626098be5b4f6f692b63443ae1179d5df95,"Того , хто прагне досягнути кращого , попереду чекає велика праця , духовний подвиг .",[],"[{""label"": ""PERS"", ""text"": ""Того , хто прагне досягнути кращого"", ""start"": 0, ""end"": 35}]"
feaba8274a584476034348671992eae827f43911e208f529f4076c988a2935aa,"Ми віримо , що Дух любові й мудрості в людських серцях переможе оману й неправду .","[{""label"": ""PERS"", ""text"": ""Дух""}]",[]
a05ab7cae102e9d285f008409ae222f3540fa4a5dcf22d99ddd02697dc333491,"Ми також закликаємо молитися про кожного , хто береться за добру справу духовного оновлення .",[],"[{""label"": ""ORG"", ""text"": ""Ми"", ""start"": 0, ""end"": 2}]"
7c679aa2444660c4b3ddb0082d284f7d663715f2c56b81ed89529b98353655c8,"І нехай Всемогутній Господь , у Трійці Святій Єдиний , благословляє й допомагає нам усім чинити свій особистий подвиг на цьому шляху ! У ліс малою дитиною мене брали , коли тато з мамою роверами їхали по жолуді для свиней .","[{""label"": ""PERS"", ""text"": ""Всемогутній Господь""}, {""label"": ""PERS"", ""text"": ""Трійці Святій Єдиний""}]","[{""label"": ""PERS"", ""text"": ""Всемогутній Господь"", ""start"": 8, ""end"": 27}, {""label"": ""LOC"", ""text"": ""ліс"", ""start"": 137, ""end"": 140}, {""label"": ""PERS"", ""text"": ""малою дитиною"", ""start"": 141, ""end"": 154}, {""label"": ""PERS"", ""text"": ""мене"", ""start"": 155, ""end"": 159}, {""label"": ""PERS"", ""text"": ""тато"", ""start"": 173, ""end"": 177}, {""label"": ""JOB"", ""text"": ""роверами"", ""start"": 186, ""end"": 194}, {""label"": ""MISC"", ""text"": ""жолуді"", ""start"": 204, ""end"": 210}]"
bc02d56e93708c5b5a0989e8ef66cecd45fdacf12a43734df8725ae5689f6e56,"Жолуді я збирала дуже вправно , тож помічниця з мене була просто незамінна .",[],"[{""label"": ""PERS"", ""text"": ""Жолуді"", ""start"": 0, ""end"": 6}, {""label"": ""JOB"", ""text"": ""помічниця"", ""start"": 36, ""end"": 45}]"
c9479c3b9022b0ddf73c2f5013e8125f8f5f222806329d25eb447151e4920770,"Правда , через ці лісові свинячі ласощі одного разу мама мало собі не заробила інфаркт .",[],"[{""label"": ""ART"", ""text"": ""лісові свинячі ласощі"", ""start"": 18, ""end"": 39}, {""label"": ""PERS"", ""text"": ""мама"", ""start"": 52, ""end"": 56}]"
64a81a07a12f62fa7db963403ec25c0f9033d65da52a03edecaec3f9136485cb,"Ввечері насипала свиням жолудів повне корито , вони з’їли все , а тоді безпробудно заснули аж на дві доби .",[],"[{""label"": ""PERIOD"", ""text"": ""Ввечері"", ""start"": 0, ""end"": 7}, {""label"": ""ART"", ""text"": ""повне корито"", ""start"": 32, ""end"": 44}, {""label"": ""PERIOD"", ""text"": ""дві доби"", ""start"": 97, ""end"": 105}]"
3f83fc56c8536ff43b95c19089545b447e7d130458c66cba1ec9350166efb207,"Мама їх і ногою під ребра копала , і патиком лупцювали , й крижаною водою із криниці поливала — усе марно : лежать нерухомо , ледве що не мертві , лиш боки ледь-ледь здіймаються — таки дихають !",[],"[{""label"": ""PERS"", ""text"": ""Мама"", ""start"": 0, ""end"": 4}, {""label"": ""ART"", ""text"": ""патиком"", ""start"": 37, ""end"": 44}, {""label"": ""LOC"", ""text"": ""криниці"", ""start"": 77, ""end"": 84}]"
da71b57c51adcf30befeb8f58bde6859a857dad519efeeac87bc1a047615142c,Привели колгоспного ветеринара .,[],"[{""label"": ""JOB"", ""text"": ""колгоспного ветеринара"", ""start"": 8, ""end"": 30}]"
ce051a8a78c7bb9ddf7d6ce871d64c8b03e24281335a0b78def182f8d428f50e,"Він подивився на наших « здохликів » і сказав , що свиням таке сталося від жолудів : як харч вони не такі вже й безпечні , як мама собі думала .",[],"[{""label"": ""PERS"", ""text"": ""Він"", ""start"": 0, ""end"": 3}, {""label"": ""MISC"", ""text"": ""харч"", ""start"": 88, ""end"": 92}, {""label"": ""PERS"", ""text"": ""мама"", ""start"": 126, ""end"": 130}]"
2f098a28249f3d46ddb11f96f4d74ddd13b52da5a6a023c518dd847db7d0f92f,"Але від жолудів кабани стрімко набирали вагу , тлустішали з кожним днем , тому батьки й далі підгодовували їх цим продуктом , лише тепер утроє чи й учетверо зменшили денну порцію .",[],"[{""label"": ""PERS"", ""text"": ""кабани"", ""start"": 16, ""end"": 22}, {""label"": ""PERS"", ""text"": ""батьки"", ""start"": 79, ""end"": 85}]"
895dc0337a3e2c2f1712ed448de3b19049aa6a2e5775c78f50ec41fc6cf50dca,"У ліс ми завжди брали аж чотири великі мішки й три відра , щоб спочатку збирати жолуді у відра , а тоді зсипати докупи блискучі , з шорсткими шапочками плоди , їх того року вродило так , що під дубами було встелено , хоч згрібай пригорщами .",[],"[{""label"": ""LOC"", ""text"": ""ліс"", ""start"": 2, ""end"": 5}, {""label"": ""QUANT"", ""text"": ""чотири великі мішки"", ""start"": 25, ""end"": 44}, {""label"": ""QUANT"", ""text"": ""три відра"", ""start"": 47, ""end"": 56}, {""label"": ""MISC"", ""text"": ""жолуді"", ""start"": 80, ""end"": 86}, {""label"": ""ART"", ""text"": ""блискучі , з шорсткими шапочками плоди"", ""start"": 119, ""end"": 157}]"
b9c0b6bd3fe92b5bdb17ca695bc4f509b4a277e8ca6b824b12af8e6deb833ee5,"Зате ж і зима люта видалася — шиби в нашому класі настільки позамерзали , що сонячне світло через вікна не проникало зовсім , і Марія Степанівна навіть удень вмикала електрику й лампочка під стелею горіла від першого до останнього уроку .","[{""label"": ""PERS"", ""text"": ""Марія Степанівна""}]","[{""label"": ""ART"", ""text"": ""шиби"", ""start"": 30, ""end"": 34}, {""label"": ""LOC"", ""text"": ""нашому класі"", ""start"": 37, ""end"": 49}, {""label"": ""PERS"", ""text"": ""Марія Степанівна"", ""start"": 128, ""end"": 144}, {""label"": ""ART"", ""text"": ""лампочка під стелею"", ""start"": 178, ""end"": 197}, {""label"": ""PERIOD"", ""text"": ""першого до останнього уроку"", ""start"": 209, ""end"": 236}]"
130615b883feae90bde5a3097ef4f38d4fe1e4f107c761ea2123950207d6a792,Ми страшенно мерзли в руки й ноги .,[],"[{""label"": ""PERS"", ""text"": ""Ми"", ""start"": 0, ""end"": 2}]"
f1dce53b2ac2522075815dd75f600631aa49105eff41854a06ea7f4b25cd1c82,"Звісно , в таких умовах ніхто не відмовився 6 від горнятка гарячого пахучого чаю .",[],"[{""label"": ""PERS"", ""text"": ""ніхто"", ""start"": 24, ""end"": 29}, {""label"": ""QUANT"", ""text"": ""6"", ""start"": 44, ""end"": 45}, {""label"": ""ART"", ""text"": ""горнятка гарячого пахучого чаю"", ""start"": 50, ""end"": 80}]"
665e9567879f830061edc65bfa24298a286b1432209926a0c6ec17f7a3479974,"Учні навіть просили вчительку варити його , а ми готові хоч із завтрашньої днини приносити цукор , шипшину , калину , сухий липовий і ромашковий цвіт .",[],"[{""label"": ""PERS"", ""text"": ""Учні"", ""start"": 0, ""end"": 4}, {""label"": ""PERS"", ""text"": ""вчительку"", ""start"": 20, ""end"": 29}, {""label"": ""PERIOD"", ""text"": ""завтрашньої днини"", ""start"": 63, ""end"": 80}, {""label"": ""MISC"", ""text"": ""цукор"", ""start"": 91, ""end"": 96}, {""label"": ""MISC"", ""text"": ""шипшину"", ""start"": 99, ""end"": 106}, {""label"": ""MISC"", ""text"": ""калину"", ""start"": 109, ""end"": 115}, {""label"": ""MISC"", ""text"": ""сухий липовий і ромашковий цвіт"", ""start"": 118, ""end"": 149}]"
a2b9034698406299f501dce1c522f718c5bce26ef06ab4cf91b92033f3bdd485,"Але вчителька лише зітхала , ховала очі й казала , що не має права цього робити .",[],"[{""label"": ""PERS"", ""text"": ""вчителька"", ""start"": 4, ""end"": 13}]"
f29b482461649e8eaf41e60e786679b9f50cf49051e670cb8507f5fb833f03a8,Проте й холоднюща зима швидко минула .,[],"[{""label"": ""PERIOD"", ""text"": ""зима"", ""start"": 18, ""end"": 22}]"
fbd31fb00948a491875534f546a623c2d75a139169bdd87fb2bf7ac6035215f5,"А може , мені тепер лише так здається з відстані років ?",[],"[{""label"": ""PERIOD"", ""text"": ""років"", ""start"": 49, ""end"": 54}]"
fbc4e5bedbeee173e4a08300baffcc455a5ccd18eb3cbf30456931e24da40eff,"У повітрі запахло талим снігом і мокрим ґрунтом , синички почали співати зовсім інші пісні .",[],"[{""label"": ""ART"", ""text"": ""зовсім інші пісні"", ""start"": 73, ""end"": 90}]"
a2296da4c58e7040d504f42848e7e858a522a9e2fe8548ed07882b4e4cc3ef65,"Якщо добре вслухатися , то можна було почути в їхньому цвіріньчанні цілий куплет : « Перевіз , перевіз !",[],"[{""label"": ""MISC"", ""text"": ""Перевіз"", ""start"": 85, ""end"": 92}, {""label"": ""MISC"", ""text"": ""перевіз"", ""start"": 95, ""end"": 102}]"
3eca3e853efe6303f70e3347a67b5caf34ee2949917ae15545c1af5d6eac6cbd,"Кидай сани , бери віз ! » .",[],[]
309253e477779248355b42eab08983ee11da21435059f2842f02500d91e32322,"Тож хоча цілу зиму до школи ми ходили через став по кризі , щоб суттєво скоротити дорогу , тепер цією стежкою зважувалися користуватися хіба що найбільші відчайдухи .",[],"[{""label"": ""PERIOD"", ""text"": ""зиму"", ""start"": 14, ""end"": 18}, {""label"": ""ORG"", ""text"": ""школи"", ""start"": 22, ""end"": 27}, {""label"": ""LOC"", ""text"": ""став по кризі"", ""start"": 44, ""end"": 57}, {""label"": ""MISC"", ""text"": ""найбільші відчайдухи"", ""start"": 144, ""end"": 164}]"
bd04e8771c83c597c65ef10e868487d0f9e8ebd1c0250f538c1590bb824473e0,"А може , вже ніхто й не ходив .",[],[]
70c5100aff9a3d6bd583ed32b7504299201775b37824d1eb72312bd50c2d65d7,"Але стежка ще добре виднілася на сірому снігу , й ми з однокласницею Любою поперлися навпростець .","[{""label"": ""PERS"", ""text"": ""Любою""}]","[{""label"": ""LOC"", ""text"": ""стежка"", ""start"": 4, ""end"": 10}, {""label"": ""PERS"", ""text"": ""Любою"", ""start"": 69, ""end"": 74}]"
0d24493664aef9a3a83acb0b38d1c8ae90c245d1b893835b588deddbaa020349,"Як і Марійка , Люба теж була дівчинка товстенька , але ні одна , ні друга проблем собі з того не робили , бо ляльки Барбі тоді ще в продажу не було і на її стандарти тіла школярки не рівнялися . Любу , щоправда , у класі дражнили : « Люба-груба вилізла на дуба , дуб тріщить — Люба пищить ! » , « Ой Люба , Люба , що ти їла , що ти пила , що ти така груба ? » .","[{""label"": ""PERS"", ""text"": ""Марійка""}, {""label"": ""PERS"", ""text"": ""Люба""}, {""label"": ""PERS"", ""text"": ""Барбі""}, {""label"": ""PERS"", ""text"": ""Любу""}, {""label"": ""PERS"", ""text"": ""Люба-груба""}, {""label"": ""PERS"", ""text"": ""Люба""}, {""label"": ""PERS"", ""text"": ""Люба""}]","[{""label"": ""PERS"", ""text"": ""Марійка"", ""start"": 5, ""end"": 12}, {""label"": ""PERS"", ""text"": ""Люба"", ""start"": 15, ""end"": 19}, {""label"": ""ART"", ""text"": ""ляльки Барбі"", ""start"": 109, ""end"": 121}, {""label"": ""PERS"", ""text"": ""Любу"", ""start"": 195, ""end"": 199}, {""label"": ""PERS"", ""text"": ""Люба-груба"", ""start"": 234, ""end"": 244}, {""label"": ""ART"", ""text"": ""дуба"", ""start"": 256, ""end"": 260}, {""label"": ""ART"", ""text"": ""дуб"", ""start"": 263, ""end"": 266}, {""label"": ""PERS"", ""text"": ""Люба"", ""start"": 277, ""end"": 281}, {""label"": ""PERS"", ""text"": ""Люба"", ""start"": 300, ""end"": 304}, {""label"": ""PERS"", ""text"": ""Люба"", ""start"": 307, ""end"": 311}]"
b158b0f50558a3de0dd8e80052456fb5ca838abc3c8654e47fcdf7131729187a,"Через ці дражнилки вона , бувало , гірко плакала , — зате спокійна , до краю флегматична Марійка усім , хто насміхався з її повноти , розважливо відповідала : « Груба — люба , тонка — бридка ! » .","[{""label"": ""PERS"", ""text"": ""Марійка""}]","[{""label"": ""PERS"", ""text"": ""Марійка"", ""start"": 89, ""end"": 96}]"
9647a88c419a1a245a477884f3cc2124923c810485b5957dae0ee1326e3364ef,"Тепер я собі думаю , що саме в цьому прислів’ї відбився український жіночий стандарт багатьох попередніх століть , коли виконувати тяжку фізичну роботу могла лише міцна здоров’ям жінка , й парубки старалися запопасти наречену тілисту , а не « суху тичку » .",[],"[{""label"": ""PERIOD"", ""text"": ""багатьох попередніх століть"", ""start"": 85, ""end"": 112}, {""label"": ""MISC"", ""text"": ""тяжку фізичну роботу"", ""start"": 131, ""end"": 151}, {""label"": ""PERS"", ""text"": ""міцна здоров’ям жінка"", ""start"": 163, ""end"": 184}, {""label"": ""ORG"", ""text"": ""парубки"", ""start"": 189, ""end"": 196}]"
2df74fd61e0ad137f4397fc8c528155eea5f8a53a2e8d179af6799598c420ddd,При своїй вродженій комплекції ляльки Барбі мені би тоді нічого втішного й не « світило » .,"[{""label"": ""PERS"", ""text"": ""Барбі""}]","[{""label"": ""ART"", ""text"": ""Барбі"", ""start"": 38, ""end"": 43}]"
6f9f61f573e706d2b5bfe9c916e5242f18e315d979645f775770cd62b6309a2c,Чи розуміли ми небезпеку тоненького льоду ?,[],"[{""label"": ""ART"", ""text"": ""тоненького льоду"", ""start"": 25, ""end"": 41}]"
092914909eaa0962b6bfd1e3e3fbd4ccbc9109ef9f9f06ef4024d1fe6695757b,"Напевно , якщо Люба радила мені йти попереду , бо я легша .","[{""label"": ""PERS"", ""text"": ""Люба""}]","[{""label"": ""PERS"", ""text"": ""Люба"", ""start"": 15, ""end"": 19}, {""label"": ""PERS"", ""text"": ""мені"", ""start"": 27, ""end"": 31}]"
f2215c46e999bc05326ed1b5513a699001034b91b7ae09c9170a00c688861fa8,"Нікого , хто б нас зупинив від нерозважного кроку , поруч не було .",[],[]
ab6a307a2c5327fb0b21d4971ce934a8b702e3482ac0aafac6fceaa39f41e8c3,"Ми дійшли до самої середини ставу , де ледь виднілися бетоновані цямрини криниці , з якої став живився водою .",[],"[{""label"": ""PERS"", ""text"": ""Ми"", ""start"": 0, ""end"": 2}, {""label"": ""LOC"", ""text"": ""ставу"", ""start"": 28, ""end"": 33}, {""label"": ""ART"", ""text"": ""бетоновані цямрини криниці"", ""start"": 54, ""end"": 80}, {""label"": ""LOC"", ""text"": ""став"", ""start"": 90, ""end"": 94}]"
47372699b76a9c668f7cfbdc867f7c3cbf03b343a7f9321adf66e3790270ff95,"В теплу пору року цямрин не було видно зовсім , але взимку вони чомусь завжди чорніли над білою кригою сантиметрів на п’ять — десять .",[],"[{""label"": ""ART"", ""text"": ""цямрин"", ""start"": 18, ""end"": 24}, {""label"": ""PERIOD"", ""text"": ""взимку"", ""start"": 52, ""end"": 58}, {""label"": ""QUANT"", ""text"": ""сантиметрів на п’ять — десять"", ""start"": 103, ""end"": 132}]"
5278ec95791fccbc63106023dfd4a0abe87b0eb6c059da409c451709b28e8cdb,"Провалилася я у воду раптово : булькнула з головою , але відразу ж виринула й ухопилася за цямрину . Люба ж , побачивши , що сталося , чимдуж побігла до рятівного берега .","[{""label"": ""PERS"", ""text"": ""Люба""}]","[{""label"": ""PERS"", ""text"": ""я"", ""start"": 12, ""end"": 13}, {""label"": ""PERS"", ""text"": ""Люба"", ""start"": 101, ""end"": 105}, {""label"": ""LOC"", ""text"": ""рятівного берега"", ""start"": 153, ""end"": 169}]"
9b9ce7d6fe865cfb5867974035712d1b401d55ab087da003fd751a17e19e485b,"Моя цигейкова шубка , яка мене спершу й урятувала , бо в ній я вигулькнула зі ставу , як поплавок , повільно набирала води , тіло задубіло .",[],"[{""label"": ""ART"", ""text"": ""Моя цигейкова шубка"", ""start"": 0, ""end"": 19}, {""label"": ""PERS"", ""text"": ""мене"", ""start"": 26, ""end"": 30}, {""label"": ""PERS"", ""text"": ""я"", ""start"": 61, ""end"": 62}, {""label"": ""LOC"", ""text"": ""ставу"", ""start"": 78, ""end"": 83}]"
cc5eeacb60bffa6b318e98c2e6722938c68e35d79c6315cfb4f557f333335799,"Я збагнула , що триматися за цямриння довго не зможу , тим паче що ногами дна не діставала — внизу було метрів півтора води .",[],"[{""label"": ""PERS"", ""text"": ""Я"", ""start"": 0, ""end"": 1}, {""label"": ""ART"", ""text"": ""цямриння"", ""start"": 29, ""end"": 37}]"
89b77f41bdf55f3132c492825f9f125b4139a17563e67268435b0927818fd575,"У небезпеці я переважно німію й ціпенію , тож і зараз теж не кричала .",[],"[{""label"": ""ORG"", ""text"": ""У небезпеці"", ""start"": 0, ""end"": 11}, {""label"": ""PERS"", ""text"": ""я"", ""start"": 12, ""end"": 13}]"
a64e6c16146b6e07394adc846c68bd98d2f85ca8072c1fa34263ada29a40feb1,Та й до кого волати рятунку ?,[],[]
55fa8e7551e6999a6a74ec9e16eb48f13b62f5679f7e352a31c3a6449d2ec1c5,"Навколо ж , як і в пустелі , — ані душі , лише безлюдні білі , ще по-зимовому засніжені левади ! Метою запропонованої статті є аналіз структурно-змістових особливостей перетворень у районній пресі Тернопільщини означеного періоду .","[{""label"": ""LOC"", ""text"": ""Тернопільщини""}]","[{""label"": ""LOC"", ""text"": ""Тернопільщини"", ""start"": 197, ""end"": 210}, {""label"": ""PERIOD"", ""text"": ""означеного періоду"", ""start"": 211, ""end"": 229}]"
e52d6b25a4d4465836829832f6e899ef8c604d65d4abb25fb9f61350704a1c4c,"Під трансформацією розуміється « далекосяжний комплекс системних перетворень , який сприяє оптимізації контролю над більшістю основних суспільних елементів управління .",[],"[{""label"": ""MISC"", ""text"": ""далекосяжний комплекс системних перетворень"", ""start"": 33, ""end"": 76}]"
72e7037281529e4d50dfe4387ad1b371dbe3a19661a3ad1ef505bd3885ca1eee,"У вужчому сенсі трансформація – це перехід від автократичних і монолітних суспільно-економічних відносин з плановою економікою до плюралістичних демократичних структур з ринковою економікою » [ 4 , с . 11 ] .",[],"[{""label"": ""MISC"", ""text"": ""плановою економікою"", ""start"": 107, ""end"": 126}, {""label"": ""MISC"", ""text"": ""ринковою економікою"", ""start"": 170, ""end"": 189}]"
b86cd59623c7f0a1bdeab857cbb65f782c0f6eb9c6db96f79b6596b70ef0e426,"І хоч у статті « Чи є в Україні преса ? » Д . Пилипчук указує на пасивну роль українських журналістів у подіях того часу : « Виплекана партапаратом національна індиферентність тисяч українських журналістів особливо відчутно проявилася в дні , коли КПУ розпочала масове цькування Народного Руху України » [ 3 , с . 54 ] , районна преса Тернопільщини в цей період уже почала вичерпувати свій потенціал як « засіб простого інформування населення про досягнення трудівників соціалістичної праці , а отже , її функція як « рупора будівництва комуністичного суспільства » також почала вичерпуватися , зійшла нанівець » [ 2 , с . 76 – 77 ] .","[{""label"": ""MISC"", ""text"": ""Чи є в Україні преса ?""}, {""label"": ""PERS"", ""text"": ""Д . Пилипчук""}, {""label"": ""ORG"", ""text"": ""КПУ""}, {""label"": ""ORG"", ""text"": ""Народного Руху України""}, {""label"": ""LOC"", ""text"": ""Тернопільщини""}]","[{""label"": ""PERS"", ""text"": ""Д . Пилипчук"", ""start"": 42, ""end"": 54}, {""label"": ""ORG"", ""text"": ""КПУ"", ""start"": 248, ""end"": 251}, {""label"": ""ORG"", ""text"": ""Народного Руху України"", ""start"": 279, ""end"": 301}, {""label"": ""LOC"", ""text"": ""Тернопільщини"", ""start"": 335, ""end"": 348}]"
7046d021c97390a6e5ff874e8d1f78692001a4d246ff0bca7552fbc81e04dee1,"Трансформаційні процеси у районній пресі зазначеного періоду , на наш погляд , набули незворотного характеру лише навесні 1990-го , після виборів до місцевих рад народних депутатів 4 березня .","[{""label"": ""DATE"", ""text"": ""1990-го""}, {""label"": ""JOB"", ""text"": ""народних депутатів""}, {""label"": ""DATE"", ""text"": ""4 березня""}]","[{""label"": ""ORG"", ""text"": ""районній пресі"", ""start"": 26, ""end"": 40}, {""label"": ""PERIOD"", ""text"": ""зазначеного періоду"", ""start"": 41, ""end"": 60}, {""label"": ""DATE"", ""text"": ""навесні 1990-го"", ""start"": 114, ""end"": 129}, {""label"": ""JOB"", ""text"": ""народних депутатів"", ""start"": 162, ""end"": 180}, {""label"": ""DATE"", ""text"": ""4 березня"", ""start"": 181, ""end"": 190}]"
6c27413877d15b28d34aada86ea26e72308e033e09ddcd607711604f5ca4a159,"У переважній більшості районних рад Тернопільщини перемогу здобули представники Руху , а оскільки районні газети були органами одночасно райкомів компартії і районних рад , то це відразу позначилося на збільшенні кількості публікацій на раніше заборонені або замовчувані теми національно-патріотичного , релігійного , історико-краєзнавчого спрямування .","[{""label"": ""LOC"", ""text"": ""Тернопільщини""}, {""label"": ""ORG"", ""text"": ""Руху""}]","[{""label"": ""LOC"", ""text"": ""Тернопільщини"", ""start"": 36, ""end"": 49}, {""label"": ""ORG"", ""text"": ""Руху"", ""start"": 80, ""end"": 84}, {""label"": ""ORG"", ""text"": ""районні газети"", ""start"": 98, ""end"": 112}, {""label"": ""ORG"", ""text"": ""райкомів компартії"", ""start"": 137, ""end"": 155}, {""label"": ""ORG"", ""text"": ""районних рад"", ""start"": 158, ""end"": 170}]"
93b9d1b26496555011e394dfc171db3948a44c18dda25a064607440b6f008bac,"Зокрема , у бережанському « Новому житті » лише після березня 1990 р . почали з’являтися публікації на вище означену тематику , а саме : « Лисоня просить нас » ( № 78 ) – про легіон українських січових стрільців , « Чогось наша славна Україна зажурилася » ( № 86 ) – про січових стрільців , вихідців із Бережанського району , « Могутні крила журавлів » ( № 91 ) – повернення імені Б . Лепкого , « 500-літній ювілей козацької слави » ( № 93 ) та ін .","[{""label"": ""ORG"", ""text"": ""Новому житті""}, {""label"": ""DATE"", ""text"": ""березня 1990 р .""}, {""label"": ""MISC"", ""text"": ""Лисоня просить нас""}, {""label"": ""MISC"", ""text"": ""№ 78""}, {""label"": ""ORG"", ""text"": ""легіон українських січових стрільців""}, {""label"": ""MISC"", ""text"": ""Чогось наша славна Україна зажурилася""}, {""label"": ""MISC"", ""text"": ""№ 86""}, {""label"": ""LOC"", ""text"": ""Бережанського району""}, {""label"": ""MISC"", ""text"": ""Могутні крила журавлів""}, {""label"": ""MISC"", ""text"": ""№ 91""}, {""label"": ""PERS"", ""text"": ""Б . Лепкого""}, {""label"": ""MISC"", ""text"": ""500-літній ювілей козацької слави""}, {""label"": ""MISC"", ""text"": ""№ 93""}]","[{""label"": ""ORG"", ""text"": ""« Новому житті »"", ""start"": 26, ""end"": 42}, {""label"": ""DATE"", ""text"": ""березня 1990 р ."", ""start"": 54, ""end"": 70}, {""label"": ""ORG"", ""text"": ""легіон українських січових стрільців"", ""start"": 175, ""end"": 211}, {""label"": ""LOC"", ""text"": ""Бережанського району"", ""start"": 303, ""end"": 323}, {""label"": ""MISC"", ""text"": ""Могутні крила журавлів"", ""start"": 328, ""end"": 350}, {""label"": ""PERS"", ""text"": ""Б . Лепкого"", ""start"": 381, ""end"": 392}, {""label"": ""MISC"", ""text"": ""500-літній ювілей козацької слави"", ""start"": 397, ""end"": 430}]"
457fef85f21a33460686ce764fea558a666713b40cdbdc16a729ecff05b40673,Раніше замовчувана тема січового стрілецтва навесні 1990-го була помітною і на шпальтах газети « Шляхом Ілліча » – органу Тернопільського райкому компартії та Тернопільської районної ради народних депутатів .,"[{""label"": ""DATE"", ""text"": ""навесні 1990-го""}, {""label"": ""MISC"", ""text"": ""Шляхом Ілліча""}, {""label"": ""ORG"", ""text"": ""Тернопільського райкому компартії""}, {""label"": ""ORG"", ""text"": ""Тернопільської районної ради народних депутатів""}]","[{""label"": ""MISC"", ""text"": ""січового стрілецтва"", ""start"": 24, ""end"": 43}, {""label"": ""DATE"", ""text"": ""навесні 1990-го"", ""start"": 44, ""end"": 59}, {""label"": ""ORG"", ""text"": ""газети « Шляхом Ілліча »"", ""start"": 88, ""end"": 112}, {""label"": ""ORG"", ""text"": ""Тернопільського райкому компартії"", ""start"": 122, ""end"": 155}, {""label"": ""JOB"", ""text"": ""Тернопільської районної ради народних депутатів"", ""start"": 159, ""end"": 206}]"
6d3f63fe289210e617f8d71c166c63f39bd7d674d7cf157f712fcd649b0c33dc,"Йдеться насамперед про такі матеріали : « Їхав стрілець на війноньку » ( № 48 – 49 ) , « У кліщах смерті » ( № 57 – 58 ) – спогади чотаря УГА , « Крила стрілецької пісні » ( № 90 – 91 ) .","[{""label"": ""MISC"", ""text"": ""Їхав стрілець на війноньку""}, {""label"": ""MISC"", ""text"": ""№ 48 – 49""}, {""label"": ""MISC"", ""text"": ""У кліщах смерті""}, {""label"": ""MISC"", ""text"": ""№ 57 – 58""}, {""label"": ""ORG"", ""text"": ""УГА""}, {""label"": ""MISC"", ""text"": ""Крила стрілецької пісні""}, {""label"": ""MISC"", ""text"": ""№ 90 – 91""}]","[{""label"": ""ART"", ""text"": ""Їхав стрілець на війноньку"", ""start"": 42, ""end"": 68}, {""label"": ""ART"", ""text"": ""У кліщах смерті"", ""start"": 89, ""end"": 104}, {""label"": ""ORG"", ""text"": ""УГА"", ""start"": 138, ""end"": 141}, {""label"": ""ART"", ""text"": ""Крила стрілецької пісні"", ""start"": 146, ""end"": 169}]"
fbf49c4bcba02a56620c2492bd45c4d80b1d8c7e08f8660b2b242947077d006c,"Подібна тематика в цей період спостерігається на шпальтах переважної більшості районних газет Тернопільщини , за винятком хіба що газет у трьох північних ( волинських ) районах , які на початку XX ст . входили до складу Російської імперії , а не Австро-Угорської .","[{""label"": ""LOC"", ""text"": ""Тернопільщини""}, {""label"": ""LOC"", ""text"": ""волинських""}, {""label"": ""DATE"", ""text"": ""початку XX ст .""}, {""label"": ""LOC"", ""text"": ""Російської імперії""}, {""label"": ""LOC"", ""text"": ""Австро-Угорської""}]","[{""label"": ""MISC"", ""text"": ""Подібна тематика"", ""start"": 0, ""end"": 16}, {""label"": ""LOC"", ""text"": ""Тернопільщини"", ""start"": 94, ""end"": 107}, {""label"": ""LOC"", ""text"": ""трьох північних ( волинських ) районах"", ""start"": 138, ""end"": 176}, {""label"": ""PERIOD"", ""text"": ""початку XX ст ."", ""start"": 186, ""end"": 201}]"
a4a8e14fd9fa4cc7958086d438c55ef7bdc27bff6e7b715ad91f9ff178588fa4,"Починаючи з червня і завершуючи листопадом 1990 р . , у районних газетах Тернопільщини разом із тематичною трансформацією відбуваються і зовнішньотрансформаційні процеси , які розгортаються у двох напрямках .","[{""label"": ""PERIOD"", ""text"": ""з червня і завершуючи листопадом 1990 р .""}, {""label"": ""LOC"", ""text"": ""Тернопільщини""}]","[{""label"": ""DATE"", ""text"": ""листопадом 1990 р ."", ""start"": 32, ""end"": 51}, {""label"": ""LOC"", ""text"": ""Тернопільщини"", ""start"": 73, ""end"": 86}, {""label"": ""MISC"", ""text"": ""двох напрямках"", ""start"": 192, ""end"": 206}]"
db92a5224ffb4c2c8cc032e47b75c08da74020e08579ea6f16192dd7e414b870,"По-перше , районки починають масово перейменовувати ( перереєстровувати під новими назвами , але зберігаючи стару нумерацію ) .",[],"[{""label"": ""ORG"", ""text"": ""районки"", ""start"": 11, ""end"": 18}]"
1c9e64f375a24adba512e2b166bffac49965e176d0ff97fb0ab777a0c3c0aeac,"При цьому із назв видань усувають суспільно-політичну лексику на кшталт : комунізм , прапор , Ілліч , колгосп , зоря , ленінський та под .","[{""label"": ""PERS"", ""text"": ""Ілліч""}]","[{""label"": ""MISC"", ""text"": ""комунізм"", ""start"": 74, ""end"": 82}, {""label"": ""MISC"", ""text"": ""прапор"", ""start"": 85, ""end"": 91}, {""label"": ""DOC"", ""text"": ""колгосп"", ""start"": 102, ""end"": 109}, {""label"": ""MISC"", ""text"": ""зоря"", ""start"": 112, ""end"": 116}, {""label"": ""MISC"", ""text"": ""ленінський"", ""start"": 119, ""end"": 129}, {""label"": ""MISC"", ""text"": ""под"", ""start"": 133, ""end"": 136}]"
be0b9dd38b964b78a69f5b9c8b15cce089d1a6025b093ff6429d7181c20a0393,"По-друге , із першої шпальти ( з-під логотипу ) зникає означення видання як органу певного райкому та районної ради .",[],"[{""label"": ""ART"", ""text"": ""логотипу"", ""start"": 37, ""end"": 45}, {""label"": ""DOC"", ""text"": ""видання"", ""start"": 65, ""end"": 72}, {""label"": ""ORG"", ""text"": ""райкому"", ""start"": 91, ""end"": 98}, {""label"": ""ORG"", ""text"": ""районної ради"", ""start"": 102, ""end"": 115}]"
b105064bf652d969ac2c83b4c5cb7b326f8c4beb643ddf0d0597d37111a8195c,"Натомість у вихідних даних на останній сторінці дрібним шрифтом зазначається , що видавцями газети є районна рада та районна партійна організація ( без вказівки якої саме партії ) .","[{""label"": ""JOB"", ""text"": ""видавцями""}]","[{""label"": ""MISC"", ""text"": ""газети"", ""start"": 92, ""end"": 98}, {""label"": ""ORG"", ""text"": ""районна рада"", ""start"": 101, ""end"": 113}, {""label"": ""ORG"", ""text"": ""районна партійна організація"", ""start"": 117, ""end"": 145}]"
9d386b8d6892c2bdbc91c19578e9a9c436f882dbb5f97fc6fbe597cb61d8a242,"Саме така зовнішня трансформація відбулася з гусятинською районною газетою « Прапор комунізму » , яка однією з перших в області ( 16 червня ) змінила назву на « Вісник Надзбруччя » .","[{""label"": ""MISC"", ""text"": ""Прапор комунізму""}, {""label"": ""DATE"", ""text"": ""16 червня""}, {""label"": ""ORG"", ""text"": ""Вісник Надзбруччя""}]","[{""label"": ""ORG"", ""text"": ""Прапор комунізму"", ""start"": 77, ""end"": 93}, {""label"": ""LOC"", ""text"": ""області"", ""start"": 120, ""end"": 127}, {""label"": ""DATE"", ""text"": ""16 червня"", ""start"": 130, ""end"": 139}, {""label"": ""DOC"", ""text"": ""Вісник Надзбруччя"", ""start"": 161, ""end"": 178}]"
0d811816bc2f83e512ef8f29376f84c72760c3248d8767aa42c140e48aad503c,"До 9 жовтня під логотипом ще стояло « Орган Гусятинського районного комітету Комуністичної партії України та районної ради народних депутатів Тернопільської області » , але потім його замінило означення , а саме : « Громадсько-політичний часопис Гусятинського району Тернопільської області » .","[{""label"": ""DATE"", ""text"": ""9 жовтня""}, {""label"": ""MISC"", ""text"": ""Орган Гусятинського районного комітету Комуністичної партії України та районної ради народних депутатів Тернопільської області""}, {""label"": ""MISC"", ""text"": ""Громадсько-політичний часопис Гусятинського району Тернопільської області""}]","[{""label"": ""DATE"", ""text"": ""9 жовтня"", ""start"": 3, ""end"": 11}, {""label"": ""LOC"", ""text"": ""Тернопільської області"", ""start"": 142, ""end"": 164}, {""label"": ""LOC"", ""text"": ""Гусятинського району Тернопільської області"", ""start"": 246, ""end"": 289}]"
665cd377c252387577192f25f2d2431e198a1e72549e44bca42cec4321fddcc5,Водночас триває і тематична трансформація .,[],"[{""label"": ""MISC"", ""text"": ""тематична трансформація"", ""start"": 18, ""end"": 41}]"
fae9399af86dece58af24168abf9a423781950660279c90e50b78ee0b1212637,"Так , незважаючи на означення « орган райкому » , у газеті з’являються матеріали не лише про відновлення могили борців за волю України « Повернуто забуті імена » ( № 87 – 88 ) , а й критичні публікації про роль комуністичної партії у житті суспільства на зразок : « Чому я вийшов з партії ? » ( № 81 – 82 ) .","[{""label"": ""LOC"", ""text"": ""України""}, {""label"": ""MISC"", ""text"": ""Повернуто забуті імена""}, {""label"": ""MISC"", ""text"": ""№ 87 – 88""}, {""label"": ""MISC"", ""text"": ""Чому я вийшов з партії ?""}, {""label"": ""MISC"", ""text"": ""№ 81 – 82""}]","[{""label"": ""ORG"", ""text"": ""газеті"", ""start"": 52, ""end"": 58}, {""label"": ""ART"", ""text"": ""Повернуто забуті імена"", ""start"": 137, ""end"": 159}, {""label"": ""ORG"", ""text"": ""комуністичної партії"", ""start"": 211, ""end"": 231}]"
a4af8bf97a64a5a842edf4fe66d343f84c41d6d3913ea4e8368ae2bc62527ffe,"Упродовж літа-осені 1990 р . прояви зовнішньотрансформаційних перетворень спостерігалися більшою або меншою мірою у всіх районних газетах Тернопільщини , незалежно від того , чи були в їхніх назвах слова на позначення компартійних символів , чи вони певним чином зберігалися .","[{""label"": ""PERIOD"", ""text"": ""літа-осені 1990 р .""}, {""label"": ""LOC"", ""text"": ""Тернопільщини""}]","[{""label"": ""PERIOD"", ""text"": ""літа-осені 1990 р ."", ""start"": 9, ""end"": 28}, {""label"": ""LOC"", ""text"": ""Тернопільщини"", ""start"": 138, ""end"": 151}]"
7afe83b681c60954794af020d29afa7370364b1644605a1202b23c88c5456fe9,"Навіть якщо назву газети і не змінювали , як , наприклад , у бережанського « Нового життя » , то з-під логотипу все одно усувалося означення органу відповідної партії , а натомість з’являлося інше – « Громадсько-політична газета Бережанщини » .","[{""label"": ""ORG"", ""text"": ""Нового життя""}, {""label"": ""ORG"", ""text"": ""Громадсько-політична газета Бережанщини""}]","[{""label"": ""ART"", ""text"": ""логотипу"", ""start"": 103, ""end"": 111}, {""label"": ""ORG"", ""text"": ""Громадсько-політична газета Бережанщини"", ""start"": 201, ""end"": 240}]"
98bb54a9685a66acd3c2fc9f28f6ba0f2ef207977017a467ba8c468be1b29d5d,"Варто додати , що саме « Нове життя » є тим районним виданням , яке вже в 1990 р . пройшло разом із зовнішньою ще й внутрішню трансформацію .","[{""label"": ""ORG"", ""text"": ""Нове життя""}, {""label"": ""DATE"", ""text"": ""1990 р .""}]","[{""label"": ""ORG"", ""text"": ""« Нове життя »"", ""start"": 23, ""end"": 37}, {""label"": ""DATE"", ""text"": ""1990 р ."", ""start"": 74, ""end"": 82}]"
cc9c77b729db222ffe68e245cd1a6a89a9dfe74624421122cc5c0aedfc783f94,"Як уже згадувалося , на виборах до місцевих рад у березні 1990 р . в багатьох районах Тернопільщини перемогли представники Руху , у Бережанській районній раді вони також становили більшість .","[{""label"": ""DATE"", ""text"": ""березні 1990 р .""}, {""label"": ""LOC"", ""text"": ""Тернопільщини""}, {""label"": ""ORG"", ""text"": ""Руху""}, {""label"": ""ORG"", ""text"": ""Бережанській районній раді""}]","[{""label"": ""DATE"", ""text"": ""березні 1990 р ."", ""start"": 50, ""end"": 66}, {""label"": ""LOC"", ""text"": ""Тернопільщини"", ""start"": 86, ""end"": 99}, {""label"": ""ORG"", ""text"": ""Руху"", ""start"": 123, ""end"": 127}, {""label"": ""ORG"", ""text"": ""Бережанській районній раді"", ""start"": 132, ""end"": 158}, {""label"": ""PCT"", ""text"": ""більшість"", ""start"": 180, ""end"": 189}]"
124b5da81d6d1e5fcc1da8a3b1eb525634ca93d86bab3bab51668ccfa36f444f,"Відтак , рішенням районної ради створюється газета « Бережанське віче » , перший номер якої виходить 15 вересня 1990 р . Тоді ж із логотипу « Нового життя » зникає перша частина означення – « орган Бережанської районної ради » , а залишається лише друга – « орган райкому компартії » .","[{""label"": ""ORG"", ""text"": ""Бережанське віче""}, {""label"": ""DATE"", ""text"": ""15 вересня 1990 р .""}, {""label"": ""ORG"", ""text"": ""Нового життя""}, {""label"": ""ORG"", ""text"": ""Бережанської районної ради""}]","[{""label"": ""ORG"", ""text"": ""Бережанське віче"", ""start"": 53, ""end"": 69}, {""label"": ""ORG"", ""text"": ""Бережанської районної ради"", ""start"": 198, ""end"": 224}]"
fbcf44d1723e05714f6c130eb1a4377403dfe3652c11ccdd2f85cdbd079c5876,"З таким логотипом газета виходила недовго , уже 22 вересня ( № 112 ) згідно із загальною тенденцією з’являється інше означення цього видання , хоча у вихідних даних вказується , що його видавцем залишається « районна організація компартії України » .","[{""label"": ""DATE"", ""text"": ""22 вересня""}, {""label"": ""MISC"", ""text"": ""№ 112""}]","[{""label"": ""ORG"", ""text"": ""газета"", ""start"": 18, ""end"": 24}, {""label"": ""DATE"", ""text"": ""22 вересня"", ""start"": 48, ""end"": 58}, {""label"": ""ORG"", ""text"": ""районна організація компартії України"", ""start"": 209, ""end"": 246}]"
282015161f39d6ee629b015dfd8ac61f36011137a0e4700591679f9a35d72f9e,"Однак приклад такого досить нетипового для 1990 р . внутрішнього перетворення , спричиненого заснуванням Бережанською районною радою свого видання , не вплинув на продовження тематичної трансформації газети « Нове життя » .","[{""label"": ""DATE"", ""text"": ""1990 р .""}, {""label"": ""ORG"", ""text"": ""Бережанською районною радою""}, {""label"": ""ORG"", ""text"": ""Нове життя""}]","[{""label"": ""DATE"", ""text"": ""1990 р ."", ""start"": 43, ""end"": 51}, {""label"": ""ORG"", ""text"": ""Бережанською районною радою"", ""start"": 105, ""end"": 132}, {""label"": ""ORG"", ""text"": ""Нове життя"", ""start"": 209, ""end"": 219}]"
fad458433f6ba73f7fa288ab59811162dbc238c11a0ff7d49e3a0ec941511d31,"Так , у ній від 2 жовтня ( № 115 ) вміщено « Звернення Бережанського райкому компартії до комуністів , усіх жителів району … » , а поряд під рубрикою « Постаті » з’являється об’ємна публікація про життєвий шлях Михайла Грушевського , раніше замовчуваного наукового та політичного діяча , одного з лідерів УНР . Подібне триває до 24 серпня 1991 р . – Дня проголошення незалежності України , коли вийшов останній номер ( № 63 ) компартійного « Нового життя » , після чого газета більше не відновлювалася .","[{""label"": ""DATE"", ""text"": ""2 жовтня""}, {""label"": ""MISC"", ""text"": ""№ 115""}, {""label"": ""MISC"", ""text"": ""Звернення Бережанського райкому компартії до комуністів , усіх жителів району …""}, {""label"": ""MISC"", ""text"": ""Постаті""}, {""label"": ""PERS"", ""text"": ""Михайла Грушевського""}, {""label"": ""LOC"", ""text"": ""УНР""}, {""label"": ""DATE"", ""text"": ""24 серпня 1991 р .""}, {""label"": ""MISC"", ""text"": ""Дня проголошення незалежності України""}, {""label"": ""MISC"", ""text"": ""№ 63""}, {""label"": ""ORG"", ""text"": ""Нового життя""}]","[{""label"": ""DATE"", ""text"": ""2 жовтня"", ""start"": 16, ""end"": 24}, {""label"": ""MISC"", ""text"": ""Постаті"", ""start"": 152, ""end"": 159}, {""label"": ""PERS"", ""text"": ""Михайла Грушевського"", ""start"": 211, ""end"": 231}, {""label"": ""DATE"", ""text"": ""24 серпня 1991 р ."", ""start"": 329, ""end"": 347}]"
b89c73e9ae3462d3b5ed97dbe4bc1f466b1a8fb0c3dc83ac57918112671cf6a7,"Натомість видання районної ради народних депутатів « Бережанське віче » в 1991 р . переживає пік популярності , досягаючи накладу в 10 тис . примірників .","[{""label"": ""ORG"", ""text"": ""Бережанське віче""}, {""label"": ""DATE"", ""text"": ""1991 р .""}]","[{""label"": ""ORG"", ""text"": ""Бережанське віче"", ""start"": 53, ""end"": 69}, {""label"": ""DATE"", ""text"": ""1991 р ."", ""start"": 74, ""end"": 82}, {""label"": ""QUANT"", ""text"": ""10 тис . примірників"", ""start"": 132, ""end"": 152}]"
afc4a72526e7c77f94945385ca123069149deecb5a28cd1c036cd6751128e7be,"Масове перейменування , що стало визначальною рисою зовнішньотрансформаційних процесів , у тернопільських районних газетах почалося , як уже зазначалося , на початку літа 1990 р . і тривало до кінця осені цього ж року .","[{""label"": ""DATE"", ""text"": ""1990 р .""}]","[{""label"": ""ORG"", ""text"": ""тернопільських районних газетах"", ""start"": 91, ""end"": 122}, {""label"": ""DATE"", ""text"": ""початку літа 1990 р ."", ""start"": 158, ""end"": 179}, {""label"": ""PERIOD"", ""text"": ""кінця осені цього ж року"", ""start"": 193, ""end"": 217}]"
f8d3b204f28839b0b0c3c6224cca3e1e1c8e9c8088b60826f1edfbaf45d1aa14,"Першою районною газетою , що засвідчила ці процеси , був гусятинський « Прапор комунізму » , який із 16 червня ( № 72 – 73 ) почав виходити під назвою « Вісник Надзбруччя » , а останньою – підволочиська « Збручанська зоря » , яку 17 листопада ( № 135 ) було перейменовано на « Гомін волі » .","[{""label"": ""ORG"", ""text"": ""Прапор комунізму""}, {""label"": ""DATE"", ""text"": ""16 червня""}, {""label"": ""MISC"", ""text"": ""№ 72 – 73""}, {""label"": ""ORG"", ""text"": ""Вісник Надзбруччя""}, {""label"": ""ORG"", ""text"": ""Збручанська зоря""}, {""label"": ""DATE"", ""text"": ""17 листопада""}, {""label"": ""MISC"", ""text"": ""№ 135""}, {""label"": ""ORG"", ""text"": ""Гомін волі""}]","[{""label"": ""ART"", ""text"": ""Прапор комунізму"", ""start"": 72, ""end"": 88}, {""label"": ""DATE"", ""text"": ""16 червня"", ""start"": 101, ""end"": 110}, {""label"": ""ORG"", ""text"": ""Вісник Надзбруччя"", ""start"": 153, ""end"": 170}, {""label"": ""DATE"", ""text"": ""17 листопада ( № 135 )"", ""start"": 230, ""end"": 252}, {""label"": ""DOC"", ""text"": ""Гомін волі"", ""start"": 277, ""end"": 287}]"
5a35846a81c99a8ec437d2594bb972fece096e341fb1c968c872deb2f11220ef,"Як і у всіх інших подібних випадках , з-під логотипу передусім зникло означення видання як партійного органу і з’явилося визначення його як « громадсько-політичної газети » певного району . Тут нотабене : у фон Трієра ніхто не сміється , коли страшно , і це , як на мене , найпевніший знак , що його людство « нічого кращого не заслужило » .","[{""label"": ""PERS"", ""text"": ""фон Трієра""}]","[{""label"": ""ART"", ""text"": ""логотипу"", ""start"": 44, ""end"": 52}, {""label"": ""ORG"", ""text"": ""громадсько-політичної газети"", ""start"": 142, ""end"": 170}, {""label"": ""LOC"", ""text"": ""певного району"", ""start"": 173, ""end"": 187}, {""label"": ""ART"", ""text"": ""нотабене"", ""start"": 194, ""end"": 202}, {""label"": ""PERS"", ""text"": ""фон Трієра"", ""start"": 207, ""end"": 217}]"
2664663ac0c20f7313f3dd6741ad8464ee16532bb9d2556ad829f4a2aacd4778,"Сміх – це не тільки спосіб психологічного самозахисту , це ще й прояв соціальної щирости ( не з усіма можна сміятися , і вже точно не надто попосмієшся на самоті ! ) ; спільний сміх так само насущний для міжлюдського зв’язку , як і спільне споживання їжі .",[],"[{""label"": ""MISC"", ""text"": ""Сміх"", ""start"": 0, ""end"": 4}, {""label"": ""MISC"", ""text"": ""сміх"", ""start"": 177, ""end"": 181}, {""label"": ""MISC"", ""text"": ""спільне споживання їжі"", ""start"": 232, ""end"": 254}]"
247300329a14ec76c2482d170d95b7e9ab6dd6fedf1a71255bb213239f0cd61d,"Якщо ж навіть у родині , навіть перед лицем спільної смерти кожен до кінця залишається , як і на церемонійній вечірці , безнадійно-самотньо ув’язненим у власному « рольовому коконі » ( « опікунчий батько » , « ніжна мати-господиня » , « проблемна бунтарка-дисидентка » – ніщо , порівняно з першою частиною фільму , не змінилося , всі маріонетки зостаються на своїх місцях ! ) – і наважується вилізти з того кокона й « узятися за руки » тільки аж коли треба заспокоїти дитину перед падінням неба на Землю ( та й то , навіть не вилізти , а змінити « ігровий сценарій » – цього разу на дитячий , від чого в останні хвилини гра нарешті , істинно « магічним » чином , набуває сенсу : більше не роз’єднує , а ріднить ) , – то такому людству , погоджуся , справді вже ніщо не допоможе .","[{""label"": ""LOC"", ""text"": ""Землю""}]","[{""label"": ""ORG"", ""text"": ""родині"", ""start"": 16, ""end"": 22}, {""label"": ""JOB"", ""text"": ""опікунчий батько"", ""start"": 187, ""end"": 203}, {""label"": ""JOB"", ""text"": ""ніжна мати-господиня"", ""start"": 210, ""end"": 230}, {""label"": ""JOB"", ""text"": ""проблемна бунтарка-дисидентка"", ""start"": 237, ""end"": 266}, {""label"": ""PERS"", ""text"": ""дитину"", ""start"": 468, ""end"": 474}, {""label"": ""LOC"", ""text"": ""Землю"", ""start"": 498, ""end"": 503}, {""label"": ""MISC"", ""text"": ""ігровий сценарій"", ""start"": 548, ""end"": 564}]"
a6f47528281e25fb3942a9243260378f12bf570e2b0520edaacf1d4ab4d6a87b,"В наших умовах у таких « рольових коконах » продовжували дефілювати партійні ортодокси , лектори ЦК Компартії , які своєю поведінкою дуже нагадували героя Кіфера Сазерленда ( чи то герой « Меланхолії » через двадцять п’ять років наслідує їх ?.. ) , та ще офіцери КҐБ , які єдині тоді мусили бути щасливі , бо їм додалося праці : в кінці травня один такий приходив вербувати й мене ( цей сюжет я потім використала для схожого епізоду в біографії Дарини в « Музеї покинутих секретів » ) , і ми з ним близько трьох годин мужньо блукали вулицями « на свіжому повітрі » , дивуючи нечастих перехожих ( він , правда , запропонував піти до ресторану – на той час гуляти « на свіжому повітрі » вже не рекомендувалося цілком офіційно , – але на це я згодитись не могла : ресторан – то вже , як не крути , « початок угоди » , після якого відмовлятися від « співпраці » було б набагато складніше , і наковтатися трохи зайвих мікрорентґенів – яка вже різниця , кількома більше чи кількома менше ? – було однозначно привабливішою опцією ) .","[{""label"": ""JOB"", ""text"": ""лектори""}, {""label"": ""ORG"", ""text"": ""ЦК Компартії""}, {""label"": ""PERS"", ""text"": ""Кіфера Сазерленда""}, {""label"": ""MISC"", ""text"": ""Меланхолії""}, {""label"": ""DATE"", ""text"": ""двадцять п’ять років""}, {""label"": ""ORG"", ""text"": ""КҐБ""}, {""label"": ""DATE"", ""text"": ""кінці травня""}, {""label"": ""PERS"", ""text"": ""Дарини""}, {""label"": ""MISC"", ""text"": ""Музеї покинутих секретів""}]","[{""label"": ""JOB"", ""text"": ""лектори"", ""start"": 89, ""end"": 96}, {""label"": ""ORG"", ""text"": ""ЦК Компартії"", ""start"": 97, ""end"": 109}, {""label"": ""PERS"", ""text"": ""Кіфера Сазерленда"", ""start"": 155, ""end"": 172}, {""label"": ""PERIOD"", ""text"": ""двадцять п’ять років"", ""start"": 208, ""end"": 228}, {""label"": ""ORG"", ""text"": ""КҐБ"", ""start"": 263, ""end"": 266}, {""label"": ""DATE"", ""text"": ""кінці травня"", ""start"": 331, ""end"": 343}, {""label"": ""PERS"", ""text"": ""Дарини"", ""start"": 445, ""end"": 451}, {""label"": ""PERIOD"", ""text"": ""трьох годин"", ""start"": 506, ""end"": 517}, {""label"": ""LOC"", ""text"": ""ресторану"", ""start"": 632, ""end"": 641}, {""label"": ""LOC"", ""text"": ""ресторан"", ""start"": 761, ""end"": 769}]"
b24b66cb47023b36708025dc673449abed93afe8f58e1931d529d5cb9847ca0a,"Через п’ять років країна всіх цих серйозних мужчин якраз і накрилася своєю « Меланхолією » , і якщо чимало з них так само серйозно сприйняли це за « планетарний вибух » ( чи пак , за словами російського президента , за « найбільшу геополітичну катастрофу XX століття » ) , то порівняно з героями фон Трієра вони мали бодай ту перевагу , що так нічого й не зрозуміли .","[{""label"": ""DATE"", ""text"": ""п’ять років""}, {""label"": ""MISC"", ""text"": ""Меланхолією""}, {""label"": ""DATE"", ""text"": ""XX століття""}, {""label"": ""PERS"", ""text"": ""фон Трієра""}]","[{""label"": ""PERIOD"", ""text"": ""п’ять років"", ""start"": 6, ""end"": 17}, {""label"": ""MISC"", ""text"": ""Меланхолією"", ""start"": 77, ""end"": 88}, {""label"": ""PERS"", ""text"": ""російського президента"", ""start"": 191, ""end"": 213}, {""label"": ""PERS"", ""text"": ""фон Трієра"", ""start"": 296, ""end"": 306}]"
073fcb285522c1a24f6c1e8d3885c9d42caf2852d0327ef177296d0b30bc66ab,"Ті , хто намагався зрозуміти , цієї переваги не мали .",[],"[{""label"": ""PERS"", ""text"": ""Ті , хто намагався зрозуміти"", ""start"": 0, ""end"": 28}]"
a073552d54141e0da7692efe65dc8fe78624ebe2c28c4d0e9395db6c8b62ede2,"Із Жахом , який нам відкрився , треба було вчитися жити : кажучи мовою фон-Трієрівського міфу – вчитися приймати сонячні ванни в світлі Меланхолії .","[{""label"": ""PERS"", ""text"": ""фон-Трієрівського""}, {""label"": ""MISC"", ""text"": ""Меланхолії""}]","[{""label"": ""PERS"", ""text"": ""Жахом"", ""start"": 3, ""end"": 8}, {""label"": ""MISC"", ""text"": ""сонячні ванни"", ""start"": 113, ""end"": 126}, {""label"": ""LOC"", ""text"": ""Меланхолії"", ""start"": 136, ""end"": 146}]"
4168e14ca159040eb0db1c64bf40cb4b543eb0e26659c834495036498cdb34a3,"Питання « Чому ми ? » , як і всяке інше , скоро вже раз поставлене , передбачає десь « у колективному розумі людства » наявність відповіди .",[],[]
47d5e931852c9394557e43dae45ca580555bab77ccb098f79ee87570661d98c2,"Можливо , комусь ця думка здасться блюзнірчою , але якби на хвилинку спробувати уявити себе режисером того фільму , в якому всі ми , сім мільярдів « двоногих без пір’я » , складаємо всього-на-всього масовку , то доводиться визнати : « майданчики » для вироблення такого досвіду в обох випадках – і Чорнобиля , і Фукусіми – обрано таки не без сенсу .","[{""label"": ""JOB"", ""text"": ""режисером""}, {""label"": ""LOC"", ""text"": ""Чорнобиля""}, {""label"": ""LOC"", ""text"": ""Фукусіми""}]","[{""label"": ""JOB"", ""text"": ""режисером"", ""start"": 92, ""end"": 101}, {""label"": ""MON"", ""text"": ""сім мільярдів"", ""start"": 133, ""end"": 146}, {""label"": ""LOC"", ""text"": ""Чорнобиля"", ""start"": 298, ""end"": 307}, {""label"": ""LOC"", ""text"": ""Фукусіми"", ""start"": 312, ""end"": 320}]"
aef1d66e74c392e4270f6eae6713fc74594722499400b12f6af52d35ebfbc20e,"Кожному дається стільки , скільки він може витримати – істина , однаково справедлива що для індивідів , що для народів .",[],"[{""label"": ""PERS"", ""text"": ""Кожному"", ""start"": 0, ""end"": 7}, {""label"": ""MISC"", ""text"": ""істина"", ""start"": 55, ""end"": 61}, {""label"": ""PERS"", ""text"": ""індивідів"", ""start"": 92, ""end"": 101}]"
bfaa663472c79e76415b0c62714ace211f3d651ec00050fa925b63710fd04c2e,"Вийшло так , що освоюватися з « новим жахом » , який несе із собою доба екологічних катастроф , першими випало тим народам , у чиїй пам’яті вже був « досвід Апокаліпсису » – не « колективної смерти » доби масових убивств , а саме « кінця світу » , тобто такої катастрофи , при якій руйнується первісний ( « космічний » ) порядок речей – і природа перестає бути людині біологічним « домом » . Японія отримала цей досвід у 1945-му , після американського атомного бомбардування . Україна – в 1933-му , після зовсім іншого « бомбардування » , яке потім ще майже шістдесят років залишалося « невидимим » ( поза таємно передаваною пам’яттю в родинах жертв ) і тому донині належно не оціненим за своїми цивілізаційними наслідками .","[{""label"": ""MISC"", ""text"": ""Апокаліпсису""}, {""label"": ""LOC"", ""text"": ""Японія""}, {""label"": ""DATE"", ""text"": ""1945-му""}, {""label"": ""LOC"", ""text"": ""Україна""}, {""label"": ""DATE"", ""text"": ""1933-му""}, {""label"": ""PERIOD"", ""text"": ""шістдесят років""}]","[{""label"": ""LOC"", ""text"": ""Японія"", ""start"": 392, ""end"": 398}, {""label"": ""DATE"", ""text"": ""1945-му"", ""start"": 421, ""end"": 428}, {""label"": ""LOC"", ""text"": ""Україна"", ""start"": 477, ""end"": 484}, {""label"": ""DATE"", ""text"": ""1933-му"", ""start"": 489, ""end"": 496}]"
60ed6e509a6bde5d87b7cbb3f3ae22235a627527541563f84968b4d9c8e63d95,"Тож мушу бодай коротко пояснити , чому « тридцять третій рік » , як його , дещо конспіративно , довший час було йменовано в живій мові ( офіційна назва – Голодомор – є недавньою і серед старшого покоління так і не прищепилася ) , відбився в українській свідомості травмою чи не більшою , ніж Друга світова війна , – і таки справді онтологічною .","[{""label"": ""DATE"", ""text"": ""тридцять третій рік""}, {""label"": ""MISC"", ""text"": ""Голодомор""}, {""label"": ""MISC"", ""text"": ""Друга світова війна""}]","[{""label"": ""PERIOD"", ""text"": ""тридцять третій рік"", ""start"": 41, ""end"": 60}, {""label"": ""DOC"", ""text"": ""Голодомор"", ""start"": 154, ""end"": 163}]"
e5eb6b84728e06ee4b41431e6cc5d06eeeccfe124e2ea4d027ee2ec854f8c837,"Справа не в точній кількості смертей , яку , найправдоподібніше , вже ніколи не буде встановлено ( « від 3 до 10 мільйонів » – ножиці , самі собою макабричні ! ) .",[],"[{""label"": ""QUANT"", ""text"": ""від 3 до 10 мільйонів"", ""start"": 101, ""end"": 122}, {""label"": ""ART"", ""text"": ""ножиці"", ""start"": 127, ""end"": 133}]"
87e67991a96c19c152d197d325d54ef11d5c9eda590d501f9aab84d75ed761cb,"І навіть не в тому , щоб нарешті чітко й ясно вказати пальцем на винуватців ( головний камінь спотикання , через який Голодомор досі становить предмет міжнародної політичної кон’юнктури й збурює уми далеко не самих лише істориків ! ) , – принаймні не тільки в цьому , хоч це й украй важливо для збереження в людстві XXI століття віри в здоровий глузд ( мученицька смерть мільйонів в один час , в одному місці й з однієї причини , що за ту смерть от уже восьмий десяток літ « ніхто не відповідає » , просто-таки голоблею стирчить урозріз із засадничими правилами нашого цивілізаційного співжиття – ідеєю « природного права » й кантівським категоричним імперативом , і погодити їх , не впадаючи в шизофренію , ніяк не вийде ) .","[{""label"": ""MISC"", ""text"": ""Голодомор""}, {""label"": ""DATE"", ""text"": ""XXI століття""}, {""label"": ""PERIOD"", ""text"": ""восьмий десяток літ""}]","[{""label"": ""ART"", ""text"": ""головний камінь спотикання"", ""start"": 78, ""end"": 104}, {""label"": ""QUANT"", ""text"": ""мільйонів"", ""start"": 371, ""end"": 380}, {""label"": ""PERIOD"", ""text"": ""восьмий десяток літ"", ""start"": 453, ""end"": 472}, {""label"": ""MISC"", ""text"": ""кантівським категоричним імперативом"", ""start"": 626, ""end"": 662}]"
35534defb1c35e68034b0230fb123ca620ad1859915c3af041e856ace41f0c50,"Ба більше , йдучи ще далі , можна навіть , гіпотетично , заплющити очі ( хоч це , либонь , найтяжче ! ) на понад піввікову заборону оплакувати мертвих , що вдаряє вже по самих підвалинах ідентичности гомо сапіенса , відколи той вибрався з печери ( ще в мої студентські роки розмови « про 1933-й рік » кваліфіковано як « антирадянську агітацію » , а в автобіографічному романі Антона Санченка , 1966 року народження , є спогад , як він , тоді моряк радянського флоту , 1989 року вперше на власні очі прочитавши в газеті те , про що доти хіба недомовками чув од діда з бабою , сидів у порту на лавочці з газетою в руках і нестримно плакав уголос : у психології це зветься « травмою третього покоління » ) .","[{""label"": ""DATE"", ""text"": ""1933-й рік""}, {""label"": ""PERS"", ""text"": ""Антона Санченка""}, {""label"": ""DATE"", ""text"": ""1966 року""}, {""label"": ""DATE"", ""text"": ""1989 року""}]","[{""label"": ""DATE"", ""text"": ""1933-й рік"", ""start"": 288, ""end"": 298}, {""label"": ""PERS"", ""text"": ""Антона Санченка"", ""start"": 376, ""end"": 391}, {""label"": ""JOB"", ""text"": ""моряк"", ""start"": 442, ""end"": 447}, {""label"": ""ORG"", ""text"": ""радянського флоту"", ""start"": 448, ""end"": 465}, {""label"": ""DATE"", ""text"": ""1989 року"", ""start"": 468, ""end"": 477}, {""label"": ""ART"", ""text"": ""газеті"", ""start"": 512, ""end"": 518}, {""label"": ""LOC"", ""text"": ""порту"", ""start"": 583, ""end"": 588}, {""label"": ""ART"", ""text"": ""газетою"", ""start"": 602, ""end"": 609}]"
7dd0b58fb5aefd5ef2fef7d70b3b501f64f96a445ad5a86cf1cfdaaf8af8ed30,"Але , повторюю , справа навіть не в цьому : все це ( і багато чого іншого , неназваного ) ще належить до зони « старого жаху » : до того , що « люди роблять з людьми » .",[],"[{""label"": ""MISC"", ""text"": ""все це"", ""start"": 44, ""end"": 50}, {""label"": ""PERS"", ""text"": ""люди"", ""start"": 144, ""end"": 148}]"
aaed46edc5f144fd8545801e23dadc376f7b4ad38a558b4e3c662f1fb1f4eed3,"Удар сталінської колективізації було вицілено глибше , і вістря його недарма прийшлось на одну з найдревніших аграрних цивілізацій ( « народ воїнів і орачів » ) , яка свого часу зуміла витримати натиск Степу – і , бувши розташованою на найкращих у світі чорноземах ( тут зосереджено понад чверть їх планетарного ресурсу ) , аж до XX століття не мала на своєму рахунку історії голоду .","[{""label"": ""LOC"", ""text"": ""Степу""}, {""label"": ""DATE"", ""text"": ""XX століття""}]","[{""label"": ""ORG"", ""text"": ""сталінської колективізації"", ""start"": 5, ""end"": 31}, {""label"": ""ORG"", ""text"": ""народ воїнів і орачів"", ""start"": 135, ""end"": 156}, {""label"": ""LOC"", ""text"": ""Степу"", ""start"": 202, ""end"": 207}, {""label"": ""PERIOD"", ""text"": ""XX століття"", ""start"": 330, ""end"": 341}]"
dd440562a15367ec0518f60ac9851a4f571943e6131067369c7a4c4dd0b6ac62,"Як відомо , географія – це доля , і ті легендарні чорноземи в українській долі відіграли роль не меншу , ніж ліси в долях багатьох народів Європи , а Великий Степ , відповідно , народів Азії .","[{""label"": ""LOC"", ""text"": ""Європи""}, {""label"": ""LOC"", ""text"": ""Великий Степ""}, {""label"": ""LOC"", ""text"": ""Азії""}]","[{""label"": ""MISC"", ""text"": ""географія"", ""start"": 12, ""end"": 21}, {""label"": ""ART"", ""text"": ""легендарні чорноземи"", ""start"": 39, ""end"": 59}, {""label"": ""MISC"", ""text"": ""ліси"", ""start"": 109, ""end"": 113}, {""label"": ""LOC"", ""text"": ""Великий Степ"", ""start"": 150, ""end"": 162}]"
da4572eedddf328c8035051d4867e170c0c7459177475e22ffeae2cb6ab70d2e,"Хоч би що впродовж минулих віків чинили на цих чорноземах люди з людьми , у свідомості поколінь руйнівний потенціал всякої людської волі незмінно перекривало непохитне й непоборне , як фізичний закон , переконання : « земля прогодує » ! ( І вона таки годувала : навіть у роки Першої світової й воєнних розрухів 1918-1920 років по заїздах тієї частини України , що згодом стала радянською , хліб іще подавали , як і воду , – безкоштовним додатком до основної страви . ) Іншими словами – Бог сильніший од диявола , світ упорядкований так само , як був від свого сотворіння : « І сказав Бог : “ Оце дав я вам усю ярину , що розсіває насіння , що на всій землі , і кожне дерево , що на ньому плід деревний , що воно розсіває насіння , – нехай буде на їжу це вам ! ” » ( Буття , 1 , 29 ) .","[{""label"": ""MISC"", ""text"": ""Першої світової""}, {""label"": ""PERIOD"", ""text"": ""1918-1920 років""}, {""label"": ""LOC"", ""text"": ""України""}, {""label"": ""PERS"", ""text"": ""Бог""}, {""label"": ""PERS"", ""text"": ""Бог""}, {""label"": ""MISC"", ""text"": ""Буття , 1 , 29""}]","[{""label"": ""PERS"", ""text"": ""люди з людьми"", ""start"": 58, ""end"": 71}, {""label"": ""ART"", ""text"": ""хліб"", ""start"": 390, ""end"": 394}, {""label"": ""PERS"", ""text"": ""Бог"", ""start"": 486, ""end"": 489}, {""label"": ""PERS"", ""text"": ""Бог"", ""start"": 584, ""end"": 587}, {""label"": ""ART"", ""text"": ""плід деревний"", ""start"": 688, ""end"": 701}]"
7490447311cdd5adb83c1d24d10631632f450d168f73af256c6d5889b75478be,"Це – першооснова , а все решта – і тяжкий труд у поті чола , щоб « насіння » стало їжею , і періодична необхідність боронити своє поле зі зброєю в руках , – то вже « од лукавого » ( наслідок людського гріхопадіння ! ) , головне – поки ти на своїй землі й щиро на ній трудишся , жодні катаклізми « від людей » тобі не страшні : Бог на твоїй стороні .","[{""label"": ""PERS"", ""text"": ""Бог""}]","[{""label"": ""ART"", ""text"": ""насіння"", ""start"": 67, ""end"": 74}, {""label"": ""LOC"", ""text"": ""поле"", ""start"": 130, ""end"": 134}]"
c2e3f3ec9cdbcf13edd1cb4b5ae02f4bfadcb36a87d46f5512158ad56cdf67c3,"План , за яким цей споконвічний світопорядок мав бути зруйнований , як співалося в російській версії « Інтернаціоналу » , « до основанья » , був не так економіко-політичний ( не вважати ж за економічну мету свідоме перетворення житниці Європи на пустелю ! ) , як , в дійсності , замасковано-релігійний – « богоборчий » ( секулярна свідомість лишень підставляє замість « Бога » закони біоценозу , але концепту апріорної даности , « дарованости » людині всяких « плодів земних » для обробітку « на їжу » під сумнів не ставить , і ніякі харчові індустрії , ані навіть генна інженерія цього концепту не змінили : ми знаємо , що й далі їмо , хай як переробленим , те , що « застали » на планеті « готовим » , по-старовинному кажучи – « що Бог послав » ) . Сталін же зазіхнув не багато , не мало , як на місце « абсолютного дарівника » – Того , Хто Дає ( а як схоче , може й одібрати ! ) « насіння на їжу » , міфологічного « батька-годувальника » , що йому єдиному належиться відтепер складати подячну молитву за хліб на столі . Дивно влаштоване Семисвіття ...","[{""label"": ""MISC"", ""text"": ""Інтернаціоналу""}, {""label"": ""LOC"", ""text"": ""Європи""}, {""label"": ""PERS"", ""text"": ""Бога""}, {""label"": ""PERS"", ""text"": ""Бог""}, {""label"": ""PERS"", ""text"": ""Сталін""}, {""label"": ""LOC"", ""text"": ""Семисвіття""}]","[{""label"": ""ORG"", ""text"": ""Інтернаціоналу"", ""start"": 103, ""end"": 117}, {""label"": ""PERS"", ""text"": ""Сталін"", ""start"": 751, ""end"": 757}, {""label"": ""MISC"", ""text"": ""насіння на їжу"", ""start"": 884, ""end"": 898}]"
0ae0a1b0ddf03228d839d451a64792af1da3f0c63cd7f8d8388f34154b101069,"Нічого Волошко так не боявся , як того , що мати взнає , що то він їй Лельник на пшик спустив .","[{""label"": ""PERS"", ""text"": ""Волошко""}, {""label"": ""MISC"", ""text"": ""Лельник""}]","[{""label"": ""PERS"", ""text"": ""Волошко"", ""start"": 7, ""end"": 14}, {""label"": ""PERS"", ""text"": ""мати"", ""start"": 44, ""end"": 48}, {""label"": ""PERS"", ""text"": ""Лельник"", ""start"": 70, ""end"": 77}]"
b0bccbe758a2aeb37cb1e724b8314707680bd68a6d5dabbf517dff6729f90f41,"Коли б не той страх , хіба б він рвонув із отим собацюрою Семарглом ?!","[{""label"": ""PERS"", ""text"": ""Семарглом""}]","[{""label"": ""PERS"", ""text"": ""Семарглом"", ""start"": 58, ""end"": 67}]"
cabc5fd68fcc5488da339702f5a433c24729219d6338905f88c9a6fb285baea6,"Хоча , хто його знає , може , і рвонув би , а може , й ... ні .",[],"[{""label"": ""PERS"", ""text"": ""хто його знає"", ""start"": 7, ""end"": 20}]"
23ac7185500cf4986ce8ae5e155510de6baef23dbd57a3ad92657b276900b441,І не був би тепер тілом змієвич .,[],"[{""label"": ""PERS"", ""text"": ""змієвич"", ""start"": 24, ""end"": 31}]"
f12ba02bdfbcbd6adb3da236003abca53f133097dbf367f183ac241f58478336,"А може , і був би ...",[],[]
a5a3431bd7a685c22a364b50f1e6444c65e12c43d8a20caf7fef7ba899d7d254,"І що дивно , матері оте все наче й невтямки . Лельник свій , дякувати батькові , що відразу повіз дівок до Лади , довела до пуття і тепер порається собі , наче й не було нічого .","[{""label"": ""MISC"", ""text"": ""Лельник""}, {""label"": ""PERS"", ""text"": ""Лади""}]","[{""label"": ""PERS"", ""text"": ""матері"", ""start"": 13, ""end"": 19}, {""label"": ""PERS"", ""text"": ""Лельник свій"", ""start"": 46, ""end"": 58}, {""label"": ""PERS"", ""text"": ""батькові"", ""start"": 70, ""end"": 78}, {""label"": ""LOC"", ""text"": ""Лади"", ""start"": 107, ""end"": 111}]"
32a62a1c41380f7af82276c8da44ad65abcf6fddc2ca65d7ca9a1033f5be71ea,"Та й навколо Милави втихло , як тільки Чаруня привезла дівку від Зимни-пупорізки з червоною , як у Малка після горівки , пикою та цілою торбою всіляких збаночків із мастилом , аби з того червоного вигоріло на красне .","[{""label"": ""PERS"", ""text"": ""Милави""}, {""label"": ""PERS"", ""text"": ""Чаруня""}, {""label"": ""PERS"", ""text"": ""Зимни-пупорізки""}, {""label"": ""PERS"", ""text"": ""Малка""}]","[{""label"": ""PERS"", ""text"": ""Милави"", ""start"": 13, ""end"": 19}, {""label"": ""PERS"", ""text"": ""Чаруня"", ""start"": 39, ""end"": 45}, {""label"": ""ART"", ""text"": ""дівку від Зимни-пупорізки з червоною"", ""start"": 55, ""end"": 91}, {""label"": ""PERS"", ""text"": ""Малка"", ""start"": 99, ""end"": 104}, {""label"": ""ART"", ""text"": ""горівки"", ""start"": 111, ""end"": 118}, {""label"": ""ART"", ""text"": ""пикою"", ""start"": 121, ""end"": 126}, {""label"": ""MISC"", ""text"": ""всіляких збаночків із мастилом"", ""start"": 143, ""end"": 173}]"
045be1fcb502d885c2b67ed58f3700afca9d184df3d7ed58930b78fa0223bfad,"Хіба дівки знов товчуться під Милавиною хатою , випрошуючи й собі якої мазюкалки на прищі та веснянки .","[{""label"": ""PERS"", ""text"": ""Милавиною""}]","[{""label"": ""PERS"", ""text"": ""Хіба дівки"", ""start"": 0, ""end"": 10}, {""label"": ""LOC"", ""text"": ""під Милавиною хатою"", ""start"": 26, ""end"": 45}]"
b6f51eb7a88b06bf089aa7209161a6add9f44538d4be75c96a65a126f3d2c26a,А мати порається та порається .,[],"[{""label"": ""PERS"", ""text"": ""А мати"", ""start"": 0, ""end"": 6}]"
ba83fd5685bfb696f628ce8aec3e0e3123bb3da25feee0a9fb509ff952e7662b,"Наче й не змієвич він тепер , наче й не знає , скільки всього переколотилося через нього за той малий кавалок часу . Волошко сидить на призьбі , тихо жує перепічку й думає собі : « Дурно Вродка каже , що мати все чує .","[{""label"": ""PERS"", ""text"": ""Волошко""}, {""label"": ""PERS"", ""text"": ""Вродка""}]","[{""label"": ""PERIOD"", ""text"": ""малий кавалок часу"", ""start"": 96, ""end"": 114}, {""label"": ""PERS"", ""text"": ""Волошко"", ""start"": 117, ""end"": 124}, {""label"": ""LOC"", ""text"": ""призьбі"", ""start"": 135, ""end"": 142}, {""label"": ""ART"", ""text"": ""перепічку"", ""start"": 154, ""end"": 163}, {""label"": ""PERS"", ""text"": ""Дурно Вродка"", ""start"": 181, ""end"": 193}, {""label"": ""PERS"", ""text"": ""мати"", ""start"": 204, ""end"": 208}]"
85d7ae5ce920d0bb2535476398287cf0707dec0e6af1c75cf9ce9a53ecdc8652,"Диви , скільки ми всього понавиробляли , а їй хоч би що !",[],"[{""label"": ""QUANT"", ""text"": ""скільки ми всього понавиробляли"", ""start"": 7, ""end"": 38}]"
e4791be91d2c4cd8b4d1f2b9364d49b01655ffe6cb981836437da78502622786,"Хіба б вона ото так спокійно ті борщі варила , коли б знала , де ми моталися поза її чуттям ?! »",[],"[{""label"": ""PERS"", ""text"": ""вона"", ""start"": 7, ""end"": 11}, {""label"": ""MISC"", ""text"": ""борщі"", ""start"": 32, ""end"": 37}]"
9c458b827597543a20c6fb9b11066c7244878a58679d973f801215f1f4859e7f,"А Врода й сама не знає , що думати .","[{""label"": ""PERS"", ""text"": ""Врода""}]","[{""label"": ""PERS"", ""text"": ""Врода"", ""start"": 2, ""end"": 7}]"
75433f40db2e6e423c82da37eb7fd5b7505e92739916fc69cd241bd2ba72a67c,"Як же вона боялася , що мати взнає , що вона Волошка-дурня не встерегла !","[{""label"": ""PERS"", ""text"": ""Волошка-дурня""}]","[{""label"": ""PERS"", ""text"": ""мати"", ""start"": 24, ""end"": 28}, {""label"": ""PERS"", ""text"": ""Волошка-дурня"", ""start"": 45, ""end"": 58}]"
ace88adbae7c83dc0a3d3a9275afc543283775325351a3f8aece96e7e5b144e5,Як боялася !,[],[]
bb91a65d4643267c3f4f6484248ec88295f0bb19531e11407d71a24706be7529,З того переляку самого Чорнобога задурила !,"[{""label"": ""PERS"", ""text"": ""Чорнобога""}]","[{""label"": ""PERS"", ""text"": ""Чорнобога"", ""start"": 23, ""end"": 32}]"
948d17e7533171b0cff1aba3c716b4c154d075a4d1c718c7024dc495b8c5ded5,І що ?,[],[]
c8770fdbccb4b7791ba6312d2e1e4b63a754cfa5baea8a25eb2264cedffbac26,"Мати наче й не чує , що з того Волошка вимісилося поза її спиною !","[{""label"": ""PERS"", ""text"": ""Волошка""}]","[{""label"": ""PERS"", ""text"": ""Мати"", ""start"": 0, ""end"": 4}, {""label"": ""PERS"", ""text"": ""Волошка"", ""start"": 31, ""end"": 38}]"
3429d43d48a01612a4b5ba9caf891713b0075dd20a150dade868a9d3a8b3f3f1,"Наче не чує , кого її берегинька мала осилила , поки вона з чужими дівками возилася !..",[],"[{""label"": ""PERS"", ""text"": ""берегинька мала"", ""start"": 22, ""end"": 37}]"
afb69eb54426a6ce9093509633e4e012c067e483b4625b2b4b7e2fb791ade11c,"Мати , як ошпарена , бігала Стрибожем , даючи всьому лад , і Врода мусить не відставати : то розсаду розносила , то миски мила , то кашу затовкувала , то чиїхось пуцьвірінків чучукала ...","[{""label"": ""LOC"", ""text"": ""Стрибожем""}, {""label"": ""PERS"", ""text"": ""Врода""}]","[{""label"": ""PERS"", ""text"": ""Мати"", ""start"": 0, ""end"": 4}, {""label"": ""PERS"", ""text"": ""Врода"", ""start"": 61, ""end"": 66}, {""label"": ""MISC"", ""text"": ""розсаду"", ""start"": 93, ""end"": 100}, {""label"": ""MISC"", ""text"": ""миски"", ""start"": 116, ""end"": 121}, {""label"": ""MISC"", ""text"": ""кашу"", ""start"": 132, ""end"": 136}]"
d508a0d29bd9c7b5bf206cd5f094d37c7ecd11a806772b8a967931ba3f378412,Крутилася як та муха в окропі та все не могла втямити : « Невже таки мати не вчула ?!,[],"[{""label"": ""PERS"", ""text"": ""мати"", ""start"": 69, ""end"": 73}]"
a248575710a4f85584f4c9cb8edcd9240cebba8c2d860d3279fb6efaa8fa4587,"Невже вони і її чуття обійшли , як того Гадючого царя ?! »","[{""label"": ""PERS"", ""text"": ""Гадючого царя""}]","[{""label"": ""PERS"", ""text"": ""вони"", ""start"": 6, ""end"": 10}, {""label"": ""PERS"", ""text"": ""Гадючого царя"", ""start"": 40, ""end"": 53}]"
d863a320bf3b2abdb96a23a1cf626807c9dc39f8b69ffdfb3219dd37d407077e,А Вабка теж крутилася дзиґою .,"[{""label"": ""PERS"", ""text"": ""Вабка""}]","[{""label"": ""PERS"", ""text"": ""Вабка"", ""start"": 2, ""end"": 7}, {""label"": ""ART"", ""text"": ""дзиґою"", ""start"": 22, ""end"": 28}]"
37691bf81eaee3b535a5a2fd5e8ba2288240bc35aa954639243ad2cb0192f993,"Уже разів двадцять обернулася перед Лютом то в той бік , то в інший , метляючи над споришами новою спідницею , що мати їй за котюгу подарувала .","[{""label"": ""PERS"", ""text"": ""Лютом""}]","[{""label"": ""QUANT"", ""text"": ""разів двадцять"", ""start"": 4, ""end"": 18}, {""label"": ""PERS"", ""text"": ""Лютом"", ""start"": 36, ""end"": 41}, {""label"": ""MISC"", ""text"": ""споришами"", ""start"": 83, ""end"": 92}, {""label"": ""ART"", ""text"": ""новою спідницею"", ""start"": 93, ""end"": 108}, {""label"": ""PERS"", ""text"": ""мати"", ""start"": 114, ""end"": 118}, {""label"": ""MISC"", ""text"": ""котюгу"", ""start"": 125, ""end"": 131}]"
0a898ff190fe601c98b3aff67590cc941170209c8fcdd17f28b9b20d0d719943,"І реготала на всі груди аж до сліз , аби геть виреготати з себе той страх , що затис був її серце , як той Волошко зник .","[{""label"": ""PERS"", ""text"": ""Волошко""}]","[{""label"": ""PERS"", ""text"": ""Волошко"", ""start"": 107, ""end"": 114}]"
c257874cdbd03f38c9f4f387f43bc3c27930a7f5f2585f6fca20c3480f2b24cd,"Як же вона злякалася , що з ним щось таке стане , чому вона ради не дасть !",[],"[{""label"": ""PERS"", ""text"": ""вона"", ""start"": 6, ""end"": 10}, {""label"": ""PERS"", ""text"": ""ним"", ""start"": 28, ""end"": 31}, {""label"": ""PERS"", ""text"": ""вона"", ""start"": 55, ""end"": 59}]"
c6239ad8fef6e8e5a52faa13ebf424d9db7b80ef6432363c88d88e2a870a5f62,А таки не стало !,[],[]
536b0a426f9e064d398750d4b84d7f7c67baaec12ebe37e5ca106ccbf5951f7b,Таки була в неї рада на кожну його дур !,[],"[{""label"": ""PERS"", ""text"": ""неї"", ""start"": 12, ""end"": 15}]"
0e9e640448cc1d8c1051e6107eb7bffc5e2b8a09872f18360ab2f7af891e81c6,Бо вона не якась берегинька-колохатипхайка !,[],"[{""label"": ""JOB"", ""text"": ""берегинька-колохатипхайка"", ""start"": 17, ""end"": 42}]"
d7b504022f822b0e0513dcd021616bb9d3aa3b245778a72e0b27d3c0c619354c,Вона лярва !,[],"[{""label"": ""ORG"", ""text"": ""Вона лярва !"", ""start"": 0, ""end"": 12}]"
e06f1d05e7e2c21f426e7c3a3c6fdf818c665e765fa8e5c833557c6b77d3471c,"І то така лярва , що , може , і Вражеву дочку колись перетанцює , як божі не зрадять !","[{""label"": ""PERS"", ""text"": ""Вражеву""}]","[{""label"": ""PERS"", ""text"": ""лярва"", ""start"": 10, ""end"": 15}, {""label"": ""PERS"", ""text"": ""Вражеву дочку"", ""start"": 32, ""end"": 45}]"
4e32f5aa66ec9877182707dae2aa508bf55f790517400a2c1992a8029af313e0,"І добре , що й Волошко тепер як вона — тілом змієвич .","[{""label"": ""PERS"", ""text"": ""Волошко""}]","[{""label"": ""PERS"", ""text"": ""Волошко"", ""start"": 15, ""end"": 22}, {""label"": ""JOB"", ""text"": ""тілом змієвич"", ""start"": 39, ""end"": 52}]"
fc75c1403567dd3b7cdb567eaf3b7276bb6973c7319008b71d10667b62802824,Таки вони до пари !..,[],[]
56af422bd5ed993b51a6055e6f174ca87fed8bcdd7f8b19e47965bc1c0bb5778,А Лют нічого не боявся .,"[{""label"": ""PERS"", ""text"": ""Лют""}]","[{""label"": ""PERS"", ""text"": ""А Лют"", ""start"": 0, ""end"": 5}]"
03d97c9f408a2920967fdd3015c4b7c4ecb718afa1cde5c2c84aee3b9fb06d7a,"Бо чого йому боятися , як божі далеко , а людям він якось раду дасть , бо до цього дня давав , то чого має бути інакше ...",[],"[{""label"": ""PERS"", ""text"": ""він"", ""start"": 48, ""end"": 51}]"
abf2f046db53f5bf75d0bb9144dc7666cf3b072098c979355c9f7166fe469c5c,"Диви-оно , які всі хитрі — і Вабка , і Вродка .","[{""label"": ""PERS"", ""text"": ""Вабка""}, {""label"": ""PERS"", ""text"": ""Вродка""}]","[{""label"": ""PERS"", ""text"": ""Диви-оно"", ""start"": 0, ""end"": 8}, {""label"": ""PERS"", ""text"": ""Вабка"", ""start"": 29, ""end"": 34}, {""label"": ""PERS"", ""text"": ""Вродка"", ""start"": 39, ""end"": 45}]"
f5d9e757598d2571be7164a8da747e76c7611f88610ff7009ea35c66dbf6e991,"А що вони втнули б , коли б не він коло них ?!",[],"[{""label"": ""PERS"", ""text"": ""він"", ""start"": 31, ""end"": 34}]"
17444b1b01d16eda4874b1f29afc33f7c899e1d7d5505331c36bba304d52f6e3,"Так би й пишалася та Милава Стрибожем , а у Вродки ніс від сліз бубнявів ...","[{""label"": ""PERS"", ""text"": ""Милава""}, {""label"": ""LOC"", ""text"": ""Стрибожем""}, {""label"": ""PERS"", ""text"": ""Вродки""}]","[{""label"": ""PERS"", ""text"": ""Милава Стрибожем"", ""start"": 21, ""end"": 37}, {""label"": ""PERS"", ""text"": ""Вродки"", ""start"": 44, ""end"": 50}]"
4fe90710668931963c4b063c3b0875edb6ff0810451cd82171412477c73f11cd,"А тепер диви , яка біга — тільки мигтить за нею !..",[],"[{""label"": ""PERS"", ""text"": ""диви"", ""start"": 8, ""end"": 12}, {""label"": ""PERS"", ""text"": ""яка біга"", ""start"": 15, ""end"": 23}]"
e28ee9139a16e5d92edd79f06a6fdff11bf8987d10c6df4c55a2b81eea648f0d,Вишкварка ...,[],"[{""label"": ""LOC"", ""text"": ""Вишкварка"", ""start"": 0, ""end"": 9}]"
49fde4299a2f4af3d8c8b1dca3ef269f801e22bae84fb887f0cbf97c233e7793,І Будимир нічого не боявся .,"[{""label"": ""PERS"", ""text"": ""Будимир""}]","[{""label"": ""PERS"", ""text"": ""Будимир"", ""start"": 2, ""end"": 9}]"
b271e807c42967b6c1977256f55f892edd761cbc650cf4a681f1da63b5290e22,Хіба себе самого …,[],"[{""label"": ""PERS"", ""text"": ""себе самого"", ""start"": 5, ""end"": 16}]"
10eaf99e873df1de4497f9b4ee4f38e588fa2be9f309d02c9f0a62dbd8a53c9f,Але від того спасу не було .,[],[]
13010cfdf922e5bf0d93bd99323a27d9fce2de4240cf15f618f7cac4e3b23122,"Сидів собі коло кузні , витягнувши ноги , й пахкав люлькою , аби ніхто говорити до нього не надумав ...",[],"[{""label"": ""LOC"", ""text"": ""кузні"", ""start"": 16, ""end"": 21}, {""label"": ""ART"", ""text"": ""люлькою"", ""start"": 51, ""end"": 58}]"
5db8a3f10f33304a02cc3605c07ff1851ec2da1ff528b19e03569af09e8e188f,"А Гаїна так перетерпілася на тому Лельнику , що нарадуватися не могла , що воно якось минулося .","[{""label"": ""PERS"", ""text"": ""Гаїна""}, {""label"": ""MISC"", ""text"": ""Лельнику""}]","[{""label"": ""PERS"", ""text"": ""Гаїна"", ""start"": 2, ""end"": 7}, {""label"": ""LOC"", ""text"": ""Лельнику"", ""start"": 34, ""end"": 42}]"
3fa7de732b50fe0607ae042ca4721b7ee8dedc308f89a96c712824b34f816592,"Бо ото відколи вчинила той переступ із тими дітьми , відтоді наче зламала щось , Вищими на неї покладене , усе боялася , що таки піде не так .",[],[]
049ae897f0510cac68aea741be82e7d81676e4abde786ae238602bafd42957cd,"І як той Лельник ото увірвався на рівному місці , була б здуріла зі страху , що то і є воно — ота кара всій окраїні за її , чуйної , переступ , за її Гаїнине щастя !","[{""label"": ""MISC"", ""text"": ""Лельник""}, {""label"": ""PERS"", ""text"": ""Гаїнине""}]","[{""label"": ""PERS"", ""text"": ""Лельник"", ""start"": 9, ""end"": 16}, {""label"": ""LOC"", ""text"": ""рівному місці"", ""start"": 34, ""end"": 47}, {""label"": ""LOC"", ""text"": ""окраїні"", ""start"": 108, ""end"": 115}]"
9a2bd0e08c7218904efae194dde2d1ed6c17fe937d9a172218822730b50e871d,"Вона так боялася порушити той хиткий лад , що таки настав , коли вони все виправили , що дітей своїх незволених навіть чуттям не торкнулася : є , живі , здорові , при хаті , при роботі , — отже все до Ладу . Гаїна кинулася в буденні клопоти , як дідько у вир , — тільки диміло за нею по всьому Стрибожі !","[{""label"": ""PERS"", ""text"": ""Ладу""}, {""label"": ""PERS"", ""text"": ""Гаїна""}, {""label"": ""LOC"", ""text"": ""Стрибожі""}]","[{""label"": ""PERS"", ""text"": ""Вона"", ""start"": 0, ""end"": 4}, {""label"": ""LOC"", ""text"": ""Ладу"", ""start"": 201, ""end"": 205}, {""label"": ""PERS"", ""text"": ""Гаїна"", ""start"": 208, ""end"": 213}, {""label"": ""LOC"", ""text"": ""Стрибожі"", ""start"": 294, ""end"": 302}]"
f08955d0b1acaf23db15b30aaa64902f7457ecbe97731bb260de478c39027f77,"А що дітей і чоловіка свого вона за тим біганням старалася у душу не взяти , то й не знала про їхню наглу пригоду .",[],"[{""label"": ""PERS"", ""text"": ""вона"", ""start"": 28, ""end"": 32}]"
dee249e2b80218db788a73a4e5ba15838e106d68ee38d31cd5dc6566fd80c8f5,"Не хотіла нічого знати , поки , божам дякувати , все і так добре ... Будимир знав , що не добре , та мовчав , бо сам був винен .","[{""label"": ""PERS"", ""text"": ""Будимир""}]","[{""label"": ""PERS"", ""text"": ""Будимир"", ""start"": 69, ""end"": 76}]"
5278deb25dbcdf829cc287b4945a8704b18ebc076b2c4134a00bdcac16e022a9,"І сам не мав на себе ні ради , ні кари .",[],"[{""label"": ""PERS"", ""text"": ""І сам"", ""start"": 0, ""end"": 5}]"
a839f3fa5d82dd8d85d829946885c27ba7ba4253a1eaaaf2a254c5b0157f9fc4,"Тільки й того , що над Красногіркою куріло з його люльки тонкою цівкою аж до самої хмари ...","[{""label"": ""LOC"", ""text"": ""Красногіркою""}]","[{""label"": ""LOC"", ""text"": ""Красногіркою"", ""start"": 23, ""end"": 35}, {""label"": ""ART"", ""text"": ""люльки"", ""start"": 50, ""end"": 56}]"
dcff355378aee50397216fe2ef7cf924adcf49c269bb61cb6cf0283c0d81a110,"Одна Чаруня пишалася на вигоні , як той індик , уже й не знаючи , кому розказати , що її мала котюгу до хати приманила .","[{""label"": ""PERS"", ""text"": ""Чаруня""}]","[{""label"": ""PERS"", ""text"": ""Чаруня"", ""start"": 5, ""end"": 11}, {""label"": ""LOC"", ""text"": ""вигоні"", ""start"": 24, ""end"": 30}, {""label"": ""PERS"", ""text"": ""той індик"", ""start"": 36, ""end"": 45}, {""label"": ""ART"", ""text"": ""котюгу"", ""start"": 94, ""end"": 100}]"
671a4f9173d9a5dd456ab308ffef46a8b0c07fc28b387eb9cacf045c39c9fe85,Бо таки її Вабка вдалася понад неї !,"[{""label"": ""PERS"", ""text"": ""Вабка""}]","[{""label"": ""PERS"", ""text"": ""Вабка"", ""start"": 11, ""end"": 16}]"
06e6ffc5c3d37cbdb7d98afc1297d9950b5ff266161ffc4c6bc5634d8efd2470,Таку ніякий Вражий син під себе не підімне !,"[{""label"": ""PERS"", ""text"": ""Вражий""}]","[{""label"": ""PERS"", ""text"": ""Вражий син"", ""start"": 12, ""end"": 22}]"
5099aae3aa6409041d0f906462f1aedd1199ad02e369fa7038b0316a604f77f2,"Така не вродить , як од вітру , перед самим Великим Таном дитя !","[{""label"": ""MISC"", ""text"": ""Великим Таном""}]","[{""label"": ""PERS"", ""text"": ""Великим Таном"", ""start"": 44, ""end"": 57}]"
d8f25bdd082f5ce24aa98e84f3ca264fd95e44f39d7230853a58f2c6cf06928e,"Як ця мала лярва у сім літ котюгу до хати приманила , то що буде з неї на третій седмиці !!",[],"[{""label"": ""PERS"", ""text"": ""мала лярва"", ""start"": 6, ""end"": 16}, {""label"": ""ART"", ""text"": ""котюгу"", ""start"": 27, ""end"": 33}, {""label"": ""LOC"", ""text"": ""хати"", ""start"": 37, ""end"": 41}, {""label"": ""PERIOD"", ""text"": ""третій седмиці"", ""start"": 74, ""end"": 88}]"
af036bcbd94709dbd294744a0249babfb4a7a3aed3d78c229e69ea6c504b0344,"Та коло її хати сам Дажбог бичком ревти буде ! Див солов’єм заливатиметься , аби тільки вийшла !","[{""label"": ""PERS"", ""text"": ""Дажбог""}, {""label"": ""PERS"", ""text"": ""Див""}]","[{""label"": ""LOC"", ""text"": ""коло її хати"", ""start"": 3, ""end"": 15}, {""label"": ""PERS"", ""text"": ""Дажбог"", ""start"": 20, ""end"": 26}, {""label"": ""PERS"", ""text"": ""Див солов’єм"", ""start"": 47, ""end"": 59}]"
765c39214b483c84a796299227917d3d190512698074415d6234c8ba4de72fa1,"Нехай не вона , Чаруня Любчина , то її Вабка буде таки лярвою понад лярви !","[{""label"": ""PERS"", ""text"": ""Чаруня Любчина""}, {""label"": ""PERS"", ""text"": ""Вабка""}]","[{""label"": ""PERS"", ""text"": ""Чаруня Любчина"", ""start"": 16, ""end"": 30}, {""label"": ""PERS"", ""text"": ""Вабка"", ""start"": 39, ""end"": 44}, {""label"": ""JOB"", ""text"": ""лярвою"", ""start"": 55, ""end"": 61}]"
d160f01bf42450f68a0ad698d623edc696935a5ef5747df5734bbe6efac428fa,"Перетанцює у Великім Тані усе Семисвіття і буде ! Чаруня аж забула , що сонце покотилося до ночі , так їй перед очима стояло , як Вабка « перетанцьовує » — тільки чорна грива палахкотить над голими персами , тільки ноги , як два крила у ластівки , над бубнищем летять , землі не чути під ними ... як та Вражева дочка .","[{""label"": ""LOC"", ""text"": ""Великім Тані""}, {""label"": ""LOC"", ""text"": ""Семисвіття""}, {""label"": ""PERS"", ""text"": ""Чаруня""}, {""label"": ""PERS"", ""text"": ""Вабка""}, {""label"": ""PERS"", ""text"": ""Вражева""}]","[{""label"": ""LOC"", ""text"": ""Великім Тані"", ""start"": 13, ""end"": 25}, {""label"": ""PERS"", ""text"": ""Чаруня"", ""start"": 50, ""end"": 56}, {""label"": ""PERS"", ""text"": ""Вабка"", ""start"": 130, ""end"": 135}, {""label"": ""ART"", ""text"": ""чорна грива"", ""start"": 163, ""end"": 174}, {""label"": ""ART"", ""text"": ""голими персами"", ""start"": 191, ""end"": 205}, {""label"": ""ART"", ""text"": ""ноги"", ""start"": 215, ""end"": 219}, {""label"": ""MISC"", ""text"": ""бубнищем"", ""start"": 252, ""end"": 260}, {""label"": ""PERS"", ""text"": ""Вражева дочка"", ""start"": 303, ""end"": 316}]"
0eac2c1210dd1159a6f660517f3770b72901f053a6e368b72747f7ba5f60aa64,"Раз у житі бачила Чаруня , як танцює змієніжка Лихо . Любас її , син Вражів , що таки втнув лярві дитя , провів якось Чаруню тихцем на край кручі . Славута там лежала внизу як море — тільки сизіло , де мав бути другий берег .","[{""label"": ""PERS"", ""text"": ""Чаруня""}, {""label"": ""PERS"", ""text"": ""Лихо""}, {""label"": ""PERS"", ""text"": ""Любас""}, {""label"": ""PERS"", ""text"": ""Вражів""}, {""label"": ""PERS"", ""text"": ""Чаруню""}, {""label"": ""LOC"", ""text"": ""Славута""}]","[{""label"": ""PERS"", ""text"": ""Чаруня"", ""start"": 18, ""end"": 24}, {""label"": ""PERS"", ""text"": ""Лихо"", ""start"": 47, ""end"": 51}, {""label"": ""PERS"", ""text"": ""Любас"", ""start"": 54, ""end"": 59}, {""label"": ""PERS"", ""text"": ""Вражів"", ""start"": 69, ""end"": 75}, {""label"": ""PERS"", ""text"": ""Чаруню"", ""start"": 118, ""end"": 124}, {""label"": ""LOC"", ""text"": ""край кручі"", ""start"": 135, ""end"": 145}, {""label"": ""LOC"", ""text"": ""Славута"", ""start"": 148, ""end"": 155}, {""label"": ""LOC"", ""text"": ""другий берег"", ""start"": 211, ""end"": 223}]"
d7ac9c792225b8331021ebdce943e3c0eb1020e0d8879a647f08d1ecc22231aa,"Сонце падало їм поза спини , і мілина під кручею аж світилася од того пізнього палкого сонця .",[],"[{""label"": ""LOC"", ""text"": ""мілина під кручею"", ""start"": 31, ""end"": 48}]"
41e30f91d1548c2139d8f3a5150c2ddcc8ccf3a9ca55767a664217e8ce69399e,І на тім мілкім — не у воді й не на землі — танцювала змієнога Лихо . Божі й Праве !,"[{""label"": ""PERS"", ""text"": ""Лихо""}, {""label"": ""PERS"", ""text"": ""Божі""}]","[{""label"": ""LOC"", ""text"": ""не у воді й не на землі"", ""start"": 18, ""end"": 41}, {""label"": ""PERS"", ""text"": ""Лихо"", ""start"": 63, ""end"": 67}]"
6b7b785f222a82c3d74c77a8ed8d3110b19d5a8933f88ee1ad0702d9f1843584,Як вона танцювала !,[],[]
106a660d9ab8780a40d145902b3c2271ee876b8875450aa5474e74011185537f,Чорне тіло її звивалося кожною дрібною рисочкою і жодна війка не тріпотіла марно .,[],"[{""label"": ""MISC"", ""text"": ""Чорне тіло"", ""start"": 0, ""end"": 10}]"
d5996d91e7d15e38b2a1f57522fddc802a6191951129ced7bb371ccb94afee30,Вона заслоняла собою весь білий світ !,[],"[{""label"": ""PERS"", ""text"": ""Вона"", ""start"": 0, ""end"": 4}, {""label"": ""LOC"", ""text"": ""білий світ"", ""start"": 26, ""end"": 36}]"
88ca7ca897e89a6c14131ed04a2b6bd6b55e42fa5151861c75f748529df7cf3d,"Весь білий світ пропадав поза її високими тугими персами , тонув межи хвилі її смоляного волосся , змився і ник коло її високих , виточених як у тої оленички , ніг !",[],"[{""label"": ""LOC"", ""text"": ""Весь білий світ"", ""start"": 0, ""end"": 15}, {""label"": ""ART"", ""text"": ""її високими тугими персами"", ""start"": 30, ""end"": 56}, {""label"": ""ART"", ""text"": ""її смоляного волосся"", ""start"": 76, ""end"": 96}, {""label"": ""PERS"", ""text"": ""її"", ""start"": 117, ""end"": 119}]"
c3660310aeadecac1da0575bed982b6613897b7fa181fb08b5a1ec7469c948bf,Весь світ вміщався у її танок !,[],"[{""label"": ""LOC"", ""text"": ""Весь світ"", ""start"": 0, ""end"": 9}]"
c579e4fedf488bff55fc95e457d9ae79fb4b8d1200b2f006a6b230274ca22bce,І оте натомлене за день сонце .,[],[]
d0f4ab7b4bbc6730761c843022e4b699e4a07c474941a262650633d4777a4622,І Славута з її тихим глибоким диханням .,"[{""label"": ""LOC"", ""text"": ""Славута""}]","[{""label"": ""PERS"", ""text"": ""І Славута"", ""start"": 0, ""end"": 9}]"
55379c0c29eccff330d93b6cd8d4e20fc60ffdcb9e98c7059662e95c72b14699,І хмарка мошви над водою .,[],[]
d4f5c315a6fdc648276716dca3e2f3a617b2c9cc85716d8a38ea6590696d5f0a,І туман на тім боці землі .,[],"[{""label"": ""LOC"", ""text"": ""тім боці землі"", ""start"": 11, ""end"": 25}]"
616bc23c5814745eee015bb7d439006650e14e984e586d05fe1e519b3984205f,"І навіть вона , Чаруня , зі своїм любасом і вже зав’язаною в ній дитиною ...","[{""label"": ""PERS"", ""text"": ""Чаруня""}]","[{""label"": ""PERS"", ""text"": ""Чаруня"", ""start"": 16, ""end"": 22}, {""label"": ""PERS"", ""text"": ""дитиною"", ""start"": 65, ""end"": 72}]"
f4e88deb22626d7be18ccd15048d2119f12b38232bba7c408ddbbf69e0328387,Все дихало й трепетало у тому танці .,[],[]
2026e7e9ba1839c5fcd2997a3d3b36b17a49e786bee62ddc4298767b45b128a2,І нічого кращого в своєму житті Чаруня не бачила .,"[{""label"": ""PERS"", ""text"": ""Чаруня""}]","[{""label"": ""PERS"", ""text"": ""Чаруня"", ""start"": 32, ""end"": 38}]"
3b4dbb3dd89a1c997885760b04006e3d98d1ca02eae32461412c3373019004d1,"Хіба , може , зведеться ось її Вабка над неї , над Вражу кров батькову , та затанцює так , що й Лихо заплаче від неспромоги ...","[{""label"": ""PERS"", ""text"": ""Вабка""}, {""label"": ""PERS"", ""text"": ""Вражу""}, {""label"": ""PERS"", ""text"": ""Лихо""}]","[{""label"": ""PERS"", ""text"": ""Вабка"", ""start"": 31, ""end"": 36}, {""label"": ""PERS"", ""text"": ""Вражу"", ""start"": 51, ""end"": 56}, {""label"": ""PERS"", ""text"": ""Лихо"", ""start"": 96, ""end"": 100}]"
f4999a9f2078d48fbedf00b2b78d252a5f74a4e9006a55cd96e9cf638ae2d624,"Її Вабка , Чаруніна ...","[{""label"": ""PERS"", ""text"": ""Вабка""}, {""label"": ""PERS"", ""text"": ""Чаруніна""}]","[{""label"": ""PERS"", ""text"": ""Її Вабка"", ""start"": 0, ""end"": 8}, {""label"": ""PERS"", ""text"": ""Чаруніна"", ""start"": 11, ""end"": 19}]"
d460f59aba5b8e13b05b5d753275438c088aeac03612db180fb181c5a38ab4f9,"А поки мусила вертатися на тверду землю та бігти до хати знімати усі коралі , та намисля , та силянки , міняти сорочку на намітку та йти в поле .",[],"[{""label"": ""PERIOD"", ""text"": ""А поки"", ""start"": 0, ""end"": 6}, {""label"": ""LOC"", ""text"": ""тверду землю"", ""start"": 27, ""end"": 39}, {""label"": ""ART"", ""text"": ""коралі"", ""start"": 69, ""end"": 75}, {""label"": ""MISC"", ""text"": ""намисля"", ""start"": 81, ""end"": 88}, {""label"": ""MISC"", ""text"": ""силянки"", ""start"": 94, ""end"": 101}, {""label"": ""ART"", ""text"": ""сорочку"", ""start"": 111, ""end"": 118}, {""label"": ""ART"", ""text"": ""намітку"", ""start"": 122, ""end"": 129}, {""label"": ""LOC"", ""text"": ""поле"", ""start"": 139, ""end"": 143}]"
b2d82ba048ff9188bdfaceedceea0bca88b86c6505e02825ccb1458347710b3a,"Бо ще не встигли той плаканий Лельник минути , а вже треба було до роси встигнути на жита .","[{""label"": ""MISC"", ""text"": ""Лельник""}]","[{""label"": ""PERS"", ""text"": ""Лельник"", ""start"": 30, ""end"": 37}, {""label"": ""PERIOD"", ""text"": ""минути"", ""start"": 38, ""end"": 44}]"
f7335feed1beb402a082f029c469107ef75576f91ec919cf5575ff55750f2548,"Бо саме на часі просити Діванну , аби дала сили озимому , та ярому , та траві-покосам .","[{""label"": ""PERS"", ""text"": ""Діванну""}]","[{""label"": ""PERS"", ""text"": ""Діванну"", ""start"": 24, ""end"": 31}, {""label"": ""MISC"", ""text"": ""озимому"", ""start"": 48, ""end"": 55}, {""label"": ""MISC"", ""text"": ""траві-покосам"", ""start"": 72, ""end"": 85}]"
54d3ec570d063c3c5c4dc5874cc7f269b8ef20f057eeef546fbbf7afd27c574d,"А та Діва-іва , або , як її ще звали при храмі , — Дів-панна чи й просто Діванна , була первісткою Диви Світовиди та Дива Чорнобога й терпіти не могла сорочок , а носила лише довгі мережані намітки , що ними обкручувала своє доладне тіло так , аби перса , її гордість і краса , лишалися на виду .","[{""label"": ""PERS"", ""text"": ""Діва-іва""}, {""label"": ""PERS"", ""text"": ""Дів-панна""}, {""label"": ""PERS"", ""text"": ""Діванна""}, {""label"": ""PERS"", ""text"": ""Диви Світовиди""}, {""label"": ""PERS"", ""text"": ""Дива Чорнобога""}]","[{""label"": ""PERS"", ""text"": ""Діва-іва"", ""start"": 5, ""end"": 13}, {""label"": ""LOC"", ""text"": ""храмі"", ""start"": 41, ""end"": 46}, {""label"": ""PERS"", ""text"": ""Дів-панна"", ""start"": 51, ""end"": 60}, {""label"": ""JOB"", ""text"": ""Діванна"", ""start"": 73, ""end"": 80}, {""label"": ""PERS"", ""text"": ""Диви Світовиди"", ""start"": 99, ""end"": 113}, {""label"": ""PERS"", ""text"": ""Дива Чорнобога"", ""start"": 117, ""end"": 131}, {""label"": ""ART"", ""text"": ""довгі мережані намітки"", ""start"": 175, ""end"": 197}]"
b46e5decc60814376442c7d658c5d18ce209c2505430b3ca7ce0e92bdf501961,Того й танцювати до неї слід було у намітці .,[],"[{""label"": ""PERS"", ""text"": ""Того"", ""start"": 0, ""end"": 4}, {""label"": ""MISC"", ""text"": ""намітці"", ""start"": 36, ""end"": 43}]"
1eb5379586c30401f99ab1843ca92f8ac3c96031971c9a9a78bed37996374f69,"Й кожна лярва змалку вчилася викручувати ті ткані гони навколо стану та мусила надбати не лише білих наміток із малими прошвами на голову , а й понавишивати червоних , і чорних , і жовтих , і семибарвних .",[],"[{""label"": ""PERS"", ""text"": ""кожна лярва"", ""start"": 2, ""end"": 13}, {""label"": ""ART"", ""text"": ""білих наміток із малими прошвами на голову"", ""start"": 95, ""end"": 137}, {""label"": ""ART"", ""text"": ""червоних"", ""start"": 157, ""end"": 165}]"
1c1393e8dd073a989f382a0cf70ecc2ea4b492b4146acda30ec6ac12f2655b77,"Бо не одна та Діванна хотіла , аби перед нею танцювали без сорочки .","[{""label"": ""PERS"", ""text"": ""Діванна""}]","[{""label"": ""PERS"", ""text"": ""Діванна"", ""start"": 14, ""end"": 21}]"
6e97ff6e4dcd1aca582fa4034fd641ad79493ae6dc7ea6cd7974525b72b8db66,"На що вже її брат-двійня Світовид Білобог вдався у матір Диву — сумирний , білотілий та ясноокий , а й той на свято теж сорочки не просив .","[{""label"": ""PERS"", ""text"": ""Світовид Білобог""}, {""label"": ""PERS"", ""text"": ""Диву""}]","[{""label"": ""PERS"", ""text"": ""Світовид Білобог"", ""start"": 25, ""end"": 41}, {""label"": ""PERS"", ""text"": ""матір Диву"", ""start"": 51, ""end"": 61}, {""label"": ""ART"", ""text"": ""сорочки"", ""start"": 120, ""end"": 127}]"
d5233f327416002142fdba59a9055116cb8b644fee62576333eee2488b2f67cd,"І Дажбог , і Перун Вергунець , і Чудо-Юдо Окіян , і ...","[{""label"": ""PERS"", ""text"": ""Дажбог""}, {""label"": ""PERS"", ""text"": ""Перун Вергунець""}, {""label"": ""PERS"", ""text"": ""Чудо-Юдо Окіян""}]","[{""label"": ""PERS"", ""text"": ""Дажбог"", ""start"": 2, ""end"": 8}, {""label"": ""PERS"", ""text"": ""Перун Вергунець"", ""start"": 13, ""end"": 28}, {""label"": ""PERS"", ""text"": ""Чудо-Юдо Окіян"", ""start"": 33, ""end"": 47}]"
ea4a07763776ba647d43f6c0e31085295bae4733e932c66347b59d2006936b6c,"Хіба Рід та ще Мокошині хлопці любили розперізувати грубих стегнистих молодух із картатих запасок , аби задерти їм на вуха вишивані сорочки ... але про танці тоді не йшлося ... Білобог брався за всяку справу й чи не з малого цілісінький день товкся межи людей , помагаючи при всякій нагоді .","[{""label"": ""PERS"", ""text"": ""Рід""}, {""label"": ""PERS"", ""text"": ""Мокошині""}, {""label"": ""PERS"", ""text"": ""Білобог""}]","[{""label"": ""ORG"", ""text"": ""Рід"", ""start"": 5, ""end"": 8}, {""label"": ""ORG"", ""text"": ""Мокошині хлопці"", ""start"": 15, ""end"": 30}, {""label"": ""ART"", ""text"": ""картатих запасок"", ""start"": 81, ""end"": 97}, {""label"": ""ART"", ""text"": ""вишивані сорочки"", ""start"": 123, ""end"": 139}, {""label"": ""MISC"", ""text"": ""танці"", ""start"": 152, ""end"": 157}, {""label"": ""PERS"", ""text"": ""Білобог"", ""start"": 177, ""end"": 184}, {""label"": ""ART"", ""text"": ""всяку справу"", ""start"": 195, ""end"": 207}, {""label"": ""PERIOD"", ""text"": ""цілісінький день"", ""start"": 225, ""end"": 241}]"
fe406c6581ff907c0e912b6f737594e9e420914ff5b98f403a877b2d3ee5fc5c,"Мав золоті руки й одне що терпіти не міг , то всяке ледащо та недбальство .",[],"[{""label"": ""PERS"", ""text"": ""Мав золоті руки"", ""start"": 0, ""end"": 15}, {""label"": ""MISC"", ""text"": ""всяке ледащо та недбальство"", ""start"": 46, ""end"": 73}]"
5dd887f390a8ebdd92db9733168560a9ef7c5748a6066ef5a44c54067db1f9b1,"Зрештою , мати , що на її руках був із волі Ма весь світ видимий , поставила Світовида дивитися за білим днем і всіма людськими клопотами при тому .","[{""label"": ""PERS"", ""text"": ""Ма""}, {""label"": ""PERS"", ""text"": ""Світовида""}]","[{""label"": ""PERS"", ""text"": ""мати"", ""start"": 10, ""end"": 14}, {""label"": ""PERS"", ""text"": ""Ма"", ""start"": 44, ""end"": 46}, {""label"": ""PERS"", ""text"": ""Світовида"", ""start"": 77, ""end"": 86}]"
4cc6cc865183f0c53ff594b2130b6f356a156ea8af99569a4e1df590e5cc2b68,"А Діванна вдалася у Дива — смугла , гінка , гривата та норовлива .","[{""label"": ""PERS"", ""text"": ""Діванна""}, {""label"": ""PERS"", ""text"": ""Дива""}]","[{""label"": ""PERS"", ""text"": ""Діванна"", ""start"": 2, ""end"": 9}]"
9e761ee04bcca3d994b37912af6484ae8682466bedbdaa27afe622a7ff863eb5,"Нічого вона так не любила , як чорною кобилицею нестися крізь ніч , лишаючи по собі срібні роси та враз розбуяле зело ...",[],"[{""label"": ""PERS"", ""text"": ""вона"", ""start"": 7, ""end"": 11}, {""label"": ""ART"", ""text"": ""чорною кобилицею"", ""start"": 31, ""end"": 47}, {""label"": ""PERIOD"", ""text"": ""ніч"", ""start"": 62, ""end"": 65}, {""label"": ""ART"", ""text"": ""срібні роси"", ""start"": 84, ""end"": 95}]"
b49a372bbb15ea0d4895f66bd2902d2bea064fbf38e55ca057eca5f936122aff,А ще любила тан .,[],"[{""label"": ""ART"", ""text"": ""тан"", ""start"": 12, ""end"": 15}]"
970ea0faeb66272ebe8f260a5f7a7a966f8f82d66172722101c7acc1e3e20241,"І жодна повітруля чи віла , жодна божа чи дужа не втнули б того , що могла витанцювати Діванна-срібноніжка .","[{""label"": ""PERS"", ""text"": ""Діванна-срібноніжка""}]","[{""label"": ""PERS"", ""text"": ""Діванна-срібноніжка"", ""start"": 87, ""end"": 106}]"
e800819acf6e16c459becd461ba255ccda3f68d6c8ea00ba04b187b1b3f584d3,"Може , тому їй несли дари лярви по всім Семисвітті і кожна мріяла хоч би раз на віку побачити , як танцює на веселці Діванна , прикрита хіба своєю красою .","[{""label"": ""LOC"", ""text"": ""Семисвітті""}, {""label"": ""PERS"", ""text"": ""Діванна""}]","[{""label"": ""LOC"", ""text"": ""Семисвітті"", ""start"": 40, ""end"": 50}, {""label"": ""PERS"", ""text"": ""Діванна"", ""start"": 117, ""end"": 124}]"
ccef1811973d759a9add216c5cb49d02710d4d6fc83ed6b0dcacfff363d7e7f9,"До чоловіків Діва-іва шани не мала , тому ярину засівати починали не матері навіть , а найзагонистіші баби у кожнім роді .","[{""label"": ""PERS"", ""text"": ""Діва-іва""}]","[{""label"": ""PERS"", ""text"": ""Діва-іва"", ""start"": 13, ""end"": 21}, {""label"": ""MISC"", ""text"": ""ярину"", ""start"": 42, ""end"": 47}, {""label"": ""MISC"", ""text"": ""кожнім роді"", ""start"": 109, ""end"": 120}]"
d3ace94563e1d2379736c7f4852cd876fdd33d4eb8d303983ba073602e43b74c,"Набирали повні пелени зерна аж так , щоб світити проти світу не лише литками , а й вибіленими за Зимовію стегнами та зарошеними вінками , випускали з пазух груди , розпускали коси і , ступаючи босими ногами по сирій землі , сіяли зерно .","[{""label"": ""MISC"", ""text"": ""Зимовію""}]","[{""label"": ""MISC"", ""text"": ""зерна"", ""start"": 22, ""end"": 27}, {""label"": ""ART"", ""text"": ""литками"", ""start"": 69, ""end"": 76}, {""label"": ""ART"", ""text"": ""зарошеними вінками"", ""start"": 117, ""end"": 135}, {""label"": ""ART"", ""text"": ""коси"", ""start"": 175, ""end"": 179}, {""label"": ""LOC"", ""text"": ""сирій землі"", ""start"": 210, ""end"": 221}, {""label"": ""ART"", ""text"": ""зерно"", ""start"": 230, ""end"": 235}]"
d82baf7765b014684d4ec1cc07df7256aa02c82c7687c1bec2fd35511d837a5c,"А вже чоловіки додивлялися , щоб жоден слід позад них не лишився не заскородженим , не прикритим .",[],"[{""label"": ""PERS"", ""text"": ""чоловіки"", ""start"": 6, ""end"": 14}]"
798b17985b578b9a8c62c27379e6fe78fc596017ff260d3f5094d4b0650c45d9,"Бо багато біди можна було наробити , коли б хто той свіжий слід зумів вихопити з нового поля .",[],"[{""label"": ""LOC"", ""text"": ""нового поля"", ""start"": 81, ""end"": 92}]"
bd49ca32e632041cfa91ae0e8c32b5c8c224b7990490b1ed925fb5fa80bafa7c,"Але нині йшлося не на сівбу , а на зав’язь .",[],"[{""label"": ""MISC"", ""text"": ""сівбу"", ""start"": 22, ""end"": 27}, {""label"": ""JOB"", ""text"": ""зав’язь"", ""start"": 35, ""end"": 42}]"
b2641faf60a6314722c248b8c03773112fa9b0ddf43f1becc964405c42d44909,"Під вечір , як уже роса сіла на зелені , а ніч ще не надійшла , по всіх полях посходилися люди з вечерею на тканих червоно рушниках .",[],"[{""label"": ""PERIOD"", ""text"": ""Під вечір"", ""start"": 0, ""end"": 9}, {""label"": ""LOC"", ""text"": ""полях"", ""start"": 72, ""end"": 77}, {""label"": ""PERS"", ""text"": ""люди"", ""start"": 90, ""end"": 94}, {""label"": ""ART"", ""text"": ""тканих червоно рушниках"", ""start"": 108, ""end"": 131}]"
1b78d247e98714493c83bc5b76f36e4897f3a73c3ef712c84a5a0afe94364b79,"Найзагонистіші з родів молодиці винесли посеред загального поля по вінця повні горівкою дощові дійниці , що мали , як Дива та Жива , по чотири цицьки на кожен бік світу .","[{""label"": ""PERS"", ""text"": ""Дива""}, {""label"": ""PERS"", ""text"": ""Жива""}]","[{""label"": ""PERS"", ""text"": ""Найзагонистіші з родів молодиці"", ""start"": 0, ""end"": 31}, {""label"": ""LOC"", ""text"": ""загального поля"", ""start"": 48, ""end"": 63}, {""label"": ""PERS"", ""text"": ""Дива"", ""start"": 118, ""end"": 122}, {""label"": ""PERS"", ""text"": ""Жива"", ""start"": 126, ""end"": 130}, {""label"": ""QUANT"", ""text"": ""чотири цицьки"", ""start"": 136, ""end"": 149}, {""label"": ""LOC"", ""text"": ""кожен бік світу"", ""start"": 153, ""end"": 168}]"
d92826ebf4917935837ae442b514d9de3def586ddb9c948cb5fc1b175a0b5d42,"Оту горівку , казали , вигадали божі , аби всі малі без розбору могли відчути себе хоч на якийсь час по-божому вільно , радісно та спокійно . Дива дала зерна та хмелю , Додола — води , а Сварга зі Стригою , пропустивши те все крізь Рарогів дух , зробили горівку .","[{""label"": ""PERS"", ""text"": ""Дива""}, {""label"": ""PERS"", ""text"": ""Додола""}, {""label"": ""PERS"", ""text"": ""Сварга""}, {""label"": ""PERS"", ""text"": ""Стригою""}, {""label"": ""PERS"", ""text"": ""Рарогів""}]","[{""label"": ""ART"", ""text"": ""горівку"", ""start"": 4, ""end"": 11}, {""label"": ""PERS"", ""text"": ""Дива"", ""start"": 142, ""end"": 146}, {""label"": ""ART"", ""text"": ""зерна та хмелю"", ""start"": 152, ""end"": 166}, {""label"": ""PERS"", ""text"": ""Додола"", ""start"": 169, ""end"": 175}, {""label"": ""ART"", ""text"": ""води"", ""start"": 178, ""end"": 182}, {""label"": ""PERS"", ""text"": ""Сварга"", ""start"": 187, ""end"": 193}, {""label"": ""PERS"", ""text"": ""Стригою"", ""start"": 197, ""end"": 204}, {""label"": ""PERS"", ""text"": ""Рарогів дух"", ""start"": 232, ""end"": 243}, {""label"": ""ART"", ""text"": ""горівку"", ""start"": 254, ""end"": 261}]"
510d8f9bd9050b7524cd9fd0fc2d57769b2d15b7c7789a9a33033ca7df2118a6,"Вона була прозора як вода , палка та горюча як вогонь і п’янка як небесний вітер .",[],"[{""label"": ""ART"", ""text"": ""Вона"", ""start"": 0, ""end"": 4}, {""label"": ""ART"", ""text"": ""вогонь"", ""start"": 47, ""end"": 53}, {""label"": ""ART"", ""text"": ""небесний вітер"", ""start"": 66, ""end"": 80}]"
be137262d8059b05452eb87957356f079f4d830eba5a7ba6cebcbc7a14d8197f,"Не суриця , звісно .",[],[]
6b323a1310f0ad241cbc23efa65333f52192c880d60981c4d02c455fdef83f26,"Але й пити було вільно всім , а не тільки тим , що вже здужали стати на шляхи божів . Витівка Леська йшла по селу , збиваючи куряву під ногами .","[{""label"": ""PERS"", ""text"": ""Леська""}]","[{""label"": ""PERS"", ""text"": ""Витівка Леська"", ""start"": 86, ""end"": 100}, {""label"": ""LOC"", ""text"": ""селу"", ""start"": 109, ""end"": 113}, {""label"": ""ART"", ""text"": ""куряву"", ""start"": 125, ""end"": 131}]"
bc3d214a70a6e520985e5ab7d358a0ecdcadaed84d5cc89769ff6e20e965e64a,"Заглядала в чужі квітники і нудилася , бо не мала , де себе подіти .",[],"[{""label"": ""LOC"", ""text"": ""чужі квітники"", ""start"": 12, ""end"": 25}]"
dda04ccde13643723cef6bc964fb4029963733867edb4146f9d88f59233168bd,"Ще не дівка , але вже й не маленька - недарма мамі без неї як без рук , - але дурні думки часом навідувалися таки до її пухнастої голови . Леська підстрибувала , і тугі косенята вихльостували їй по худих плечах .","[{""label"": ""PERS"", ""text"": ""Леська""}]","[{""label"": ""PERS"", ""text"": ""мамі"", ""start"": 46, ""end"": 50}, {""label"": ""PERS"", ""text"": ""Леська"", ""start"": 139, ""end"": 145}, {""label"": ""ART"", ""text"": ""тугі косенята"", ""start"": 164, ""end"": 177}]"
c835d7e3517539fd71ad4271a4709886fe8b682c63ba770111b57c8cc79d11d1,"Пасти гнати ще рано , проте сонце схилялося до обіду , тож пора було рухатися додому .",[],"[{""label"": ""ART"", ""text"": ""Пасти"", ""start"": 0, ""end"": 5}, {""label"": ""PERIOD"", ""text"": ""обіду"", ""start"": 47, ""end"": 52}]"
52992272824962fb24af59d3eefd712f6e9afe49a1c420c4e3b3d97d3060ac91,"Раптом увагу Леськи привернула Зоня , яка сиділа без роботи на лавці перед хатою і чекала родичів на полудні . Зоня була цибатим дівчиськом з наївними очима , і , звичайно , - молодша за Леську .","[{""label"": ""PERS"", ""text"": ""Леськи""}, {""label"": ""PERS"", ""text"": ""Зоня""}, {""label"": ""PERS"", ""text"": ""Зоня""}, {""label"": ""PERS"", ""text"": ""Леську""}]","[{""label"": ""PERS"", ""text"": ""Леськи"", ""start"": 13, ""end"": 19}, {""label"": ""PERS"", ""text"": ""Зоня"", ""start"": 31, ""end"": 35}, {""label"": ""LOC"", ""text"": ""лавці перед хатою"", ""start"": 63, ""end"": 80}, {""label"": ""PERIOD"", ""text"": ""полудні"", ""start"": 101, ""end"": 108}, {""label"": ""PERS"", ""text"": ""Зоня"", ""start"": 111, ""end"": 115}, {""label"": ""PERS"", ""text"": ""Леську"", ""start"": 187, ""end"": 193}]"
e9b31772faf066fd940d0b828182b72d82ea98919bf988f93c1b67608a0af0af,"Приспівуючи , Леська підійшла до Зоні , вдаючи поважну особу :","[{""label"": ""PERS"", ""text"": ""Леська""}, {""label"": ""PERS"", ""text"": ""Зоні""}]","[{""label"": ""PERS"", ""text"": ""Леська"", ""start"": 14, ""end"": 20}, {""label"": ""LOC"", ""text"": ""Зоні"", ""start"": 33, ""end"": 37}]"
ac92ac2f4766a23ebbb312514d21ffbec3731ab9655ed0974834f47d5d1d3aa6,"- Ну , як тобі тут сидиться ? - бовкнула перше , що спало на думку . Зоня соромливо оглядала Леську і видно було , що все в ній їй подобається , а найперше - коси і співи .","[{""label"": ""PERS"", ""text"": ""Зоня""}, {""label"": ""PERS"", ""text"": ""Леську""}]","[{""label"": ""PERS"", ""text"": ""Зоня"", ""start"": 69, ""end"": 73}, {""label"": ""PERS"", ""text"": ""Леську"", ""start"": 93, ""end"": 99}, {""label"": ""MISC"", ""text"": ""коси"", ""start"": 158, ""end"": 162}, {""label"": ""MISC"", ""text"": ""співи"", ""start"": 165, ""end"": 170}]"
e20a5c5c99e8bcdf98cfddd9eb8db3722b8d46d77f7a2dcc5bd608607db67992,"- Чуєш , Лесю , що ти робиш , щоб у тебе були такі гарні коси і щоб так гарно співати ? - скромно поцікавилась Зоня . Леську вколов черговий бісик .","[{""label"": ""PERS"", ""text"": ""Лесю""}, {""label"": ""PERS"", ""text"": ""Зоня""}, {""label"": ""PERS"", ""text"": ""Леську""}]","[{""label"": ""PERS"", ""text"": ""Лесю"", ""start"": 9, ""end"": 13}, {""label"": ""PERS"", ""text"": ""Зоня"", ""start"": 111, ""end"": 115}, {""label"": ""PERS"", ""text"": ""Леську"", ""start"": 118, ""end"": 124}]"
d12a91cf1e9d4d859134eba2113f945f4699767a6111606618b1af3231a47f16,"Вона кумедно зморщила чоло , зробила загадкову міну , щоб іще більше заінтригувати Зоню .","[{""label"": ""PERS"", ""text"": ""Зоню""}]","[{""label"": ""PERS"", ""text"": ""Вона"", ""start"": 0, ""end"": 4}, {""label"": ""ART"", ""text"": ""загадкову міну"", ""start"": 37, ""end"": 51}, {""label"": ""LOC"", ""text"": ""Зоню"", ""start"": 83, ""end"": 87}]"
0ba440814a461a3c3a59e3d657527b7229b77a2dba3900af92468c6cb25ae920,"- Я тобі скажу , але ти нікому не переповідай , бо можна зле напророчити .",[],"[{""label"": ""PERS"", ""text"": ""ти"", ""start"": 21, ""end"": 23}]"
e0d3bf69a1376d860c66841be61fc5dd856c4b38da4265318bf19442452b9d85,"Я беру мед , намащую ним волосся , сідаю на сонце і тримаю довго , щоб ввійшов у голову .",[],"[{""label"": ""PERS"", ""text"": ""Я"", ""start"": 0, ""end"": 1}, {""label"": ""ART"", ""text"": ""мед"", ""start"": 7, ""end"": 10}, {""label"": ""ART"", ""text"": ""волосся"", ""start"": 25, ""end"": 32}, {""label"": ""LOC"", ""text"": ""сонце"", ""start"": 44, ""end"": 49}]"
bc3a01b78ffb550b425806595159cbb706d021b296e39bf0a12f14e979cef348,"А щодо співу , то я беру півсклянки олії і випиваю , щоб добре змастити горло , - ото співається потім ! Леська була переконлива , і Зоня , очевидячки , їй повірила .","[{""label"": ""PERS"", ""text"": ""Леська""}, {""label"": ""PERS"", ""text"": ""Зоня""}]","[{""label"": ""PERS"", ""text"": ""Леська"", ""start"": 105, ""end"": 111}, {""label"": ""PERS"", ""text"": ""Зоня"", ""start"": 133, ""end"": 137}]"
6a82368ffef3debdf4d0125c8886767bb83aff7281d428b8b2781d5b4df6b06a,"Гостя встала і подалася з викрутасом через бабине подвір’я до себе додому , думаючи : « От дурна Зонька - таке питати » .","[{""label"": ""PERS"", ""text"": ""Зонька""}]","[{""label"": ""PERS"", ""text"": ""Гостя"", ""start"": 0, ""end"": 5}, {""label"": ""LOC"", ""text"": ""бабине подвір’я"", ""start"": 43, ""end"": 58}]"
cae716f660c71b6b9216416c9a55e0824dd2af3e9b62b88787d71e6b4af7c3a3,Сказалося та й забулася .,[],[]
468054ed26d1b6222e6de0856dce810fc2dbbacb06abdb704c17edef6c04faed,А от Зоня не забула ...,"[{""label"": ""PERS"", ""text"": ""Зоня""}]",[]
a3989a194e98b973d71db0c70c8b4e3f645daf2c2ea874811c40a21750526340,"Коли всі домашні пішли в поле , Зоня взяла меду і намастила ним цілу голову : і без того густе волосся стирчало на всі сторони , злиплі пасма падали на чоло ...","[{""label"": ""PERS"", ""text"": ""Зоня""}]","[{""label"": ""LOC"", ""text"": ""поле"", ""start"": 25, ""end"": 29}, {""label"": ""PERS"", ""text"": ""Зоня"", ""start"": 32, ""end"": 36}, {""label"": ""ART"", ""text"": ""меду"", ""start"": 43, ""end"": 47}, {""label"": ""ART"", ""text"": ""злиплі пасма"", ""start"": 129, ""end"": 141}]"
3b764c64106bc0b43854df66913952b78d2b50392191861a73a4d14dbeaa0621,"А що хотіла все нараз спробувати , то пішла і випила півсклянки олії , а тоді сіла в квітнику на сонці , щоб мед добре входив у голову .",[],"[{""label"": ""ART"", ""text"": ""олії"", ""start"": 64, ""end"": 68}, {""label"": ""LOC"", ""text"": ""квітнику"", ""start"": 85, ""end"": 93}, {""label"": ""ART"", ""text"": ""мед"", ""start"": 109, ""end"": 112}]"
be910696255ef9f6f60c303d0d455b21bcd87303964634b7c5a03c59985f8ecb,"Через якусь хвилю на Зонину голову почали злітатися бджоли , оси і всяка комашня .","[{""label"": ""PERIOD"", ""text"": ""хвилю""}, {""label"": ""PERS"", ""text"": ""Зонину""}]","[{""label"": ""LOC"", ""text"": ""Зонину голову"", ""start"": 21, ""end"": 34}, {""label"": ""MISC"", ""text"": ""бджоли"", ""start"": 52, ""end"": 58}, {""label"": ""MISC"", ""text"": ""оси"", ""start"": 61, ""end"": 64}, {""label"": ""MISC"", ""text"": ""всяка комашня"", ""start"": 67, ""end"": 80}]"
cdf8785f0f7bd91aaeb70526d5f1771de7bc1c9a7242eb61e2add11eb32f83d9,"З’явився цілий рій якихось невідомих мух . Зоня відмахувалася руками , мед струмками стікав по лиці , по шиї , їдко пекли очі .","[{""label"": ""PERS"", ""text"": ""Зоня""}]","[{""label"": ""PERS"", ""text"": ""З"", ""start"": 0, ""end"": 1}, {""label"": ""PERS"", ""text"": ""Зоня"", ""start"": 43, ""end"": 47}]"
10fd2c8c2a2ca9c0eabf75fc44408bc146c17a72b0b6fd00585e4d0b8f72c04a,"А тут ще інша напасть : дуже почало крутити в животі , і Зоня вже не знала , що робити швидше - рятувати голову чи живіт .","[{""label"": ""PERS"", ""text"": ""Зоня""}]","[{""label"": ""MISC"", ""text"": ""животі"", ""start"": 46, ""end"": 52}, {""label"": ""PERS"", ""text"": ""Зоня"", ""start"": 57, ""end"": 61}, {""label"": ""MISC"", ""text"": ""голову"", ""start"": 105, ""end"": 111}, {""label"": ""MISC"", ""text"": ""живіт"", ""start"": 115, ""end"": 120}]"
3acb3177caf2f7ef390a55c0fb87852770b2aabe1a0b76424b68acb1ec46285e,Аж з поля нагодилася Зонина мама Марина .,"[{""label"": ""PERS"", ""text"": ""Зонина""}, {""label"": ""PERS"", ""text"": ""Марина""}]","[{""label"": ""PERS"", ""text"": ""Марина"", ""start"": 33, ""end"": 39}]"
9b57966e4bb6d64c805bddaa0abcde76a312f7c42c1a15c4c0c7765d6bceea4f,"На подвір’ї зчинився ґвалт - Зоня плакала , Марина кричала , коли дізналася , які рецепти « понавиписувала » для її доньки Леська ... Леська сиділа в себе під оборогом , як мишка , і ворожила , що буде далі : чи прийде тітка Марина до мами , чи вся та історія обійдеться їй переляком ?","[{""label"": ""PERS"", ""text"": ""Зоня""}, {""label"": ""PERS"", ""text"": ""Марина""}, {""label"": ""PERS"", ""text"": ""Леська""}, {""label"": ""PERS"", ""text"": ""Леська""}, {""label"": ""PERS"", ""text"": ""Марина""}]","[{""label"": ""LOC"", ""text"": ""подвір’ї"", ""start"": 3, ""end"": 11}, {""label"": ""PERS"", ""text"": ""Зоня"", ""start"": 29, ""end"": 33}, {""label"": ""PERS"", ""text"": ""Марина"", ""start"": 44, ""end"": 50}, {""label"": ""MISC"", ""text"": ""рецепти"", ""start"": 82, ""end"": 89}, {""label"": ""PERS"", ""text"": ""Леська"", ""start"": 123, ""end"": 129}, {""label"": ""PERS"", ""text"": ""Леська"", ""start"": 134, ""end"": 140}, {""label"": ""PERS"", ""text"": ""Марина"", ""start"": 225, ""end"": 231}]"
1b7b3fe0076bcfd2b80fa2830a33232c6a7260de108f9142bcdc6c754845b9ff,"Вона вже шкодувала Зоню , і себе було жаль .","[{""label"": ""PERS"", ""text"": ""Зоню""}]","[{""label"": ""PERS"", ""text"": ""Вона"", ""start"": 0, ""end"": 4}, {""label"": ""LOC"", ""text"": ""Зоню"", ""start"": 19, ""end"": 23}]"
1b0d254d031641c1a5637e80eec61d9fe02c43673f922d85918da1d547c8d408,"Вона ж не хотіла нічого лихого , а що Зоня так у все вірить , то вже її проблема - розраджувала себе дівчина .","[{""label"": ""PERS"", ""text"": ""Зоня""}]","[{""label"": ""PERS"", ""text"": ""Вона"", ""start"": 0, ""end"": 4}, {""label"": ""PERS"", ""text"": ""Зоня"", ""start"": 38, ""end"": 42}, {""label"": ""PERS"", ""text"": ""дівчина"", ""start"": 101, ""end"": 108}]"
4904eda75fcaf02d122d24e0562e32375502907a7cba3f5d60069cde829e4b7b,"Коли пройшла перша злість , Марина таки поскаржилась на Леську .","[{""label"": ""PERS"", ""text"": ""Марина""}, {""label"": ""PERS"", ""text"": ""Леську""}]","[{""label"": ""PERS"", ""text"": ""Марина"", ""start"": 28, ""end"": 34}, {""label"": ""PERS"", ""text"": ""Леську"", ""start"": 56, ""end"": 62}]"
60a7ba7f9fe6c5c08d09ccaf73bbb631dbdd4c6974dcd351faa255225259b16e,"Мама ганьбила її і обіцяла відлупцювати добре , але гніву в маминих очах Леська не побачила .","[{""label"": ""PERS"", ""text"": ""Леська""}]","[{""label"": ""PERS"", ""text"": ""Мама"", ""start"": 0, ""end"": 4}, {""label"": ""PERS"", ""text"": ""маминих"", ""start"": 60, ""end"": 67}, {""label"": ""PERS"", ""text"": ""Леська"", ""start"": 73, ""end"": 79}]"
45dfa3f21754bfb45e143d217229400e5ddde62d0598b3e1696f15a496cbf25d,Десь далеко в них світилися веселі промінчики .,[],"[{""label"": ""LOC"", ""text"": ""Десь далеко в них"", ""start"": 0, ""end"": 17}, {""label"": ""MISC"", ""text"": ""веселі промінчики"", ""start"": 28, ""end"": 45}]"
cfc4f70fda8879c2ae8750e6da83ff2b5118e10f7aff7c8f7da1bde6c9e393b5,Музики,[],"[{""label"": ""MISC"", ""text"": ""Музики"", ""start"": 0, ""end"": 6}]"
cf4fd412b2ffe7ef6fabfc57d2379ec350892c98eebe87f4d26a4ecd1ef7601f,Село з нетерпінням чекало великодніх свят .,[],"[{""label"": ""LOC"", ""text"": ""Село"", ""start"": 0, ""end"": 4}, {""label"": ""PERIOD"", ""text"": ""великодніх свят"", ""start"": 26, ""end"": 41}]"
7799db4f5b7fd17d50b8c99f10a3f59c4aa7e6bdca95eba90e47546d7de91196,"Хати стояли біленькі , чепурні , подвір’я і навіть дороги були начисто виметені .",[],"[{""label"": ""ART"", ""text"": ""Хати"", ""start"": 0, ""end"": 4}, {""label"": ""LOC"", ""text"": ""подвір’я"", ""start"": 33, ""end"": 41}, {""label"": ""LOC"", ""text"": ""дороги"", ""start"": 51, ""end"": 57}]"
ef044b649c648e42206f3bacb3c7440e59e93c725a545100e16876592893aff8,Всюди пахло пасками і бужениною .,[],"[{""label"": ""LOC"", ""text"": ""Всюди"", ""start"": 0, ""end"": 5}]"
4bc0f5c31f7dd9b63d0f7c059c6413305d3034fc4e64d538aaa38a3bfc50f88e,Діти бігали до ліса і по березі річки рвали красиві баськи .,[],"[{""label"": ""PERS"", ""text"": ""Діти"", ""start"": 0, ""end"": 4}, {""label"": ""LOC"", ""text"": ""ліса"", ""start"": 15, ""end"": 19}, {""label"": ""LOC"", ""text"": ""березі річки"", ""start"": 25, ""end"": 37}, {""label"": ""MISC"", ""text"": ""красиві баськи"", ""start"": 44, ""end"": 58}]"
c10f2129ab8056b781500ce03ccb2ad6ddc8683244471c7c1dc403f912602d10,"На обличчях старих людей вирівнювалися зморшки , а в сумних очах з’являвся особливий блиск - святковий , великодній .",[],"[{""label"": ""PERS"", ""text"": ""старих людей"", ""start"": 12, ""end"": 24}]"
4da71918ef04a4aa1d4f4464735607ad47f38f036d7d2a4d270df455b11e8470,"Дівчата вимивали коси , тихцем приміряли обнови , в яких підуть на гаївку , а потім на музики .",[],"[{""label"": ""PERS"", ""text"": ""Дівчата"", ""start"": 0, ""end"": 7}, {""label"": ""ART"", ""text"": ""коси"", ""start"": 17, ""end"": 21}, {""label"": ""ART"", ""text"": ""обнови"", ""start"": 41, ""end"": 47}, {""label"": ""MISC"", ""text"": ""гаївку"", ""start"": 67, ""end"": 73}, {""label"": ""MISC"", ""text"": ""музики"", ""start"": 87, ""end"": 93}]"
f6333ff39e6f565980348467a929fd79cccc6e805fcbe5adfc8407a61a25aab0,І ось настав цей день !,[],[]
38c5e76e0873182a62bdd58577d21a64bda4a6cf2965a676ea1b3579ae9cfa23,"Люди з усіх кутків села гордо йшли з кошиками , накритими вишиваними рушниками , і барвистим колом обступали церкву , чекаючи благословення священика .",[],"[{""label"": ""PERS"", ""text"": ""Люди"", ""start"": 0, ""end"": 4}, {""label"": ""LOC"", ""text"": ""кутків села"", ""start"": 12, ""end"": 23}, {""label"": ""ART"", ""text"": ""кошиками"", ""start"": 37, ""end"": 45}, {""label"": ""ART"", ""text"": ""вишиваними рушниками"", ""start"": 58, ""end"": 78}, {""label"": ""ART"", ""text"": ""барвистим колом"", ""start"": 83, ""end"": 98}, {""label"": ""ORG"", ""text"": ""церкву"", ""start"": 109, ""end"": 115}, {""label"": ""PERS"", ""text"": ""священика"", ""start"": 140, ""end"": 149}]"
28ea82616f83efbfc35965403e7ee3d5dfc1784813f41c3abd0ad5e79d6f87ee,"Радісно вдарив дзвін , звук якого відлунював на декілька сіл . Христос воскрес !","[{""label"": ""PERS"", ""text"": ""Христос""}]","[{""label"": ""ART"", ""text"": ""дзвін"", ""start"": 15, ""end"": 20}, {""label"": ""PERS"", ""text"": ""Христос"", ""start"": 63, ""end"": 70}]"
8650106b2fa8d2b1f9dc4bc8e46e3382343549ce44359c4456fce9e7eba0a208,"Чиста радість розтискала груди , кожну велику і маленьку душу .",[],"[{""label"": ""PERS"", ""text"": ""Чиста радість"", ""start"": 0, ""end"": 13}]"
e3254b40e0347087ffd6f52afbed7d375283f3d9a38e08ee4a0872ce53b0fb55,"Люди об’єднались - зчепивши руки , простивши образи , - і пішли в перше коло гаївки . « Христос воскрес !",[],"[{""label"": ""PERS"", ""text"": ""Люди"", ""start"": 0, ""end"": 4}, {""label"": ""MISC"", ""text"": ""гаївки"", ""start"": 77, ""end"": 83}, {""label"": ""PERS"", ""text"": ""Христос"", ""start"": 88, ""end"": 95}]"
a72d593f0e73a13801605f4f7338ed61ab7875674d84bb7c88809e29916ef4a8,Христос воскрес !,[],[]
ea2711bb9fa469ab723ee37b4dd87993fbd2bdf29ba5c8ad2472f9b9997fe059,"Радуйтеся нині люди , най між нами зла не буде ... » - лунало на все село , долітаючи у кожну вбогу і багату оселю .",[],"[{""label"": ""PERS"", ""text"": ""люди"", ""start"": 15, ""end"": 19}, {""label"": ""LOC"", ""text"": ""село"", ""start"": 69, ""end"": 73}]"
95e7b4ff6163e1dd152ba0406a44735eefb7360a3a263387443ccf334c92a292,"Старші , надивившись на молодих , як ті водять гаївку , по обіді йшли в гості до родини , до кумів , до сусідів - звільняли тіло і дух від щоденної роботи та напруги .",[],"[{""label"": ""PERS"", ""text"": ""Старші"", ""start"": 0, ""end"": 6}, {""label"": ""PERS"", ""text"": ""молодих"", ""start"": 24, ""end"": 31}, {""label"": ""ART"", ""text"": ""гаївку"", ""start"": 47, ""end"": 53}, {""label"": ""PERIOD"", ""text"": ""по обіді"", ""start"": 56, ""end"": 64}, {""label"": ""LOC"", ""text"": ""родини"", ""start"": 81, ""end"": 87}, {""label"": ""LOC"", ""text"": ""сусідів"", ""start"": 104, ""end"": 111}]"
2f35b9a5e4202ea0de97e7639473de4b87beb187235bc25c8004c27684fde2ce,"І святочна чарка була смачнішою , ніж будь-коли .",[],"[{""label"": ""ART"", ""text"": ""святочна чарка"", ""start"": 2, ""end"": 16}]"
366e90c1cdccf15e8bfb68e6805b85b9148524e48cb4ce86054a97350d8c3b73,"Молодиці були стримані , пишні і тільки деколи давали зауваження збитошним дітям , які веселилися на всю свою дитячу фантазію .",[],"[{""label"": ""PERS"", ""text"": ""Молодиці"", ""start"": 0, ""end"": 8}]"
8e71fbc682a4610bcc5c5ef2c7b9085534f6e1c23b2e57465f44735b6f0fee13,"Коли смеркло і морок зловив за очі , Іванило вдарив перший раз після посту у бубон .","[{""label"": ""PERS"", ""text"": ""Іванило""}]","[{""label"": ""MISC"", ""text"": ""морок"", ""start"": 15, ""end"": 20}, {""label"": ""PERS"", ""text"": ""Іванило"", ""start"": 37, ""end"": 44}, {""label"": ""ART"", ""text"": ""бубон"", ""start"": 77, ""end"": 82}]"
2e2e0e3055f72d009261a010e21f6ddb50ab593dd557855bf3777adf4ceab188,"Дівчата аж засокотали ногами і ланцюгом , узявшись за руки , ворітником рушили на музики . Вуйко Міхал , що грав на скрипці , так витинав головну тему , схиливши скрипку мало не до колін , що , здавалося , душа скрипки вилетить і не повернеться .","[{""label"": ""PERS"", ""text"": ""Вуйко Міхал""}]","[{""label"": ""JOB"", ""text"": ""ворітником"", ""start"": 61, ""end"": 71}, {""label"": ""ART"", ""text"": ""музики"", ""start"": 82, ""end"": 88}, {""label"": ""PERS"", ""text"": ""Вуйко Міхал"", ""start"": 91, ""end"": 102}, {""label"": ""ART"", ""text"": ""скрипці"", ""start"": 116, ""end"": 123}, {""label"": ""ART"", ""text"": ""головну тему"", ""start"": 138, ""end"": 150}, {""label"": ""ART"", ""text"": ""скрипку"", ""start"": 162, ""end"": 169}, {""label"": ""ART"", ""text"": ""скрипки"", ""start"": 211, ""end"": 218}]"
46e60b5dc5f62ba471d64b739ae467d662e8996e2e7ed4a4d5447efe504fbece,"Цимбали Федосика грали поважно , гонорово , молоточки бігали з витребеньками , доганяючи скрипку або забігаючи наперед , мовляв : ми теж можемо не гірше .","[{""label"": ""PERS"", ""text"": ""Федосика""}]","[{""label"": ""PERS"", ""text"": ""Цимбали Федосика"", ""start"": 0, ""end"": 16}, {""label"": ""ART"", ""text"": ""молоточки"", ""start"": 44, ""end"": 53}, {""label"": ""ART"", ""text"": ""скрипку"", ""start"": 89, ""end"": 96}]"
d324093e4335ec483efb49c0aad9aa54dc1ec88a648f3fd6d2ae40713fa561e2,"А Іван презентував шкіряний великий бубен і був дуже на нього схожий ( може , через те його називали Іванилом ) , і все казав : « Я є фундамент , бо що та дрібота варта без бубна ... »","[{""label"": ""PERS"", ""text"": ""Іван""}, {""label"": ""PERS"", ""text"": ""Іванилом""}]","[{""label"": ""PERS"", ""text"": ""Іван"", ""start"": 2, ""end"": 6}, {""label"": ""ART"", ""text"": ""шкіряний великий бубен"", ""start"": 19, ""end"": 41}, {""label"": ""PERS"", ""text"": ""Іванилом"", ""start"": 101, ""end"": 109}, {""label"": ""MISC"", ""text"": ""фундамент"", ""start"": 134, ""end"": 143}]"
367d5d3e66241c7a4b0f2f337b130c949e1a2eddf1f1cc2e0955ef80d39899b2,"І от перше : бух , дзень , дзень , бух , дзень , дзень ...",[],[]
5bff1e7708fdb670b58f556b01b15b5526f5de44febfd3101d7e1a8ff2bf3559,А дівочі ноги вже тремтять .,[],[]
e8159f48dc723486f3c72bdc0a7e33b35fcf88f1aca082f0f27329a14de62d20,"Вже на пальчиках повертають коло , вже шукають очима того , з яким би хотіли сплести руки .",[],"[{""label"": ""ART"", ""text"": ""коло"", ""start"": 28, ""end"": 32}]"
df10b2b883d4b10fc46cad73c669cdd38d194e6390417e0e55b7e9e1425a5cb1,"Пара за парою , панянка зліва стає ...",[],"[{""label"": ""JOB"", ""text"": ""панянка"", ""start"": 16, ""end"": 23}]"
16e285085458a80e43a4502653899ed88b518691adb29bf4f7c4f533aec3c51d,"Чути заклик ведучого - і граціозні постаті дівчат у нових сукенках , що дзвоном розвіваються навколо струнких ніг , виконують всі закони танцю .",[],"[{""label"": ""PERS"", ""text"": ""ведучого"", ""start"": 12, ""end"": 20}]"
3d4772925e9dfcb2785601a58fae5329f90eb00d482507d2820d0807e87c85ba,"Бухкає бубен , витинають цимбали , верховодить скрипка ...",[],"[{""label"": ""ART"", ""text"": ""бубен"", ""start"": 7, ""end"": 12}, {""label"": ""ART"", ""text"": ""цимбали"", ""start"": 25, ""end"": 32}, {""label"": ""ART"", ""text"": ""скрипка"", ""start"": 47, ""end"": 54}]"
414ec706e86726aaf3ca04ff7f6d2fc1718f4150632727e608e8d62a5e3bee22,Свято триває .,[],[]
69bbc70c1767be807d99e59856175532a8096ad38e88401f31d91e31837b0358,Осиний мед дикий,[],"[{""label"": ""MISC"", ""text"": ""Осиний мед дикий"", ""start"": 0, ""end"": 16}]"
cc372574c325060a22878ee1e617417d4b00905a378257783b5f3a3869f1097a,"Троянишина грушка росла посеред городу , широка , крислата , її ніхто не обрізав , і лапаті віти схилялися до землі , зачіпаючи бараболиння .",[],"[{""label"": ""ART"", ""text"": ""Троянишина грушка"", ""start"": 0, ""end"": 17}, {""label"": ""LOC"", ""text"": ""посеред городу"", ""start"": 24, ""end"": 38}, {""label"": ""ART"", ""text"": ""лапаті віти"", ""start"": 85, ""end"": 96}]"
0f60e0641bbd793cb42713129f8fd54f8ca953dda909dd55748054e5d5a94bb3,"Груші родила великі , як кулаки , і коли вони дозрівали , то були пахучі і солодкі , як мед .",[],"[{""label"": ""ART"", ""text"": ""Груші"", ""start"": 0, ""end"": 5}, {""label"": ""ART"", ""text"": ""кулаки"", ""start"": 25, ""end"": 31}]"
8c38a923e3ab3b6a2fd8e28b555c6aef19b457f6b113b3b70aa41855034a1737,Було вже після Спаса .,"[{""label"": ""MISC"", ""text"": ""Спаса""}]",[]
ba9b9e7af5625d0eaf8e232904afc61cedd6bf305a15fbd535d2ffcc1201ba57,Дітиська обірвали знизу все дерево і тільки на чубку красувались достиглі жовті кулі .,[],"[{""label"": ""PERS"", ""text"": ""Дітиська"", ""start"": 0, ""end"": 8}, {""label"": ""ART"", ""text"": ""достиглі жовті кулі"", ""start"": 65, ""end"": 84}]"
1d86a8553169903887d1e9196895729d47c06f5aade24dd3b5ca25caa7a551ad,"А ще ті грушки оберігало якесь сіре плетиво , подібне до кошика , з якого вилітав рій невідомих комах .",[],"[{""label"": ""ART"", ""text"": ""грушки"", ""start"": 8, ""end"": 14}, {""label"": ""ART"", ""text"": ""сіре плетиво"", ""start"": 31, ""end"": 43}, {""label"": ""ART"", ""text"": ""кошика"", ""start"": 57, ""end"": 63}]"
d1af3ad4030e2e3e13d8d0c2b211a66ff020469361bdb55447089399fd2b0529,"Старші за Софійку дівчата , серед яких і її сестра Маринка , гадали : бджоли це чи джмелі ?","[{""label"": ""PERS"", ""text"": ""Софійку""}, {""label"": ""PERS"", ""text"": ""Маринка""}]","[{""label"": ""PERS"", ""text"": ""Софійку"", ""start"": 10, ""end"": 17}, {""label"": ""PERS"", ""text"": ""Маринка"", ""start"": 51, ""end"": 58}, {""label"": ""MISC"", ""text"": ""бджоли"", ""start"": 70, ""end"": 76}, {""label"": ""MISC"", ""text"": ""джмелі"", ""start"": 83, ""end"": 89}]"
7a71de4fbaea662ca25e3b86322c4ccb9ca83469a748fc29eb417a3fd16a6b7f,"І вирішили , що це таки лісові джмелі , а значить - там є мед .",[],"[{""label"": ""MISC"", ""text"": ""лісові джмелі"", ""start"": 24, ""end"": 37}, {""label"": ""MISC"", ""text"": ""мед"", ""start"": 58, ""end"": 61}]"
5d2c59a6fbe5af998e0cda51d49c120e0f9fc01a36838a14cb50640734571e15,Але як його дістати ?,[],[]
b9316d15ab6427a5a85714b4862f59284ecd78e1e5270c7f0d27756857f677bc,Треба лізти на вершечок грушки .,[],[]
49d28daec70fc2af85c71b15c06642c6ed42d606fa1e2339389411b11d51994d,І хто полізе ?,[],[]
946e2a3473828733de0016d27ee63e6dd0ce2df4b13abeb747596b3a7ed17f72,Обвели очима кругом і зупинились на Софійці .,"[{""label"": ""PERS"", ""text"": ""Софійці""}]","[{""label"": ""LOC"", ""text"": ""Софійці"", ""start"": 36, ""end"": 43}]"
1a9f1a1bd2d07b27c69c468f98b5e26c2bf620f0c75585bc3f6cb90ad1613051,"Легенька , спритна .",[],[]
e1f1f098f230db843168edbcae32b13460ef9dbad3c4ab9f964c8011559974a5,"Ну , певно , що Софійка .","[{""label"": ""PERS"", ""text"": ""Софійка""}]","[{""label"": ""PERS"", ""text"": ""Софійка"", ""start"": 16, ""end"": 23}]"
946eaf3c3a0526fb009aec15cd48f45b7a764a8ad834d75e174728178c966494,"Вмить принесли від дідуся Гарного бджолярське спорядження на голову , на голі руки вдягнули старі капронові панчохи , а в руки дали велику поливану миску :","[{""label"": ""PERS"", ""text"": ""Гарного""}]","[{""label"": ""PERS"", ""text"": ""Гарного"", ""start"": 26, ""end"": 33}, {""label"": ""ART"", ""text"": ""бджолярське спорядження"", ""start"": 34, ""end"": 57}, {""label"": ""ART"", ""text"": ""старі капронові панчохи"", ""start"": 92, ""end"": 115}, {""label"": ""ART"", ""text"": ""велику поливану миску"", ""start"": 132, ""end"": 153}]"
0ddc525ce72f4ff671693fa3f254196d50c8eb6f6dbb0a2ea748f0c80125c47d,"- Швиденько лізь , Софійко , ми тебе почекаємо . Софійці лазити по деревах було не вперше , і вона , як та білка , почала дряпатися на грушку .","[{""label"": ""PERS"", ""text"": ""Софійко""}, {""label"": ""PERS"", ""text"": ""Софійці""}]","[{""label"": ""PERS"", ""text"": ""Софійко"", ""start"": 19, ""end"": 26}, {""label"": ""PERS"", ""text"": ""Софійці"", ""start"": 49, ""end"": 56}, {""label"": ""LOC"", ""text"": ""деревах"", ""start"": 67, ""end"": 74}, {""label"": ""PERS"", ""text"": ""вона"", ""start"": 94, ""end"": 98}, {""label"": ""ART"", ""text"": ""грушку"", ""start"": 135, ""end"": 141}]"
8001b33fd106025492b21ec4bdf7f17fd56442a2e43ac89fb380337801416d2a,"Правда , заважав великий капелюх з сіткою і миска , яка весь час зачіпалася за дрібні галузки .",[],"[{""label"": ""PERS"", ""text"": ""Правда"", ""start"": 0, ""end"": 6}, {""label"": ""ART"", ""text"": ""великий капелюх з сіткою"", ""start"": 17, ""end"": 41}, {""label"": ""ART"", ""text"": ""миска"", ""start"": 44, ""end"": 49}, {""label"": ""PERIOD"", ""text"": ""весь час"", ""start"": 56, ""end"": 64}, {""label"": ""MISC"", ""text"": ""дрібні галузки"", ""start"": 79, ""end"": 93}]"
40018193a218f39c79cb695d2affcfb713e1b3d1e4db3fb4fd1a3895ea8179ee,"Ще кілька гілок і Софійка торкнеться чудернацького сірого кошика , що був ніби виплетений з маленьких і більших глибоких кружалець .","[{""label"": ""PERS"", ""text"": ""Софійка""}]","[{""label"": ""QUANT"", ""text"": ""Ще кілька гілок"", ""start"": 0, ""end"": 15}, {""label"": ""PERS"", ""text"": ""Софійка"", ""start"": 18, ""end"": 25}, {""label"": ""ART"", ""text"": ""чудернацького сірого кошика"", ""start"": 37, ""end"": 64}]"
91dd3605ff809c2a74821d42bffe5aba7fdbf41e1032b9b13da5f1bd166dfcc1,"Кошик потужно загудів , коли Софійка силувалась зняти його з дерева , він тримався , наче приклеєний .","[{""label"": ""PERS"", ""text"": ""Софійка""}]","[{""label"": ""ART"", ""text"": ""Кошик"", ""start"": 0, ""end"": 5}, {""label"": ""PERS"", ""text"": ""Софійка"", ""start"": 29, ""end"": 36}, {""label"": ""ART"", ""text"": ""дерева"", ""start"": 61, ""end"": 67}]"
6426ed9ced018627387320711ca9decb76d798cf66bbd30a2bcdb9df674502d6,І раптом великий рій злих ос накинувся на малу .,[],"[{""label"": ""MISC"", ""text"": ""злих ос"", ""start"": 21, ""end"": 28}]"
6e298bda9906b083552a54f1bd835d609f7954bc04456624c37d75c6a257ca0e,Вони почали справжню атаку .,[],"[{""label"": ""PERS"", ""text"": ""Вони"", ""start"": 0, ""end"": 4}]"
8aa3aa26353589978843cb7ef7a06bbf4fa78fda5b3a5944b235b11059aec5af,"Жалили в шию , в руки , лізли в пазуху і , коли почали впивати свої жала в голі ноги , Софійка не могла вже терпіти .","[{""label"": ""PERS"", ""text"": ""Софійка""}]","[{""label"": ""PERS"", ""text"": ""Софійка"", ""start"": 87, ""end"": 94}]"
9516a607b3ed395fdcde7edf2930e1ba69491c567891f8248f6a22b2ec77ffc9,Вона просто почала махати руками і не втримала рівноваги .,[],"[{""label"": ""PERS"", ""text"": ""Вона"", ""start"": 0, ""end"": 4}]"
613873ed9e5f28246b3cada485a7ee8863f5bff9273840cb0aa8cbc269a57aaf,"Падала з самого вершка грушки , яка підставляла їй свої крислаті віти , щоб пом’якшити приземлення .",[],"[{""label"": ""ART"", ""text"": ""грушки"", ""start"": 23, ""end"": 29}]"
564428c3493d9237314c5bc6ea8bc7bd59355e36a21f46337e1731d94d2f58dc,За Софійкою вслід по гілках тарахкотіла миска .,"[{""label"": ""PERS"", ""text"": ""Софійкою""}]","[{""label"": ""PERS"", ""text"": ""Софійкою"", ""start"": 3, ""end"": 11}, {""label"": ""ART"", ""text"": ""миска"", ""start"": 40, ""end"": 45}]"
8bab879b5f66c68c0931112f6efb41f3e9512768b9582949dec89380059c465b,Впала дівчинка спиною на високі стебла бараболь .,[],"[{""label"": ""PERS"", ""text"": ""дівчинка"", ""start"": 6, ""end"": 14}, {""label"": ""ART"", ""text"": ""бараболь"", ""start"": 39, ""end"": 47}]"
68de34c01d57b494515bb1cfcb179fd827b7a143599665a71e15c6b15430fcdc,Перед її очима зблиснув сніп мерехтливих іскринок .,[],[]
7bb492e3b9a034dc4bcc7b04a77d3eff8dfee6bc0e449b033e0af9d2aa6af0e4,"Вона не розуміла , чи це гудуть оси , чи гуде голова .",[],"[{""label"": ""PERS"", ""text"": ""Вона"", ""start"": 0, ""end"": 4}, {""label"": ""ART"", ""text"": ""оси"", ""start"": 32, ""end"": 35}, {""label"": ""ART"", ""text"": ""голова"", ""start"": 46, ""end"": 52}]"
6425875775a9f26e63a964127afceb55581864c9013e24a2cd96c9bf386c7ee8,"Бджолярський капелюх з’їхав набік , на грушці висіли шнурками панчохи , а купа принишклих дівчат мовчки дивилися на малу , боячись запитати , як вона .",[],"[{""label"": ""ART"", ""text"": ""Бджолярський капелюх"", ""start"": 0, ""end"": 20}, {""label"": ""ART"", ""text"": ""панчохи"", ""start"": 62, ""end"": 69}, {""label"": ""PERS"", ""text"": ""малу"", ""start"": 116, ""end"": 120}]"
7ab43111e6a561b758a3a7227a26ee08af1b593ffbebc9448b475e824b25c97d,"Видно , Софійчині ангели були поруч і не дали статися біді .","[{""label"": ""PERS"", ""text"": ""Софійчині""}]",[]
b4a9fd44f7e7e571b4254deb9b0d2504b6d253f21d1acd4e9b154cac8517ad00,"Розпатлана , покусана , вона повільно піднялася і сіла .",[],[]
74797155061fb32e717455c7d88c707bcef56f46422169897943b6429b5fe0de,"Розлючені оси все ще кружляли над грушкою і боляче вжалили кількох дівчат , які навіть не ойкнули - напевне , хотіли цим полегшити Софійчин біль .","[{""label"": ""PERS"", ""text"": ""Софійчин""}]",[]
cfc6f1c7ef49cdbf2bcfe5d567cf98e794dac25f273e17c014974026bb633a90,"Потім усі швидко , як горобці , розбіглися кожне до свого дому , бо ніхто вже не бажав меду .",[],"[{""label"": ""MISC"", ""text"": ""меду"", ""start"": 87, ""end"": 91}]"
c4f57b5ffa5906d6aaac09203afec8a41e90981261ca6f75cc87322f82343e0c,"Просили тільки , щоб Софійка не поскаржилась мамі .","[{""label"": ""PERS"", ""text"": ""Софійка""}]","[{""label"": ""PERS"", ""text"": ""Софійка"", ""start"": 21, ""end"": 28}, {""label"": ""PERS"", ""text"": ""мамі"", ""start"": 45, ""end"": 49}]"
091ea5dd227efa7f354b0729f1521d8af92548daf818c796e89ce1ec9d7cc140,"Біля Софійки залишилася Маринка , винувато лупаючи великими чорними очима .","[{""label"": ""PERS"", ""text"": ""Софійки""}, {""label"": ""PERS"", ""text"": ""Маринка""}]","[{""label"": ""LOC"", ""text"": ""Софійки"", ""start"": 5, ""end"": 12}, {""label"": ""PERS"", ""text"": ""Маринка"", ""start"": 24, ""end"": 31}]"
b7f43140e7c8d89ac257f76662e44dc9eaac272bfbf717b5412be93efcc937fe,Білі полотна Явдоха білила полотна .,"[{""label"": ""PERS"", ""text"": ""Явдоха""}]","[{""label"": ""ART"", ""text"": ""Білі полотна"", ""start"": 0, ""end"": 12}, {""label"": ""PERS"", ""text"": ""Явдоха"", ""start"": 13, ""end"": 19}]"
3e51285d6727836c2df928352541455b487ae8957e14363bf78801ba705c2400,"Стояла погідна днина , і полотна довгими білими дорогами лежали в саду на чистому килимі зеленої трави , де їх більше голубило сонце .",[],"[{""label"": ""ART"", ""text"": ""погідна днина"", ""start"": 7, ""end"": 20}, {""label"": ""ART"", ""text"": ""полотна"", ""start"": 25, ""end"": 32}, {""label"": ""LOC"", ""text"": ""саду"", ""start"": 66, ""end"": 70}, {""label"": ""MISC"", ""text"": ""чистому килимі зеленої трави"", ""start"": 74, ""end"": 102}]"
dd3375b9411b4047973e634fc52a9d465e76de74cc299e2a89dfb8092e657c18,Час від часу Явдоха поливала полотна чистою водою і тішилася своєю роботою .,"[{""label"": ""PERS"", ""text"": ""Явдоха""}]","[{""label"": ""PERS"", ""text"": ""Явдоха"", ""start"": 13, ""end"": 19}, {""label"": ""ART"", ""text"": ""полотна"", ""start"": 29, ""end"": 36}]"
f262298a98019dc39023bf291cdc5d207b567163f1d9f40c37ce82a6287a19d5,"Полотна були рівні , тонкі , з прошвами мережива посередині - добрі будуть обруси і верета .",[],"[{""label"": ""ART"", ""text"": ""Полотна"", ""start"": 0, ""end"": 7}]"
48672b79fa8f8e61608c25da2afc0e2e8ac36ad8b92df85048807588948f7f90,"Милуючи усміхом свої білі дороги , Явдоха краєм ока побачила гурт дівчатисьок , що пасли на Оболоні гусей і бовтались у воді , з вереском піднімаючи бризки .","[{""label"": ""PERS"", ""text"": ""Явдоха""}, {""label"": ""LOC"", ""text"": ""Оболоні""}]","[{""label"": ""PERS"", ""text"": ""Явдоха"", ""start"": 35, ""end"": 41}, {""label"": ""LOC"", ""text"": ""Оболоні"", ""start"": 92, ""end"": 99}, {""label"": ""MISC"", ""text"": ""гусей"", ""start"": 100, ""end"": 105}, {""label"": ""MISC"", ""text"": ""бризки"", ""start"": 149, ""end"": 155}]"
23db7551f0adf894a5afdcbff633ff8638d228be2b8a6a18977d606a9b75e940,"Мокрі косенята прилипали шнурочками до лиця , пасемка лізли в очі , діти терли їх кулаками і знову шубовсяли у воду .",[],"[{""label"": ""ART"", ""text"": ""Мокрі косенята"", ""start"": 0, ""end"": 14}, {""label"": ""ART"", ""text"": ""шнурочками"", ""start"": 25, ""end"": 35}, {""label"": ""ART"", ""text"": ""пасемка"", ""start"": 46, ""end"": 53}, {""label"": ""PERS"", ""text"": ""діти"", ""start"": 68, ""end"": 72}]"
02a563a32fd3fca937abf7669f990647093e76b85421416bec0ce2dd25cb8016,"Ґелґотіли гуси , кричали дівчатка .",[],"[{""label"": ""MISC"", ""text"": ""гуси"", ""start"": 10, ""end"": 14}, {""label"": ""PERS"", ""text"": ""дівчатка"", ""start"": 25, ""end"": 33}]"
0a5d21040f7d9bac9bb647da8ded7c3802df2ac583aaf2d474e3a4d01f3ac066,"І , подивившись на їхні нехитрі ігриська , Явдоха скропила полотна і пішла до хати готувати обід .","[{""label"": ""PERS"", ""text"": ""Явдоха""}]","[{""label"": ""ART"", ""text"": ""їхні нехитрі ігриська"", ""start"": 19, ""end"": 40}, {""label"": ""PERS"", ""text"": ""Явдоха"", ""start"": 43, ""end"": 49}, {""label"": ""ART"", ""text"": ""полотна"", ""start"": 59, ""end"": 66}, {""label"": ""LOC"", ""text"": ""хати"", ""start"": 78, ""end"": 82}]"
85cf9439f30757abab53e4b7c5546cf71ba478c64e731befe6e7eb33ebf62842,Скоро Стефан з хлопцями мали вернути з поля на полуднє .,"[{""label"": ""PERS"", ""text"": ""Стефан""}]","[{""label"": ""PERS"", ""text"": ""Стефан"", ""start"": 6, ""end"": 12}, {""label"": ""LOC"", ""text"": ""поля"", ""start"": 39, ""end"": 43}]"
01993013c92e729ece24937f6acb31a4c7ca2402f358cabce0864ec2228fd7d7,"Сини ще малі , але вчаться господарської школи ...",[],"[{""label"": ""PERS"", ""text"": ""Сини"", ""start"": 0, ""end"": 4}, {""label"": ""ORG"", ""text"": ""господарської школи"", ""start"": 27, ""end"": 46}]"
ef5583d7a5b958ecac9c889a92d9b5514affcbb62fe4738741f1c309e9224075,Дівчатиська повилазили з води і дзвонили зубами від холоду .,[],"[{""label"": ""LOC"", ""text"": ""води"", ""start"": 25, ""end"": 29}]"
26a911c30ee958d3d9fe89bd972b8a9cc2b4feaa32ab09796012ccecb45a9dd4,"Шкіра на них поїжилася , губи посиніли , малі шукали , де б то відігрітися .",[],"[{""label"": ""PERS"", ""text"": ""малі"", ""start"": 41, ""end"": 45}]"
e795f9e962b188ab3d8b353e53b3f9b2a8870cd70f5a4a150255c034130e8178,"Струмки стікали з волосся по худеньких плечах , благенькі сорочечки поприлипали до запалих животів , які бурчали від невдоволення .",[],"[{""label"": ""ART"", ""text"": ""Струмки"", ""start"": 0, ""end"": 7}, {""label"": ""MISC"", ""text"": ""волосся"", ""start"": 18, ""end"": 25}, {""label"": ""ART"", ""text"": ""благенькі сорочечки"", ""start"": 48, ""end"": 67}]"
0743c6f2417d6f2edb1c2b0bf40182bebf6f3868f38c55f1e6e5b5dda096f00c,"Діти хотіли їсти , і Стефка , котра жила найближче , повідомила , що в неї вдома нікого нема - хатні повезли мед на продаж .","[{""label"": ""PERS"", ""text"": ""Стефка""}]","[{""label"": ""PERS"", ""text"": ""Стефка"", ""start"": 21, ""end"": 27}, {""label"": ""ORG"", ""text"": ""хатні"", ""start"": 95, ""end"": 100}, {""label"": ""MISC"", ""text"": ""мед"", ""start"": 109, ""end"": 112}]"
9cba43552447a968aa98b390a195fe76c1120f1680768af51b3f299f8390ddbb,"О , таким солодким дивом мало хто з дівчат ласував , тож вони почали просити , щоб Стефка пригостила їх медом .","[{""label"": ""PERS"", ""text"": ""Стефка""}]","[{""label"": ""PERS"", ""text"": ""Стефка"", ""start"": 83, ""end"": 89}, {""label"": ""MISC"", ""text"": ""медом"", ""start"": 104, ""end"": 109}]"
4b6508ee151e29fa2a6f34128e38ad7d79b891550ee89018eb58f1062ccf2d4e,"Гуси сім’ями сиділи вкупі і час від часу лоскотали себе дзьобами , ніби дозволяли своїм пастушкам перерву .",[],"[{""label"": ""LOC"", ""text"": ""сім’ями"", ""start"": 5, ""end"": 12}]"
5d06088465be5c6ed2449df31efb71f4d0e5f9dc51bbcc9cdca07cc4f2e1c924,"Тому товаришки , трохи відігрівшись , гуртом пішли за Стефкою .","[{""label"": ""PERS"", ""text"": ""Стефкою""}]","[{""label"": ""ORG"", ""text"": ""товаришки"", ""start"": 5, ""end"": 14}, {""label"": ""PERS"", ""text"": ""Стефкою"", ""start"": 54, ""end"": 61}]"
73d3d6b6445ba29d0874b39e17fa00b537a30bcc421c886d28f7118a42695989,"Стебник , де стояли бочки з медом , був закритий на колодку .",[],"[{""label"": ""LOC"", ""text"": ""Стебник"", ""start"": 0, ""end"": 7}, {""label"": ""ART"", ""text"": ""бочки з медом"", ""start"": 20, ""end"": 33}]"
3223b73a9403cec2e17c92e265cdb06c018345699658b0b00c9a63889c33aeac,"Дівчатка обійшли кругом , шукаючи можливості забратися всередину .",[],"[{""label"": ""PERS"", ""text"": ""Дівчатка"", ""start"": 0, ""end"": 8}]"
e9a89a84910204d6b6feb7b49c22ac312e39b893adac0ef17a605e447f3eb49c,А звідти йшов манливий запах воску і молодого меду .,[],[]
3eafebcb04725dcb4dce04796d08ccfead510f8ebe1193b744be3ee5b8e6d6d8,Знайшли !,[],[]
b78970d924065d11feb2897b5db58145bc261c81c56366d430a55bbda9ddd3d4,"Як кошенята , видряпалися на горище і крізь вузьку щілину влізли до медового раю .",[],"[{""label"": ""LOC"", ""text"": ""горище"", ""start"": 29, ""end"": 35}, {""label"": ""LOC"", ""text"": ""медового раю"", ""start"": 68, ""end"": 80}]"
ded2c2cf7357f5a3e4efa7aa3d22bd72b7835a35ec87bf04501a660da9dec4d4,А там у діжках з дерев’яними покришками і великими ложками був мед .,[],"[{""label"": ""ART"", ""text"": ""великими ложками"", ""start"": 42, ""end"": 58}, {""label"": ""ART"", ""text"": ""мед"", ""start"": 63, ""end"": 66}]"
db8cb8ab3c3d32eb91538ed43930a2a35f682bac9b19a1f225c7260e0dd7b33c,"Пахучий , лискучий , солодкий - аж дух забиває !",[],[]
7fc3dd4302992f72e66c0691492181f2baf1b465487b3c835467aaa3edc78b18,І багато як !,[],[]
9ee82858472413fadd0dbf87e9ff173723c1fb738f786c9ba58bd94e0a7bbe81,"Хіба схаменешся тут , що робиш шкоду ?",[],"[{""label"": ""LOC"", ""text"": ""тут"", ""start"": 16, ""end"": 19}]"
d2a9e5029a367ee7cfd4e4f2185bfb150b9b5234a39c492024120087c87f8dfd,"Їли досхочу , і коли губи вже ледве розтягалися , а язик став кілком - зупинилися .",[],[]
18696512eddafafa36aae840b2f84fed1b2f2c31616432addcd287030243beda,"Вилізали важко , сопіли , зітхали , рвали сороченята , але вилізли таки і , обважнілі , знову пішли до гусей .",[],"[{""label"": ""ART"", ""text"": ""сороченята"", ""start"": 42, ""end"": 52}, {""label"": ""MISC"", ""text"": ""гусей"", ""start"": 103, ""end"": 108}]"
64e667982614fb30cd1fcc151ad4b739147801a2a424f42b4381bbc4b6c32d4d,"Роздяглися і смачно простяглися на зеленій траві , чекаючи полудня , щоб гнати птаство додому .",[],"[{""label"": ""LOC"", ""text"": ""зеленій траві"", ""start"": 35, ""end"": 48}, {""label"": ""PERIOD"", ""text"": ""полудня"", ""start"": 59, ""end"": 66}, {""label"": ""MISC"", ""text"": ""птаство"", ""start"": 79, ""end"": 86}]"
f817cd3018239db688046138aac53db3005f0e5a38d662e70452e604d4102c6f,"За якийсь час , поніжившись на сонці , Юзя ляпнула себе долонею по животі і швидко розплющила очі - на ньому проступили жовті пацьорки , ніби пухирі .","[{""label"": ""PERS"", ""text"": ""Юзя""}]","[{""label"": ""PERIOD"", ""text"": ""За якийсь час"", ""start"": 0, ""end"": 13}, {""label"": ""LOC"", ""text"": ""сонці"", ""start"": 31, ""end"": 36}, {""label"": ""PERS"", ""text"": ""Юзя"", ""start"": 39, ""end"": 42}, {""label"": ""ART"", ""text"": ""жовті пацьорки"", ""start"": 120, ""end"": 134}]"
4f3aa9f24ce23dd6c834c374d268a847e110eba9c035950df4538aa551cfb6b4,"Коли глядь , аж і в інших те саме .",[],[]
6159579a3c1a67562462bc924cf5103ce10a483afad2089c6593d2d4f24cbb4a,"Дітиська схопилися і не знали , що робити .",[],"[{""label"": ""PERS"", ""text"": ""Дітиська"", ""start"": 0, ""end"": 8}]"
0d2e9e0ca7463c77c9c9bb940f307797b696e802915f9b87a68edd80ea8fedd1,З переляку шубовснули в річку і стали натирати себе теплим намулом .,[],"[{""label"": ""LOC"", ""text"": ""річку"", ""start"": 24, ""end"": 29}, {""label"": ""ART"", ""text"": ""теплим намулом"", ""start"": 52, ""end"": 66}]"
52f9199a2f5936efc3fc564c255f0d9969eb8ac275c885b8f49555027243be14,"Вилізли чорні і блискучі , як чортенята , тільки очі перелякано бігали і непокірно стирчали кіски .",[],"[{""label"": ""ART"", ""text"": ""кіски"", ""start"": 92, ""end"": 97}]"
fdde3b8884102f8deed9a97bc8428ee26c375c644d672dacaa63eed00e8d18e3,Що далі ?,[],[]
506097abe12e5a3afbca387e5bdc7284825fbf1f3cdfffa8865c9c5301020542,Що робити ?,[],[]
ea8daf7d8350ab50e1c73a3d167bd50ca5316f0b7ff15c65205e8261327b84b4,"Погляди їхні впали на білосніжні Явдошині полотна , які вибілювалися під сонцем .","[{""label"": ""PERS"", ""text"": ""Явдошині""}]","[{""label"": ""ART"", ""text"": ""білосніжні Явдошині полотна"", ""start"": 22, ""end"": 49}]"
7d04e339f1ab5f116ab81a3b2144258ab5ecd15c82b1fb2610d05d5d6010d49f,"Довго не думаючи , продерли в плоті дірку і порозлягалися на Явдошиних обрусах .","[{""label"": ""PERS"", ""text"": ""Явдошиних""}]","[{""label"": ""LOC"", ""text"": ""Явдошиних обрусах"", ""start"": 61, ""end"": 78}]"
4a62ad0578f7340e46c14b40a0e1dd71eecb6936de2fc32c22d1e42fedb0d8d0,Обсихали .,[],"[{""label"": ""PERS"", ""text"": ""Обсихали"", ""start"": 0, ""end"": 8}]"
b095e77ad9a2839a93b08c8494ed04a29861a8e3a34774134873c9a828e3c282,"Сонце висушило намул , який потріскався на голій шкірі , а в тріщинах блищали краплі меду ... Явдоха ще здалеку зчинила крик .","[{""label"": ""PERS"", ""text"": ""Явдоха""}]","[{""label"": ""PERS"", ""text"": ""Сонце"", ""start"": 0, ""end"": 5}, {""label"": ""ART"", ""text"": ""намул"", ""start"": 15, ""end"": 20}, {""label"": ""ART"", ""text"": ""краплі меду"", ""start"": 78, ""end"": 89}, {""label"": ""PERS"", ""text"": ""Явдоха"", ""start"": 94, ""end"": 100}]"
8313c20fde686b4e7d8c9601252f6a60bbfd4762f8d344ba451dbc351f5c9be2,"Дівчатиська , як перелякані горобці , шугнули спершу в дірку у плоті , а потім у річку .",[],"[{""label"": ""MISC"", ""text"": ""Дівчатиська"", ""start"": 0, ""end"": 11}, {""label"": ""ART"", ""text"": ""дірку у плоті"", ""start"": 55, ""end"": 68}, {""label"": ""LOC"", ""text"": ""річку"", ""start"": 81, ""end"": 86}]"
42d48961f689e9a7a1d41acf11fc2be85a20f994dd0792f2fbdd071a1f8262c0,"Серед тих малих бешкетниць була Явдошина майбутня невістка , а моя мама .","[{""label"": ""PERS"", ""text"": ""Явдошина""}]","[{""label"": ""PERS"", ""text"": ""Явдошина"", ""start"": 32, ""end"": 40}, {""label"": ""PERS"", ""text"": ""моя мама"", ""start"": 63, ""end"": 71}]"
7584199f251cac1f49a59187e3926b2b36aaf05c99c08254c2fd8a3a1a830635,Гусяче весілля,[],[]
bf968803692bda86e71f76a1662d0beec1d953ff46505d40369222a38fc75cde,"У сусідів через дорогу барвисто « вишивали » троїсті музики , скликаючи село на весілля .",[],"[{""label"": ""ART"", ""text"": ""троїсті музики"", ""start"": 45, ""end"": 59}, {""label"": ""LOC"", ""text"": ""село"", ""start"": 72, ""end"": 76}]"
aa94c73f14dd57a0217659ecb86ba7cbe55c0bc8c2e1febc40b966554d8550ee,"Скрипкова мелодія то звивалася ніжно і грайливо , то стрімко злітала вгору , розсипаючи жмені чарівних звуків .",[],"[{""label"": ""ART"", ""text"": ""Скрипкова мелодія"", ""start"": 0, ""end"": 17}]"
b1789e6a4efe44fa14949f4927f84c82302eeaebefb2a5a9a5d1a461dab6081a,"Ображено жебоніли цимбали і , наздоганяючи скрипку , утворювали з нею злагоджений дует .",[],"[{""label"": ""ART"", ""text"": ""цимбали"", ""start"": 18, ""end"": 25}, {""label"": ""ART"", ""text"": ""скрипку"", ""start"": 43, ""end"": 50}]"
1a0bf93652d2964bf9f0cf71f8fa369f39fe9e17e093d18aa273f8b8cd314ec0,"Ну а бубен підтверджував , що він тут найзакличніший , його найдалі чути .",[],"[{""label"": ""ART"", ""text"": ""бубен"", ""start"": 5, ""end"": 10}, {""label"": ""LOC"", ""text"": ""тут"", ""start"": 34, ""end"": 37}]"
4cb36aed49977fda98dbcbe8723d0c17499257d0b596d44c7f48e6bc38a9de59,Стояла літня днина .,[],[]
81385320d404e67b00246f08a2bf63ff06e2de1e26e8f41f49b311c0340828f5,"Тепло пахло квітами , а синє-синє небо посилало своє благословення молодій парі . Ясько Терновий з Мариною , як найближчі сусіди , збиралися на шлюб і , вже святково вбравшись , давали настанови малій Ганнусі : нагодувати курчат , нарвати трави для корови і , головне , насікти трави для гусей , яких цього року мали півкопи - діти підростають , то треба подушки насипати . Томцьо вчиться у Львові , тож мус , щоб спав на своїй подушці , бо чужа - як та мачуха : тут гладко , а там мулько . Ганнуся стояла , сумно опустивши руки , і слухала вже не скрипку , а тата , бо мама завше м’якше з нею говорила .","[{""label"": ""PERS"", ""text"": ""Ясько Терновий""}, {""label"": ""PERS"", ""text"": ""Мариною""}, {""label"": ""PERS"", ""text"": ""Ганнусі""}, {""label"": ""PERS"", ""text"": ""Томцьо""}, {""label"": ""LOC"", ""text"": ""Львові""}, {""label"": ""PERS"", ""text"": ""Ганнуся""}]","[{""label"": ""PERS"", ""text"": ""Ясько Терновий"", ""start"": 82, ""end"": 96}, {""label"": ""PERS"", ""text"": ""Мариною"", ""start"": 99, ""end"": 106}, {""label"": ""PERS"", ""text"": ""Ганнусі"", ""start"": 201, ""end"": 208}, {""label"": ""MISC"", ""text"": ""трави для корови"", ""start"": 239, ""end"": 255}, {""label"": ""MISC"", ""text"": ""трави для гусей"", ""start"": 278, ""end"": 293}, {""label"": ""MISC"", ""text"": ""подушки"", ""start"": 355, ""end"": 362}, {""label"": ""PERS"", ""text"": ""Томцьо"", ""start"": 374, ""end"": 380}, {""label"": ""LOC"", ""text"": ""Львові"", ""start"": 391, ""end"": 397}, {""label"": ""MISC"", ""text"": ""мус"", ""start"": 404, ""end"": 407}, {""label"": ""PERS"", ""text"": ""Ганнуся"", ""start"": 491, ""end"": 498}, {""label"": ""PERS"", ""text"": ""мама"", ""start"": 570, ""end"": 574}]"
28b9cff98be553ae006a12bfe1a960938498e6591c9afbe8de61c063d1303d94,"А тато наказував , та ще й з притиском : « Щоб ти не стояла там за ворітьми і не чекала якого тістечка .",[],"[{""label"": ""PERS"", ""text"": ""тато"", ""start"": 2, ""end"": 6}, {""label"": ""PERS"", ""text"": ""ти"", ""start"": 47, ""end"": 49}, {""label"": ""MISC"", ""text"": ""ворітьми"", ""start"": 67, ""end"": 75}, {""label"": ""MISC"", ""text"": ""тістечка"", ""start"": 94, ""end"": 102}]"
eaed6a15dbfeedd5655a2f7e32fd7d2216b1b44f0cd3218c21300ebd22850e44,"Маєш що їсти в хаті , ти ще не до весіль » .",[],"[{""label"": ""LOC"", ""text"": ""хаті"", ""start"": 15, ""end"": 19}, {""label"": ""PERS"", ""text"": ""ти"", ""start"": 22, ""end"": 24}]"
253dd2a4a2ea1d37993675ed38a3f6b3f63c4883f0bd6a48cc7f8c74bf828405,Але як не слухати музику ?,[],"[{""label"": ""ART"", ""text"": ""музику"", ""start"": 18, ""end"": 24}]"
d30f76883b63b684101fe485ba0c6dc3098da14ff80dee04d98ceea2e9635749,Як не дивитися на барвистий одяг молодої і дружок ?,[],"[{""label"": ""ART"", ""text"": ""барвистий одяг"", ""start"": 18, ""end"": 32}, {""label"": ""PERS"", ""text"": ""молодої і дружок"", ""start"": 33, ""end"": 49}]"
b23fa0f12790d7d3c79a28a657d084de59b9bdd54084bbfbe99e7672811b34e8,"Це ж через дорогу , зовсім близько . Ганнуся стояла за кущем калини , що пишно розрісся на розі хати , і їй добре було видно все весільне подвір’я .","[{""label"": ""PERS"", ""text"": ""Ганнуся""}]","[{""label"": ""LOC"", ""text"": ""Це ж через дорогу , зовсім близько"", ""start"": 0, ""end"": 34}, {""label"": ""PERS"", ""text"": ""Ганнуся"", ""start"": 37, ""end"": 44}, {""label"": ""ART"", ""text"": ""кущем калини"", ""start"": 55, ""end"": 67}, {""label"": ""LOC"", ""text"": ""весільне подвір’я"", ""start"": 129, ""end"": 146}]"
50d6f4166b6c004a1d0235871c90475f4faced856426b722d98666eb47ebbc0d,"Дружки снували між музиками , несучи то стрічки , то мирт .",[],"[{""label"": ""PERS"", ""text"": ""Дружки"", ""start"": 0, ""end"": 6}, {""label"": ""ART"", ""text"": ""стрічки"", ""start"": 40, ""end"": 47}, {""label"": ""ART"", ""text"": ""мирт"", ""start"": 53, ""end"": 57}]"
cd81453ba8a65318c90b0c700a4c8dc4a7496bebd7c83713034124fcac4c62b8,"Хлопці вже закінчували зелену браму , ставили закуску на стіл для викупу молодої .",[],"[{""label"": ""PERS"", ""text"": ""Хлопці"", ""start"": 0, ""end"": 6}, {""label"": ""ART"", ""text"": ""зелену браму"", ""start"": 23, ""end"": 35}, {""label"": ""ART"", ""text"": ""закуску"", ""start"": 46, ""end"": 53}, {""label"": ""PERS"", ""text"": ""молодої"", ""start"": 73, ""end"": 80}]"
08470c187b29f69a915e2adff0435d465123f9d8cf352af5b0f5a353c848ced2,"Вже йшли перші гості , музики грали марші .",[],"[{""label"": ""PERS"", ""text"": ""перші гості"", ""start"": 9, ""end"": 20}, {""label"": ""MISC"", ""text"": ""марші"", ""start"": 36, ""end"": 41}]"
4783a0ed8c67550e7dfeea67db767d4e516041b0221d88a798035f084d9fc6c2,О ... татові вже причепили букет з барвінку .,[],"[{""label"": ""PERS"", ""text"": ""О ..."", ""start"": 0, ""end"": 5}, {""label"": ""PERS"", ""text"": ""татові"", ""start"": 6, ""end"": 12}, {""label"": ""ART"", ""text"": ""букет з барвінку"", ""start"": 27, ""end"": 43}]"
f138ee08fac57097144d5fc0614aa866b9fe8f962b3fc1c0f54f86a553c1dece,Дівча згадало про свою роботу і хутко смикнуло на город .,[],"[{""label"": ""PERS"", ""text"": ""Дівча"", ""start"": 0, ""end"": 5}, {""label"": ""JOB"", ""text"": ""свою роботу"", ""start"": 18, ""end"": 29}, {""label"": ""LOC"", ""text"": ""город"", ""start"": 50, ""end"": 55}]"
5fc0330c375466c99eba1af49c731d427fca9ede5ecfbc484775adad561a6daf,"Нарвала для корови молодої кукурудзянки , зеленого бурячиння , сипнула курчатам гречки і трохи сиру зверху .",[],"[{""label"": ""PERS"", ""text"": ""Нарвала"", ""start"": 0, ""end"": 7}, {""label"": ""ART"", ""text"": ""молодої кукурудзянки"", ""start"": 19, ""end"": 39}, {""label"": ""MISC"", ""text"": ""зеленого бурячиння"", ""start"": 42, ""end"": 60}, {""label"": ""ART"", ""text"": ""курчатам гречки"", ""start"": 71, ""end"": 86}, {""label"": ""MISC"", ""text"": ""сиру"", ""start"": 95, ""end"": 99}]"
df63b035c1d4d46b426e7c058768b84a7e35c3078c32ce783f418c615deef4ef,Коли це біля хліва нагадала про себе біла хмара гусей .,[],"[{""label"": ""LOC"", ""text"": ""біля хліва"", ""start"": 8, ""end"": 18}, {""label"": ""ART"", ""text"": ""біла хмара гусей"", ""start"": 37, ""end"": 53}]"
a07de09b997b0a79349ce7bfd480d918f256eb2cc8ff8e3d23657de39b653f1b,"Ги-ги-ги - тонко , пискляво ґелґотали гуси , ніби хотіли перекричати скрипку . XII Міжнародний турнір з баскетболу серед команд ветеранів ім . С . П . Корольова завершився 15 грудня 2013 року .","[{""label"": ""ORG"", ""text"": ""XII Міжнародний турнір з баскетболу серед команд ветеранів ім . С . П . Корольова""}, {""label"": ""DATE"", ""text"": ""15 грудня 2013 року""}]","[{""label"": ""DATE"", ""text"": ""15 грудня 2013 року"", ""start"": 172, ""end"": 191}]"
884cc159017003e4516739d6ef08e69f51dec836c6825707461932280fda3eb1,"З 13 по 15 грудня , спортсмени з міст Брест , Ліда та Мінськ ( Білорусь ) , Кишинева ( Молдова ) , Москви ( Російська Федерація ) , Житомира , Києва , зі Львова та Луцька змагались за першість .","[{""label"": ""PERIOD"", ""text"": ""13 по 15 грудня""}, {""label"": ""LOC"", ""text"": ""Брест""}, {""label"": ""LOC"", ""text"": ""Ліда""}, {""label"": ""LOC"", ""text"": ""Мінськ""}, {""label"": ""LOC"", ""text"": ""Білорусь""}, {""label"": ""LOC"", ""text"": ""Кишинева""}, {""label"": ""LOC"", ""text"": ""Молдова""}, {""label"": ""LOC"", ""text"": ""Москви""}, {""label"": ""LOC"", ""text"": ""Російська Федерація""}, {""label"": ""LOC"", ""text"": ""Житомира""}, {""label"": ""LOC"", ""text"": ""Києва""}, {""label"": ""LOC"", ""text"": ""Львова""}, {""label"": ""LOC"", ""text"": ""Луцька""}]","[{""label"": ""DATE"", ""text"": ""13 по 15 грудня"", ""start"": 2, ""end"": 17}, {""label"": ""PERS"", ""text"": ""спортсмени"", ""start"": 20, ""end"": 30}, {""label"": ""LOC"", ""text"": ""Брест"", ""start"": 38, ""end"": 43}, {""label"": ""LOC"", ""text"": ""Ліда"", ""start"": 46, ""end"": 50}, {""label"": ""LOC"", ""text"": ""Мінськ ( Білорусь )"", ""start"": 54, ""end"": 73}, {""label"": ""LOC"", ""text"": ""Кишинева ( Молдова )"", ""start"": 76, ""end"": 96}, {""label"": ""LOC"", ""text"": ""Москви ( Російська Федерація )"", ""start"": 99, ""end"": 129}, {""label"": ""LOC"", ""text"": ""Житомира"", ""start"": 132, ""end"": 140}, {""label"": ""LOC"", ""text"": ""Києва"", ""start"": 143, ""end"": 148}, {""label"": ""LOC"", ""text"": ""Львова"", ""start"": 154, ""end"": 160}, {""label"": ""LOC"", ""text"": ""Луцька"", ""start"": 164, ""end"": 170}]"
7788d55412ec1c8c106b0f08e10dc806b028edbdaccd904638fa78defcfcfa56,Змагання проходили у двох вікових категоріях – 45 + та 50 + .,[],[]
fde1aa2fa0d2228b2fc8d41697ca8af6caad5d01c6a773957c09c7e04ede2fd2,- На турнірі не вперше .,[],"[{""label"": ""ORG"", ""text"": ""На турнірі"", ""start"": 2, ""end"": 12}]"
b2d1ef2b879c147329f58a8a42c4f7ed5ca1348df156159d033e757f69d26538,"У вас гарне місто , привітні люди .",[],"[{""label"": ""LOC"", ""text"": ""гарне місто"", ""start"": 6, ""end"": 17}, {""label"": ""PERS"", ""text"": ""привітні люди"", ""start"": 20, ""end"": 33}]"
6cb199034bc8f3c894ecda35851efc6730b2d6429698cfe326d6582a357f3a40,"Приємно те , що з кожним роком турнір розширюється : його учасниками стають все більше людей .",[],"[{""label"": ""ORG"", ""text"": ""турнір"", ""start"": 31, ""end"": 37}]"
90412a2157131d27f45d78aa8ffb716ff7da8656b2dec347c82db3b05b50d049,Змагання відбуваються у чесній боротьбі .,[],"[{""label"": ""MISC"", ""text"": ""Змагання"", ""start"": 0, ""end"": 8}]"
5599b1fc616cd45f55d595fca446fb01b0b52a9840462d56fecb78d1f8063047,"В наш нелегкий час , а він справді нелегкий , люди можуть на щось відволіктися – на щось приємне , позитивне , мають спільні інтереси , займаються спортом , – своїми враженнями поділився учасник турніру з м . Луцька Юрій Нечай .","[{""label"": ""LOC"", ""text"": ""Луцька""}, {""label"": ""PERS"", ""text"": ""Юрій Нечай""}]","[{""label"": ""PERIOD"", ""text"": ""В наш нелегкий час"", ""start"": 0, ""end"": 18}, {""label"": ""MISC"", ""text"": ""мають спільні інтереси"", ""start"": 111, ""end"": 133}, {""label"": ""MISC"", ""text"": ""спортом"", ""start"": 147, ""end"": 154}, {""label"": ""LOC"", ""text"": ""м . Луцька"", ""start"": 205, ""end"": 215}, {""label"": ""PERS"", ""text"": ""Юрій Нечай"", ""start"": 216, ""end"": 226}]"
294c91747f594d83c28a589432ca847085fcfe65bbfde60e60fe8407004f5282,"Тренер команди « Сокіл-Ліда » ( Білорусь ) Ігор Коско зазначив , що одержав позитивні враження від турніру , а також від екскурсії до Музею космонавтики ім . С . П . Корольова , яку організатори провели для баскетболістів 14 грудня .","[{""label"": ""ORG"", ""text"": ""Сокіл-Ліда""}, {""label"": ""LOC"", ""text"": ""Білорусь""}, {""label"": ""PERS"", ""text"": ""Ігор Коско""}, {""label"": ""ORG"", ""text"": ""Музею космонавтики ім . С . П . Корольова""}, {""label"": ""DATE"", ""text"": ""14 грудня""}]","[{""label"": ""JOB"", ""text"": ""Тренер"", ""start"": 0, ""end"": 6}, {""label"": ""ORG"", ""text"": ""Сокіл-Ліда"", ""start"": 17, ""end"": 27}, {""label"": ""LOC"", ""text"": ""Білорусь"", ""start"": 32, ""end"": 40}, {""label"": ""PERS"", ""text"": ""Ігор Коско"", ""start"": 43, ""end"": 53}, {""label"": ""DATE"", ""text"": ""14 грудня"", ""start"": 222, ""end"": 231}]"
e759e931c6687065ccb9b18e96e1c482484ebfd759fdf685d06bde446ea48012,"Також тренер підкреслив , що має мрію – щоб на турнір приїздили не тільки ветерани , але й молодь , діти . Ігор Коско висловив пропозицію провести спільно змагання з гандболу серед дітей .","[{""label"": ""PERS"", ""text"": ""Ігор Коско""}]","[{""label"": ""PERS"", ""text"": ""тренер"", ""start"": 6, ""end"": 12}, {""label"": ""PERS"", ""text"": ""Ігор Коско"", ""start"": 107, ""end"": 117}, {""label"": ""MISC"", ""text"": ""змагання з гандболу"", ""start"": 155, ""end"": 174}]"
2f6f83af5c9c5c138db556bf1eecd2af6ba9d998d559a120fb2b1b3eda309c3c,"За результатами зустрічей , у категорії 45 + першість виборола команда м . Києва « Ветеран » .","[{""label"": ""LOC"", ""text"": ""Києва""}, {""label"": ""ORG"", ""text"": ""Ветеран""}]","[{""label"": ""MISC"", ""text"": ""45 +"", ""start"": 40, ""end"": 44}, {""label"": ""LOC"", ""text"": ""м . Києва"", ""start"": 71, ""end"": 80}, {""label"": ""ORG"", ""text"": ""Ветеран"", ""start"": 83, ""end"": 90}]"
9f3eb206214078d162745be43b9f91544712531cbae50917a852ce01ee55d718,Другими стали баскетболісти з Луцька .,"[{""label"": ""LOC"", ""text"": ""Луцька""}]","[{""label"": ""ORG"", ""text"": ""баскетболісти"", ""start"": 14, ""end"": 27}, {""label"": ""LOC"", ""text"": ""Луцька"", ""start"": 30, ""end"": 36}]"
e0a2b3814b95acdc678725ad241dc5bcc5463d1611317a4063ae291819a90861,До трійки призерів ввійшла команда з Кишинева .,"[{""label"": ""LOC"", ""text"": ""Кишинева""}]","[{""label"": ""ORG"", ""text"": ""команда"", ""start"": 27, ""end"": 34}, {""label"": ""LOC"", ""text"": ""Кишинева"", ""start"": 37, ""end"": 45}]"
38f3fd6c78d53eeb12fa168f25bfa033f9263262725efd79d97da91e61b7e3c5,У категорії 50 + лідерами стала збірна команда « Мінськ-Брест » .,"[{""label"": ""ORG"", ""text"": ""Мінськ-Брест""}]","[{""label"": ""QUANT"", ""text"": ""50 +"", ""start"": 12, ""end"": 16}, {""label"": ""ORG"", ""text"": ""Мінськ-Брест"", ""start"": 49, ""end"": 61}]"
88ef1a7d469e128a32ce02c2db0f777f1b1128726ed36711133d26ce8b0b14e2,"Поступившись місцем і програвши одну гру , срібними призерами стали баскетболісти м . Житомира .","[{""label"": ""LOC"", ""text"": ""Житомира""}]","[{""label"": ""QUANT"", ""text"": ""одну гру"", ""start"": 32, ""end"": 40}, {""label"": ""LOC"", ""text"": ""м . Житомира"", ""start"": 82, ""end"": 94}]"
708400b94ffb6becbb0297aebe047d6a252f536bbd215179a1698e5c5fab0a13,Третє місце виборола команда зі Львова .,"[{""label"": ""LOC"", ""text"": ""Львова""}]","[{""label"": ""ORG"", ""text"": ""команда зі Львова"", ""start"": 21, ""end"": 38}]"
71281b97db2b78a8efb670ecd41ee32255fc0ab773919e6edeac59743ccf3aef,"Переможці турніру одержали кубки та дипломи , а всі учасники змагань нагороджені медалями за участь та сувенірами .",[],"[{""label"": ""PERS"", ""text"": ""Переможці турніру"", ""start"": 0, ""end"": 17}, {""label"": ""ART"", ""text"": ""кубки та дипломи"", ""start"": 27, ""end"": 43}, {""label"": ""ART"", ""text"": ""медалями за участь та сувенірами"", ""start"": 81, ""end"": 113}]"
7d4720b3de4838ef39ef4648196f387a24e3cde7a81ef2ac9e7903f6f5b51ff9,"Участь в офіційній церемонії нагородження брала начальник управління сім’ї , молоді та спорту Житомирської міської ради Олена Сарно . Дорогі у Христі ! Великий піст – це той духовний оазис посеред шаленого ритму сучасного споживацького суспільства , в якому ми знаходимо Джерело відродження свого єства і покликані зростати у Божих та моральних чеснотах . Великий піст жодним чином не зазіхає на нашу свободу і не має за мету щось забрати .","[{""label"": ""ORG"", ""text"": ""Житомирської міської ради""}, {""label"": ""PERS"", ""text"": ""Олена Сарно""}, {""label"": ""PERS"", ""text"": ""Христі""}, {""label"": ""MISC"", ""text"": ""Великий піст""}, {""label"": ""PERS"", ""text"": ""Божих""}, {""label"": ""MISC"", ""text"": ""Великий піст""}]","[{""label"": ""JOB"", ""text"": ""начальник управління сім’ї , молоді та спорту"", ""start"": 48, ""end"": 93}, {""label"": ""ORG"", ""text"": ""Житомирської міської ради"", ""start"": 94, ""end"": 119}, {""label"": ""PERS"", ""text"": ""Олена Сарно"", ""start"": 120, ""end"": 131}, {""label"": ""MISC"", ""text"": ""Великий піст"", ""start"": 356, ""end"": 368}]"
4bab0559cd8e0ec8a5bab7279a3e3d63a8605f8bd6634fe45b27a7728f07255b,"Його призначення полягає передусім у тому , щоб збагатити нас і визволити із рабства гріха для правдивої свободи дітей Божих , щоб ми були справді щасливими , щоб ми були благословенням для наших ближніх та всього створеного Богом світу .","[{""label"": ""PERS"", ""text"": ""Божих""}, {""label"": ""PERS"", ""text"": ""Богом""}]","[{""label"": ""PERS"", ""text"": ""ми"", ""start"": 163, ""end"": 165}]"
d66bf4cabf2df2ee51b6eb32d03940b43bd5d3e99fe7136fe394bdcfbdbb4354,"Відчуження людини від Бога і бажання поставити на Його місце себе чи якесь інше створене добро призводить до важкого захворювання особи – гріховного рабства , яке становить загрозу не тільки для її життя , але , рівно ж , і для людської спільноти та всього створіння .","[{""label"": ""PERS"", ""text"": ""Бога""}]","[{""label"": ""PERS"", ""text"": ""людини"", ""start"": 11, ""end"": 17}, {""label"": ""ART"", ""text"": ""створене добро"", ""start"": 80, ""end"": 94}, {""label"": ""PERS"", ""text"": ""особи"", ""start"": 130, ""end"": 135}, {""label"": ""ORG"", ""text"": ""людської спільноти"", ""start"": 228, ""end"": 246}]"
a2b2425c03185baf4eb8472807cf158c6533acae2e6add8c8f5479c352cb71ab,"Поневолена гріхом людина стає бездумним споживачем , експлуататором та руйнівником , який сіє навкруги пустку та смерть .",[],"[{""label"": ""PERS"", ""text"": ""людина"", ""start"": 18, ""end"": 24}, {""label"": ""JOB"", ""text"": ""бездумним споживачем"", ""start"": 30, ""end"": 50}, {""label"": ""JOB"", ""text"": ""експлуататором"", ""start"": 53, ""end"": 67}, {""label"": ""JOB"", ""text"": ""руйнівником"", ""start"": 71, ""end"": 82}, {""label"": ""LOC"", ""text"": ""пустку та смерть"", ""start"": 103, ""end"": 119}]"
122985e6f3be8234be003991409a7d3c6008bd4a33d887d1b33d84acd3feb4c9,Екологічний вимір гріха стає сьогодні все більш очевидним і спричинює глобальну екологічну кризу з катастрофічними наслідками для всього людства .,[],"[{""label"": ""MISC"", ""text"": ""Екологічний вимір гріха"", ""start"": 0, ""end"": 23}, {""label"": ""MISC"", ""text"": ""глобальну екологічну кризу"", ""start"": 70, ""end"": 96}]"
840e3b416dadbf81d281755903b256f8f79b77d1cfc8211e48af737c9890c326,Особливо критичною є екологічна ситуація в Україні .,"[{""label"": ""LOC"", ""text"": ""Україні""}]","[{""label"": ""MISC"", ""text"": ""екологічна ситуація"", ""start"": 21, ""end"": 40}, {""label"": ""LOC"", ""text"": ""Україні"", ""start"": 43, ""end"": 50}]"
71c107722a4f7419f86a0c4815bf2b7a8d36bb83e41618f94dd93134f3c64528,"З огляду на це Бюро УГКЦ з питань екології , вже традиційно , в часі Великого посту проводить ініціативу « Екологічне навернення для порятунку створіння » , яка має за мету допомогти усвідомити , що бути християнином , і взагалі , людиною , означає відповідально та бережливо ставитись до всього створеного Богом світу .","[{""label"": ""ORG"", ""text"": ""Бюро УГКЦ з питань екології""}, {""label"": ""MISC"", ""text"": ""Великого посту""}, {""label"": ""MISC"", ""text"": ""Екологічне навернення для порятунку створіння""}, {""label"": ""PERS"", ""text"": ""Богом""}]","[{""label"": ""ORG"", ""text"": ""Бюро УГКЦ з питань екології"", ""start"": 15, ""end"": 42}, {""label"": ""PERIOD"", ""text"": ""Великого посту"", ""start"": 69, ""end"": 83}, {""label"": ""MISC"", ""text"": ""Екологічне навернення для порятунку створіння"", ""start"": 107, ""end"": 152}, {""label"": ""PERS"", ""text"": ""людиною"", ""start"": 231, ""end"": 238}]"
ac697cbb8ce35bf5c3312aa16bb63bcb654fd26508fd3e3b290cb4823618468c,"Цією ініціативою хочемо не тільки привернути увагу до насущних проблем довкілля , але , передусім , спричинитися до подолання їх внутрішніх причин , серед яких ключовою є криза екології людини , її віри , духовності та моральності .",[],"[{""label"": ""MISC"", ""text"": ""насущних проблем довкілля"", ""start"": 54, ""end"": 79}, {""label"": ""PERS"", ""text"": ""людини"", ""start"": 186, ""end"": 192}]"
f1bcfaef3f250d00e00e298d2e31bc09ddada156705620006c6b167a470b9507,"В контексті Року віри , який відзначається у Вселенській Церкві , особливим завданням ініціативи є сприяти плеканню автентичної цілісної віри в Творця та Спасителя , здатної переобразити всю нашу істоту для нової поведінки і життя у Христі .","[{""label"": ""MISC"", ""text"": ""Року віри""}, {""label"": ""ORG"", ""text"": ""Вселенській Церкві""}, {""label"": ""PERS"", ""text"": ""Творця""}, {""label"": ""PERS"", ""text"": ""Спасителя""}, {""label"": ""PERS"", ""text"": ""Христі""}]","[{""label"": ""PERIOD"", ""text"": ""Року віри"", ""start"": 12, ""end"": 21}, {""label"": ""ORG"", ""text"": ""Вселенській Церкві"", ""start"": 45, ""end"": 63}, {""label"": ""MISC"", ""text"": ""автентичної цілісної віри"", ""start"": 116, ""end"": 141}]"
dbea841daf0d0fa8fc95f0c7bc07fc9ea11af1a7b74639c4c67fe450dadacf41,Цьому зокрема мають послужити катехитичні роздуми про екологічний вимір Божих та моральних чеснот .,"[{""label"": ""PERS"", ""text"": ""Божих""}]",[]
73833e109afc9631d90f71813095e5039bfbabe44d7698fcc6e4b51f3e9f2e3c,"Відповідно , на кожну неділю Великого посту буде запропоновано спеціальну екологічну катехизу про одну з чеснот , яку можна буде знайти на сайті « Відповідальність за створіння » .","[{""label"": ""MISC"", ""text"": ""Великого посту""}, {""label"": ""MISC"", ""text"": ""Відповідальність за створіння""}]","[{""label"": ""DATE"", ""text"": ""кожну неділю Великого посту"", ""start"": 16, ""end"": 43}, {""label"": ""ORG"", ""text"": ""Відповідальність за створіння"", ""start"": 147, ""end"": 176}]"
b509d943d0f921fc24b57f4abe93d147b0d2e19776995363a37ab9075a982804,"В контексті Року дияконії , який відзначається в УГКЦ , завданням ініціативи є спричинитися до конкретних діл милосердя до природи , які рівно ж є і свідченням любові до ближніх та здійсненням дияконального служіння Церкви , адже людина є складовою частиною організму Божого створіння .","[{""label"": ""MISC"", ""text"": ""Року дияконії""}, {""label"": ""ORG"", ""text"": ""УГКЦ""}, {""label"": ""ORG"", ""text"": ""Церкви""}, {""label"": ""PERS"", ""text"": ""Божого""}]","[{""label"": ""PERIOD"", ""text"": ""Року дияконії"", ""start"": 12, ""end"": 25}, {""label"": ""ORG"", ""text"": ""УГКЦ"", ""start"": 49, ""end"": 53}, {""label"": ""PERS"", ""text"": ""людина"", ""start"": 230, ""end"": 236}]"
73e889038494877d94ee7832aec9c7d8bfacd69c82c37e7831c9eb8a56223ea9,"Діла милосердя стосовно природи починаються із намагання зменшити негативний вплив нашого повсякденного життя на довкілля і конкретизуються у таких простих речах , як бережливе і ощадливе ставлення до безцінного Божого дару – води , заощадження інших природних ресурсів , раціональне використання побутових електроприладів тощо .","[{""label"": ""PERS"", ""text"": ""Божого""}]","[{""label"": ""MISC"", ""text"": ""води"", ""start"": 226, ""end"": 230}, {""label"": ""MISC"", ""text"": ""заощадження інших природних ресурсів"", ""start"": 233, ""end"": 269}, {""label"": ""ART"", ""text"": ""побутових електроприладів"", ""start"": 297, ""end"": 322}]"
eb2151aaeae6b3c0399ee73ed6589c7e2b931c9aa70c00f300c75bf8b7c542ba,"Щиро запрошуємо долучатися до даної ініціативи всіх , хто прагне , щоб наше навернення до Бога і життя у Ньому були більш цілісними , а свідчення християнської віри в Бога Творця та Спасителя в сучасному світі було більш дієвим .","[{""label"": ""PERS"", ""text"": ""Бога""}, {""label"": ""PERS"", ""text"": ""Бога Творця""}, {""label"": ""PERS"", ""text"": ""Спасителя""}]","[{""label"": ""LOC"", ""text"": ""сучасному світі"", ""start"": 194, ""end"": 209}]"
307398d8d4f316e9880726d30d523f736d3f5695acca26678102631ff7692d4e,"Задумаймося , яким чином можемо засвідчувати у повсякденному житті свою християнську віру вчинками милосердної любові стосовно природного довкілля і почнімо робити перші кроки в цьому напрямку .",[],"[{""label"": ""LOC"", ""text"": ""природного довкілля"", ""start"": 127, ""end"": 146}]"
411c5254bb65946e24d6f7fe125b228497fb009e1baf8bd61d5348559173bfb3,"В особливий спосіб просимо духовенство та катехитів про підтримку ініціативи та допомогу в осягненні її завдань і мети , завдяки повчанню про цілісність християнської віри та відповідальності за створіння у проповідях , катехитичних заняттях та підготовці до святої тайни Покаяння . Агресію російської влади стосовно України азербайджанська діаспора Полтавщини засуджує .","[{""label"": ""LOC"", ""text"": ""України""}, {""label"": ""LOC"", ""text"": ""Полтавщини""}]","[{""label"": ""ORG"", ""text"": ""духовенство та катехитів"", ""start"": 27, ""end"": 51}, {""label"": ""LOC"", ""text"": ""Полтавщини"", ""start"": 350, ""end"": 360}]"
0a1928230111be8092af355b677e206c418facd4779bc2c471ce9f59d34c76e9,"Глибоко співчуває українцям , адже в 90-х роках азербайджанці відчули на собі всі жахи війни .","[{""label"": ""DATE"", ""text"": ""90-х роках""}]","[{""label"": ""PERS"", ""text"": ""українцям"", ""start"": 18, ""end"": 27}, {""label"": ""PERIOD"", ""text"": ""90-х роках"", ""start"": 37, ""end"": 47}]"
f615ae822748ea0c41ad99c704c4ad67617cff97d5463cce9fd46571e04ec1f7,"Багато представників цього народу були змушені залишити рідну землю через конфлікт у Нагірному Карабаху , а зараз намагаються допомагати переселенцям із Донбасу та Криму , зазначає adm-pl . gov . ua .","[{""label"": ""LOC"", ""text"": ""Нагірному Карабаху""}, {""label"": ""LOC"", ""text"": ""Донбасу""}, {""label"": ""LOC"", ""text"": ""Криму""}, {""label"": ""MISC"", ""text"": ""adm-pl . gov . ua""}]","[{""label"": ""LOC"", ""text"": ""Нагірному Карабаху"", ""start"": 85, ""end"": 103}, {""label"": ""LOC"", ""text"": ""Донбасу"", ""start"": 153, ""end"": 160}, {""label"": ""LOC"", ""text"": ""Криму"", ""start"": 164, ""end"": 169}, {""label"": ""ORG"", ""text"": ""adm-pl . gov . ua"", ""start"": 181, ""end"": 198}]"
fc5ac96026875eb9d5259d724adb4932ac66b64190760cf9b29555ee60484cb9,Минулого тижня в приміщенні Полтавської облдержадміністрації з ініціативи Департаменту інформаційної діяльності та комунікацій із громадськістю відбулася зустріч у рамках проекту « Єдина країна » з представником азербайджанської громади Полтавщини .,"[{""label"": ""ORG"", ""text"": ""Полтавської облдержадміністрації""}, {""label"": ""ORG"", ""text"": ""Департаменту інформаційної діяльності та комунікацій із громадськістю""}, {""label"": ""MISC"", ""text"": ""Єдина країна""}, {""label"": ""LOC"", ""text"": ""Полтавщини""}]","[{""label"": ""PERIOD"", ""text"": ""Минулого тижня"", ""start"": 0, ""end"": 14}, {""label"": ""ORG"", ""text"": ""Полтавської облдержадміністрації"", ""start"": 28, ""end"": 60}, {""label"": ""ORG"", ""text"": ""Департаменту інформаційної діяльності та комунікацій із громадськістю"", ""start"": 74, ""end"": 143}, {""label"": ""MISC"", ""text"": ""Єдина країна"", ""start"": 181, ""end"": 193}]"
187345aa794b5c55e537746d0f8c489ecd22cc1c8d69abab482ea5c115be9b50,Одну з найбільших національних меншин області представляв голова Полтавської регіональної організації « Конгрес азербайджанців України » Махмудов Тельман Зейнал Огли .,"[{""label"": ""ORG"", ""text"": ""Полтавської регіональної організації « Конгрес азербайджанців України »""}, {""label"": ""PERS"", ""text"": ""Махмудов Тельман Зейнал Огли""}]","[{""label"": ""LOC"", ""text"": ""області"", ""start"": 38, ""end"": 45}, {""label"": ""ORG"", ""text"": ""Конгрес азербайджанців України"", ""start"": 104, ""end"": 134}, {""label"": ""PERS"", ""text"": ""Махмудов Тельман Зейнал Огли"", ""start"": 137, ""end"": 165}]"
7af1af72ce05c2aff7d0bddd3f087cc56f1158937163f92112b32110bd2264d2,"Нинішні дії російської влади голова азербайджанської громади області вважає неприпустимими . « Вчора вони прийшли в Крим , сьогодні на Донбас .","[{""label"": ""LOC"", ""text"": ""Крим""}, {""label"": ""LOC"", ""text"": ""Донбас""}]","[{""label"": ""TIME"", ""text"": ""Вчора"", ""start"": 95, ""end"": 100}, {""label"": ""LOC"", ""text"": ""Крим"", ""start"": 116, ""end"": 120}, {""label"": ""LOC"", ""text"": ""Донбас"", ""start"": 135, ""end"": 141}]"
7f549b1dc05b4c687315ceaa5e3a5b1f945529f62500b59efc73b9ccdd09db92,"А що завтра ? – зазначив пан Махмудов на прес-конференції . – Прийдуть у Полтаву і скажуть , що це російське місто , бо його Петро I від шведів звільнив ?","[{""label"": ""PERS"", ""text"": ""Махмудов""}, {""label"": ""LOC"", ""text"": ""Полтаву""}, {""label"": ""PERS"", ""text"": ""Петро I""}]","[{""label"": ""DATE"", ""text"": ""завтра"", ""start"": 5, ""end"": 11}, {""label"": ""PERS"", ""text"": ""пан Махмудов"", ""start"": 25, ""end"": 37}, {""label"": ""LOC"", ""text"": ""Полтаву"", ""start"": 73, ""end"": 80}, {""label"": ""LOC"", ""text"": ""російське місто"", ""start"": 99, ""end"": 114}, {""label"": ""PERS"", ""text"": ""Петро I"", ""start"": 125, ""end"": 132}]"
9954e35016969e7e5eff71025d19b41a5e159835d47673c5440d27fd68bf9790,"Люди все життя прожили на своїй землі , а тепер вимушені страждати .",[],"[{""label"": ""PERS"", ""text"": ""Люди"", ""start"": 0, ""end"": 4}, {""label"": ""LOC"", ""text"": ""на своїй землі"", ""start"": 23, ""end"": 37}]"
38be4e049b1549121ec04c6c9b7d0564dfb8216b3b7f69de93308542d8d19e34,Причому страждають усі національності .,[],"[{""label"": ""MISC"", ""text"": ""усі національності"", ""start"": 19, ""end"": 37}]"
1e7a5c71c893f0c761db5ca96a856efaec23e0134ea6cc2ca80ec42f416d7680,"Я не знаю , про що думає Путін .","[{""label"": ""PERS"", ""text"": ""Путін""}]","[{""label"": ""PERS"", ""text"": ""Я"", ""start"": 0, ""end"": 1}, {""label"": ""PERS"", ""text"": ""Путін"", ""start"": 25, ""end"": 30}]"
45fb97b030862e92ca7ec6ff3f247fd302720ebccad3869867a16489b6fcc8a9,У нього ж теж є діти .,[],"[{""label"": ""PERS"", ""text"": ""У нього"", ""start"": 0, ""end"": 7}]"
d5a21b8f3f67cbeaf3d4744167ad53745ebe0006ce1a899325c8187fa24d72b7,Тоді чому він не жаліє чужих дітей ? »,[],"[{""label"": ""PERS"", ""text"": ""він"", ""start"": 10, ""end"": 13}]"
eacae384a8336bba4489789272a5c357e083c5dddefa5e970c1d866b0d498c00,"Гість запевнив , що азербайджанська діаспора повністю підтримує єдність України .","[{""label"": ""LOC"", ""text"": ""України""}]","[{""label"": ""PERS"", ""text"": ""Гість"", ""start"": 0, ""end"": 5}, {""label"": ""ORG"", ""text"": ""азербайджанська діаспора"", ""start"": 20, ""end"": 44}, {""label"": ""LOC"", ""text"": ""України"", ""start"": 72, ""end"": 79}]"
4896292f9c4006b84595628ccf54927543cc6f197e908459b3c140ecb487e256,Подібні зустрічі з національними меншинами будуть продовжуватись і в майбутньому з метою консолідації суспільства .,[],"[{""label"": ""MISC"", ""text"": ""національними меншинами"", ""start"": 19, ""end"": 42}]"
639578a3f383b4767e80b7a90bb44cc947990ff18595615c2b6d85a4f23f2e17,"Азербайджанська громада нині всіляко намагається допомогти людям зі східних регіонів України , що змушені втікати від військових дій сепаратистів .","[{""label"": ""LOC"", ""text"": ""України""}]","[{""label"": ""ORG"", ""text"": ""Азербайджанська громада"", ""start"": 0, ""end"": 23}, {""label"": ""LOC"", ""text"": ""східних регіонів України"", ""start"": 68, ""end"": 92}]"
d3b9fb0bf7589b7df8a365074f15008d30adec93ddfba1ac0a8e45d06ce185de,"Що стосується проблеми етнічної чи мовної дискримінації , про яку часто говорить російська пропаганда , то жодних її проявів азербайджанці Полтавщини на собі не відчувають : « Особисто я залишився в Полтаві після служби в армії , і живу тут уже майже 40 років .","[{""label"": ""LOC"", ""text"": ""Полтавщини""}, {""label"": ""LOC"", ""text"": ""Полтаві""}, {""label"": ""PERIOD"", ""text"": ""40 років""}]","[{""label"": ""ORG"", ""text"": ""російська пропаганда"", ""start"": 81, ""end"": 101}, {""label"": ""LOC"", ""text"": ""Полтавщини"", ""start"": 139, ""end"": 149}, {""label"": ""PERS"", ""text"": ""Особисто я"", ""start"": 176, ""end"": 186}, {""label"": ""LOC"", ""text"": ""Полтаві"", ""start"": 199, ""end"": 206}, {""label"": ""PERIOD"", ""text"": ""40 років"", ""start"": 251, ""end"": 259}]"
6052e33bbb01851ebdf2b742eee6d47b73de943ca72a9483af0b08323f8e9f47,"Одружився з українкою , працював на багатьох підприємствах і посадах , і ніде не відчував утисків .",[],"[{""label"": ""PERS"", ""text"": ""українкою"", ""start"": 12, ""end"": 21}, {""label"": ""ORG"", ""text"": ""багатьох підприємствах"", ""start"": 36, ""end"": 58}, {""label"": ""JOB"", ""text"": ""посадах"", ""start"": 61, ""end"": 68}]"
b183b17d9cdb51a2df6a05f6a35a09a92f32ca626fa563ce9b7ef17bd1d9d1b8,"А деякі люди навіть , навпаки , ставилися до мене з більшою повагою , коли дізнавались , що я з Азербайджану » . Гоголь інтертекстуальний","[{""label"": ""LOC"", ""text"": ""Азербайджану""}, {""label"": ""PERS"", ""text"": ""Гоголь""}]","[{""label"": ""PERS"", ""text"": ""мене"", ""start"": 45, ""end"": 49}, {""label"": ""PERS"", ""text"": ""я"", ""start"": 92, ""end"": 93}, {""label"": ""LOC"", ""text"": ""Азербайджану"", ""start"": 96, ""end"": 108}]"
740033ee5656f0e663b2b9c67de4784d85d474da4c6bd5fe665909d079423375,"Найзагадковіший письменник Гоголь , на перший погляд , зовсім відкритий .","[{""label"": ""JOB"", ""text"": ""письменник""}, {""label"": ""PERS"", ""text"": ""Гоголь""}]","[{""label"": ""PERS"", ""text"": ""Гоголь"", ""start"": 27, ""end"": 33}]"
07a2437fbdbd2ba22d18f6c724b7ab03cba3f237bafae7e0e388613d8251b2a6,Він дає читачеві ключі до власних глибин .,[],"[{""label"": ""PERS"", ""text"": ""Він"", ""start"": 0, ""end"": 3}]"
cf9615faa145dee86a12657dc0c263d3b860dcb1d0f21fee192b17a9f1ec665f,"Альфою й омегою його філософії є Нагірна проповідь Христа , і від неї він не відходить ні в листуванні , ні в художніх творах .","[{""label"": ""MISC"", ""text"": ""Нагірна проповідь""}, {""label"": ""PERS"", ""text"": ""Христа""}]","[{""label"": ""PERS"", ""text"": ""Христа"", ""start"": 51, ""end"": 57}, {""label"": ""MISC"", ""text"": ""листуванні"", ""start"": 92, ""end"": 102}, {""label"": ""ART"", ""text"": ""художніх творах"", ""start"": 110, ""end"": 125}]"
eaa9ef89f89dc21e4cdba6c8797efd5b37c8340c8ea09c48f6f1f1189ef35477,Тексти Святого Письма і святих отців постійно наявні в його творах прямо або у трансформованому вигляді .,"[{""label"": ""MISC"", ""text"": ""Святого Письма""}]","[{""label"": ""ART"", ""text"": ""Тексти Святого Письма і святих отців"", ""start"": 0, ""end"": 36}]"
3d19af2d85930c3a270d68cc6afae1e178a962609067ad3460d884c9824bf81e,"Чужі сюжети він подає як свої , наче не помічаючи того .",[],"[{""label"": ""MISC"", ""text"": ""Чужі сюжети"", ""start"": 0, ""end"": 11}, {""label"": ""PERS"", ""text"": ""він"", ""start"": 12, ""end"": 15}]"
064be64f8192af5b16948265f78ecdf60062c084c11790c56c9f86160f58121b,Про це охоче говорять .,[],[]
721ec99fb90fca929b43ef05ff2cdde09da0d9945e68a884a2f9cf1faad0e604,Однак неохоче аналізують .,[],[]
12da7f8e5f7476074b5ee4843613f89d9f8170368c690e16e09bea7067ff443c,"Предмет дуже відчутний , але невловимий .",[],"[{""label"": ""ART"", ""text"": ""Предмет"", ""start"": 0, ""end"": 7}]"
69006350b1f5f5dd9bb90b1b55f594aa706d24489da0f9582b341b8e3d5af045,"По суті , магія його імені в « надтекстуальності » , інтертекстуальності , в загадковості усмішки , яку спрощено називають сатиричною .",[],"[{""label"": ""MISC"", ""text"": ""надтекстуальності"", ""start"": 31, ""end"": 48}, {""label"": ""MISC"", ""text"": ""інтертекстуальності"", ""start"": 53, ""end"": 72}]"
d59ee6b9e4f6de5b34f32917404c3a9799e43aa865f543bfeeb2c25916fc6b0a,"Читаєш текст , а він такий простий , мовби написаний одразу .",[],"[{""label"": ""ART"", ""text"": ""текст"", ""start"": 7, ""end"": 12}]"
75b9b9d94afa5d1bedabb373dc08fe0dce8f2ffc0dc436255a26d56e7fe6125a,А що ж тоді Гоголь переписував багато разів і що спалював ?,"[{""label"": ""PERS"", ""text"": ""Гоголь""}]","[{""label"": ""PERS"", ""text"": ""Гоголь"", ""start"": 12, ""end"": 18}]"
e521b054a859838e940994e384c53998585426ee446ede079a349b43df14f5c2,"Тільки у часовому віддаленні починаєш розуміти , що за текстом щось стояло й досі стоїть , як загадка .",[],"[{""label"": ""PERIOD"", ""text"": ""часовому віддаленні"", ""start"": 9, ""end"": 28}, {""label"": ""ART"", ""text"": ""текстом"", ""start"": 55, ""end"": 62}]"
9452e5025548066342bb9d67ef5ba63557bcfb93c1d8bfe692b7da666f5bdbf0,А то й прояснюється через століття . М . Бердяєв придивився пильніше до Хлєстакова й розпізнав його в начальникові большевицького департаменту ( а він мав нагоду все те бачити зблизька ) .,"[{""label"": ""DATE"", ""text"": ""через століття""}, {""label"": ""PERS"", ""text"": ""М . Бердяєв""}, {""label"": ""PERS"", ""text"": ""Хлєстакова""}, {""label"": ""JOB"", ""text"": ""начальникові""}]","[{""label"": ""PERIOD"", ""text"": ""століття"", ""start"": 26, ""end"": 34}, {""label"": ""PERS"", ""text"": ""М . Бердяєв"", ""start"": 37, ""end"": 48}, {""label"": ""LOC"", ""text"": ""Хлєстакова"", ""start"": 72, ""end"": 82}, {""label"": ""ORG"", ""text"": ""большевицького департаменту"", ""start"": 115, ""end"": 142}]"
3527941b6087677187116ed014c7f6418027a3e65ef561340e08511864d23586,"А капітан Копєйкін не виходить на сцену , але й не зникає .","[{""label"": ""PERS"", ""text"": ""Копєйкін""}]","[{""label"": ""JOB"", ""text"": ""капітан"", ""start"": 2, ""end"": 9}, {""label"": ""PERS"", ""text"": ""Копєйкін"", ""start"": 10, ""end"": 18}, {""label"": ""LOC"", ""text"": ""сцену"", ""start"": 34, ""end"": 39}]"
444ebf86f9d9f648c2e62e1f4706544a081d7cd81ba1e44707a519084d3c2326,"Хтось пожартував , що то саме він стріляв у « товариша Брєжнєва » ...","[{""label"": ""PERS"", ""text"": ""Брєжнєва""}]","[{""label"": ""PERS"", ""text"": ""Хтось"", ""start"": 0, ""end"": 5}, {""label"": ""PERS"", ""text"": ""він"", ""start"": 30, ""end"": 33}, {""label"": ""PERS"", ""text"": ""товариша Брєжнєва"", ""start"": 46, ""end"": 63}]"
3610717289af66ae0a70c807513c94709522a7e08ae8762b6d91d7e7737864c3,"А Ноздрьов був і є всюдисущий , і « ім’я йому легіон » ...","[{""label"": ""PERS"", ""text"": ""Ноздрьов""}]","[{""label"": ""PERS"", ""text"": ""Ноздрьов"", ""start"": 2, ""end"": 10}, {""label"": ""JOB"", ""text"": ""всюдисущий"", ""start"": 19, ""end"": 29}, {""label"": ""MISC"", ""text"": ""легіон"", ""start"": 46, ""end"": 52}]"
2dc3df079d769498515da1b2f41b73a92fa25c0f68c8a5f6d7f7767f1e3c596d,« Ревізор » – це зразок інтертекстуальності .,"[{""label"": ""ART"", ""text"": ""Ревізор""}]","[{""label"": ""ORG"", ""text"": ""Ревізор"", ""start"": 2, ""end"": 9}, {""label"": ""MISC"", ""text"": ""інтертекстуальності"", ""start"": 24, ""end"": 43}]"
ab14cbcc596f672b2e07508ba93df7a0fa0a53822aac7892b1ef8b41007d3fe3,Усі спроби аналізувати його сюжет і образи нічого не вияснюють .,[],[]
deeab2e693f776bbc6f83c453981adc5c9cbdf89e9fafad412cb2e6af22e93ee,Зате він з’являється на сцені театрів різних країн як впізнаваний міраж і викликає жваву реакцію ...,[],"[{""label"": ""LOC"", ""text"": ""сцені театрів різних країн"", ""start"": 24, ""end"": 50}, {""label"": ""ART"", ""text"": ""впізнаваний міраж"", ""start"": 54, ""end"": 71}]"
2e2cabbf82007261e6095c73aaf8dc244bcd006a45f572c672c7ac04bb698dec,Скрізь віднаходять його слід ...,[],"[{""label"": ""LOC"", ""text"": ""Скрізь"", ""start"": 0, ""end"": 6}]"
838eb472fb20e24f96c3afcc05d461dc3f70f21f8fb6d373a7120be922ba2d0e,"Сюжет « Ревізора » мандрівний , бо використаний Квіткою-Основ’яненком ще на вісім років раніше і читаний багатьма у рукописі .","[{""label"": ""ART"", ""text"": ""Ревізора""}, {""label"": ""PERS"", ""text"": ""Квіткою-Основ’яненком""}]","[{""label"": ""ART"", ""text"": ""Ревізора"", ""start"": 8, ""end"": 16}, {""label"": ""PERS"", ""text"": ""Квіткою-Основ’яненком"", ""start"": 48, ""end"": 69}, {""label"": ""PERIOD"", ""text"": ""вісім років раніше"", ""start"": 76, ""end"": 94}]"
323d09cedb99dec3671959f823db7bc0b321fa4792d335e195ce950a127c6eaf,"Чи знав про це Гоголь ? Сергій Аксаков запитував Гоголя , чи читав він комедію Квітки-Основ’яненка « Приезжий из столицы , или Суматоха в уездном городе » . Гоголь відповів , що « чув про неї , але не читав » .","[{""label"": ""PERS"", ""text"": ""Гоголь""}, {""label"": ""PERS"", ""text"": ""Сергій Аксаков""}, {""label"": ""PERS"", ""text"": ""Гоголя""}, {""label"": ""PERS"", ""text"": ""Квітки-Основ’яненка""}, {""label"": ""MISC"", ""text"": ""Приезжий из столицы , или Суматоха в уездном городе""}, {""label"": ""PERS"", ""text"": ""Гоголь""}]","[{""label"": ""PERS"", ""text"": ""Гоголь"", ""start"": 15, ""end"": 21}, {""label"": ""PERS"", ""text"": ""Сергій Аксаков"", ""start"": 24, ""end"": 38}, {""label"": ""PERS"", ""text"": ""Гоголя"", ""start"": 49, ""end"": 55}, {""label"": ""ART"", ""text"": ""Приезжий из столицы , или Суматоха в уездном городе"", ""start"": 101, ""end"": 152}, {""label"": ""PERS"", ""text"": ""Гоголь"", ""start"": 157, ""end"": 163}]"
5d7a3e035e5f3aeafeb1c87e677de49dad4ac8ab4eb1487f8860fedca44397c8,"Коли з’явилася публікація п’єси Гоголя « Ревізор » , Квітка скликав своїх приятелів у Харкові , і вони прочитали « Приезжего из столицы » , потім – « Ревізора » .","[{""label"": ""PERS"", ""text"": ""Гоголя""}, {""label"": ""ART"", ""text"": ""Ревізор""}, {""label"": ""PERS"", ""text"": ""Квітка""}, {""label"": ""LOC"", ""text"": ""Харкові""}, {""label"": ""ART"", ""text"": ""Приезжего из столицы""}, {""label"": ""ART"", ""text"": ""Ревізора""}]","[{""label"": ""PERS"", ""text"": ""Гоголя"", ""start"": 32, ""end"": 38}, {""label"": ""ART"", ""text"": ""Ревізор"", ""start"": 41, ""end"": 48}, {""label"": ""PERS"", ""text"": ""Квітка"", ""start"": 53, ""end"": 59}, {""label"": ""LOC"", ""text"": ""Харкові"", ""start"": 86, ""end"": 93}, {""label"": ""ART"", ""text"": ""Приезжего из столицы"", ""start"": 115, ""end"": 135}, {""label"": ""ART"", ""text"": ""Ревізора"", ""start"": 150, ""end"": 158}]"
110a562c7157864370bc830d6f51d9902f5df36adc4b6537cf0553124d92c819,"Гості в один голос заговорили , що Гоголь скористався сюжетом Квітки .","[{""label"": ""PERS"", ""text"": ""Гоголь""}, {""label"": ""PERS"", ""text"": ""Квітки""}]","[{""label"": ""ORG"", ""text"": ""Гості"", ""start"": 0, ""end"": 5}, {""label"": ""PERS"", ""text"": ""Гоголь"", ""start"": 35, ""end"": 41}, {""label"": ""ART"", ""text"": ""Квітки"", ""start"": 62, ""end"": 68}]"
ba46c0e6a070b3496b37733129e987a834d1e54508c87f2847897e5596c26a6a,"Але сам Квітка не хотів , щоб писали , « мовбито в мене через комедію є якесь суперництво з Гоголем » .","[{""label"": ""PERS"", ""text"": ""Квітка""}, {""label"": ""PERS"", ""text"": ""Гоголем""}]","[{""label"": ""PERS"", ""text"": ""Квітка"", ""start"": 8, ""end"": 14}, {""label"": ""ART"", ""text"": ""комедію"", ""start"": 62, ""end"": 69}, {""label"": ""PERS"", ""text"": ""Гоголем"", ""start"": 92, ""end"": 99}]"
b7e6f7603e6ed0e2d67505d08f2528bc0bb0137cd161c6b9bfe752447ec3f05c,"Як людина талановита , Квітка , очевидно , розумів , що в Гоголя « все так , та трішечки не так » .","[{""label"": ""PERS"", ""text"": ""Квітка""}, {""label"": ""PERS"", ""text"": ""Гоголя""}]","[{""label"": ""PERS"", ""text"": ""Квітка"", ""start"": 23, ""end"": 29}, {""label"": ""PERS"", ""text"": ""Гоголя"", ""start"": 58, ""end"": 64}]"
53af6ee56a44b2052fc181bf4dbd26ab5f252761f3c88e6f1d4df13a3f4cb487,"І це невловиме « трішечки » не в сюжеті , а у фантасмагоричному образі Хлєстакова , який у натхненній брехні перевершив самого себе й вийшов за часові межі . Хлєстакова можна цитувати , але не можна логічно охарактеризувати його чортівськи натхненної лжі , яка не має жодних бар’єрів і проникає в життя , не захищене від аґресивного нахабства !","[{""label"": ""PERS"", ""text"": ""Хлєстакова""}, {""label"": ""PERS"", ""text"": ""Хлєстакова""}]","[{""label"": ""PERS"", ""text"": ""Хлєстакова"", ""start"": 71, ""end"": 81}, {""label"": ""PERIOD"", ""text"": ""часові межі"", ""start"": 144, ""end"": 155}, {""label"": ""PERS"", ""text"": ""Хлєстакова"", ""start"": 158, ""end"": 168}]"
32b1ad64a85cdf152970a2e9ea8a7ff1b25ee21939b94bea879feaed016f5344,Большевицька епоха дала Хлєстакову нове дихання й по суті відвела йому головну роль у боротьбі за перемогу комунізму .,"[{""label"": ""PERS"", ""text"": ""Хлєстакову""}]","[{""label"": ""PERIOD"", ""text"": ""Большевицька епоха"", ""start"": 0, ""end"": 18}, {""label"": ""PERS"", ""text"": ""Хлєстакову"", ""start"": 24, ""end"": 34}]"
36cbb5e99c16e44eb228f198852a8034bc3e3c7831acef8a709fcaeb31724220,"Тут він уже не герой моменту , а герой епохи .",[],"[{""label"": ""PERS"", ""text"": ""він"", ""start"": 4, ""end"": 7}]"
109510644bb4c21f8eb3bdf0be4db1175a5311a1f6ce66b3f05a8bacae47a8b4,* * *,[],[]
8e79879308125518208e4f0efd35f2b2858c256d0b0f4b2acc5647b0bc558cfa,"« Гоголь увесь зашифрований » , – сказав мені в Сибіру один геолог .","[{""label"": ""PERS"", ""text"": ""Гоголь""}, {""label"": ""LOC"", ""text"": ""Сибіру""}, {""label"": ""JOB"", ""text"": ""геолог""}]","[{""label"": ""PERS"", ""text"": ""Гоголь"", ""start"": 2, ""end"": 8}, {""label"": ""LOC"", ""text"": ""Сибіру"", ""start"": 48, ""end"": 54}, {""label"": ""PERS"", ""text"": ""геолог"", ""start"": 60, ""end"": 66}]"
f60071cd050975305f3d68b33ea4e426a42a20c9dcfebdb8db122e11373eaabe,"Я пробував допитатися , що він має на увазі , але другої зустрічі не сталося .",[],"[{""label"": ""PERS"", ""text"": ""Я"", ""start"": 0, ""end"": 1}, {""label"": ""PERS"", ""text"": ""він"", ""start"": 27, ""end"": 30}]"
5ad49d421b5a1e47c5b1ca958a82d6dc50a91a767ad667adbbc3ccdbf8043e28,"Мабуть , його викликали й допитували про нашу розмову .",[],"[{""label"": ""PERS"", ""text"": ""Мабуть"", ""start"": 0, ""end"": 6}, {""label"": ""PERS"", ""text"": ""його"", ""start"": 9, ""end"": 13}]"
38c76891fbea2c85bc682f35db995433e610e8e3eac74251889c361adb72dc7a,"Чоловік був переконаний , що Гоголь не вмішувався в рамки цензури й основні свої ідеї приховував у підтексті й алюзіях .","[{""label"": ""PERS"", ""text"": ""Гоголь""}]","[{""label"": ""PERS"", ""text"": ""Чоловік"", ""start"": 0, ""end"": 7}, {""label"": ""PERS"", ""text"": ""Гоголь"", ""start"": 29, ""end"": 35}]"
49599699db99e4d56d79c9f512369037313c4d09663e94baeb156853f56a7a19,"Якщо в XIX сторіччі треба було приховувати суть розмови , то хіба в XX було набагато краще ?","[{""label"": ""DATE"", ""text"": ""XIX сторіччі""}, {""label"": ""DATE"", ""text"": ""XX""}]","[{""label"": ""PERIOD"", ""text"": ""XIX сторіччі"", ""start"": 7, ""end"": 19}, {""label"": ""MISC"", ""text"": ""суть розмови"", ""start"": 43, ""end"": 55}, {""label"": ""PERIOD"", ""text"": ""XX"", ""start"": 68, ""end"": 70}]"
8796ad1e39e943849e449184bb14d62fa55ddbc8a0a3fc46a74a387e11a7c9e1,Ось візьмімо назву : поема « Мертві душі » .,"[{""label"": ""ART"", ""text"": ""Мертві душі""}]","[{""label"": ""ART"", ""text"": ""поема « Мертві душі »"", ""start"": 21, ""end"": 42}]"
9e4ec3d07b0bd98f1d1dadac5e8196c4437a500a4d196bbdd64ce7d2aae07d07,"Після цензурних митарств твір вийшов під назвою : « Пригоди Чичикова , або Мертві душі » .","[{""label"": ""ART"", ""text"": ""Пригоди Чичикова , або Мертві душі""}]","[{""label"": ""ART"", ""text"": ""Пригоди Чичикова , або Мертві душі"", ""start"": 52, ""end"": 86}]"
d2d9531de7ddf91c7732b3f8aea7b9e48a09772324089c080d02e2c644552f4f,"Хіба це те саме ? « Мертві душі » тривожать , а « пригоди Чичикова » розважають .","[{""label"": ""ART"", ""text"": ""Мертві душі""}, {""label"": ""ART"", ""text"": ""пригоди Чичикова""}]","[{""label"": ""MISC"", ""text"": ""Мертві душі"", ""start"": 20, ""end"": 31}]"
d42259bb34bf6b2ffebc248125f2539e2260f7e3273619c47d0736bd5593f7c5,"Довелося погодитися з цензурною поправкою , в якій вуалювалася багатозначність .",[],"[{""label"": ""MISC"", ""text"": ""багатозначність"", ""start"": 63, ""end"": 78}]"
fcaed9bcdf4cd63307338593880d0583ddec6318462ddcfa80ff16fd76a262b2,"В інтертекстуальній перспективі розгортається порожнеча між позицією автора , перед яким з’являється карета Чичикова , і візитами до власників мертвих душ .","[{""label"": ""PERS"", ""text"": ""Чичикова""}]","[{""label"": ""PERS"", ""text"": ""автора"", ""start"": 69, ""end"": 75}, {""label"": ""PERS"", ""text"": ""Чичикова"", ""start"": 108, ""end"": 116}]"
516461d7a2e77730131a3e5063eb6794ce0865267857d08420482c398f840719,"Ця віддаль така ж значна , як між Гулівером і ліліпутами .","[{""label"": ""PERS"", ""text"": ""Гулівером""}]","[{""label"": ""PERS"", ""text"": ""Гулівером"", ""start"": 34, ""end"": 43}, {""label"": ""MISC"", ""text"": ""ліліпутами"", ""start"": 46, ""end"": 56}]"
f404de5818b0718a66455c5f5fc3c1ad2a76473c92bdc665c931e79dcbcf30f5,І виповнюється вона сміхом крізь сльози ...,[],[]
c50eb1d0566cb008358a4589d4cae6b5c1793147f46afba34e205f44475be376,"Для автора душа є мірою людської висоти , а для існувателів – предметом дрібного хитрого шахрайства .",[],"[{""label"": ""PERS"", ""text"": ""автора"", ""start"": 4, ""end"": 10}, {""label"": ""ART"", ""text"": ""душа"", ""start"": 11, ""end"": 15}, {""label"": ""ART"", ""text"": ""предметом дрібного хитрого шахрайства"", ""start"": 62, ""end"": 99}]"
7457c9aa1fdb2ba91e9da9400b71d95c518933bff86355e0649e2922afcd1df1,"До речі , для « совка » ця віддаль скорочувалася : він не знав висоти душі , тому для нього смішні лише манери чичикових і собакевичів , тобто зовнішній бік , фабула .",[],"[{""label"": ""PERS"", ""text"": ""совка"", ""start"": 16, ""end"": 21}, {""label"": ""MISC"", ""text"": ""зовнішній бік"", ""start"": 143, ""end"": 156}, {""label"": ""MISC"", ""text"": ""фабула"", ""start"": 159, ""end"": 165}]"
9e365565c645c92750b339851ae69e761eb508380dde2f9c0aae2cfb5a4dfd9f,"Відомо , що Гоголь , вражений надто драматичним сприйняттям першого варіянта твору , змінив тональність і показав своїх героїв більш схожими на людей .","[{""label"": ""PERS"", ""text"": ""Гоголь""}]","[{""label"": ""PERS"", ""text"": ""Гоголь"", ""start"": 12, ""end"": 18}, {""label"": ""ART"", ""text"": ""першого варіянта твору"", ""start"": 60, ""end"": 82}]"
d148b499b637c993d60eaadc6be15f2de755e619a89e3e680d7bfea2e49bb49e,Але яких людей ?,[],[]
9f0d975f8100a254053eee9357f982f32c756c3a38a50737c3fb31311d53c81b,Першу візиту Чичиков наносить незвичайному поміщикові . Манілов більше схожий на сановника .,"[{""label"": ""PERS"", ""text"": ""Чичиков""}, {""label"": ""PERS"", ""text"": ""Манілов""}]","[{""label"": ""PERS"", ""text"": ""Чичиков"", ""start"": 13, ""end"": 20}, {""label"": ""JOB"", ""text"": ""поміщикові"", ""start"": 43, ""end"": 53}, {""label"": ""PERS"", ""text"": ""Манілов"", ""start"": 56, ""end"": 63}, {""label"": ""JOB"", ""text"": ""сановника"", ""start"": 81, ""end"": 90}]"
84abe8dfef87c4b083d065f15b41cec9f19ea61694e378341b95059a59eeb9ff,Академік Д . С . Ліхачов у своєму дослідженні гоголівських типів пише :,"[{""label"": ""PERS"", ""text"": ""Д . С . Ліхачов""}]","[{""label"": ""JOB"", ""text"": ""Академік"", ""start"": 0, ""end"": 8}, {""label"": ""PERS"", ""text"": ""Д . С . Ліхачов"", ""start"": 9, ""end"": 24}, {""label"": ""MISC"", ""text"": ""гоголівських типів"", ""start"": 46, ""end"": 64}]"
845c4aa72f6ea123ef0aa7cd484686b098336251349d7581a1b4cf54a58fdcb1,"Коли згадати , що Манілов жартома призначив свого сина посланцем , а для себе й Чичикова мріяв про піднесення до генералів , то набуває певного значення і той факт , що сам Микола І дуже любив жартома призначати себе й людей свого оточення в різні чини й відомства ...","[{""label"": ""PERS"", ""text"": ""Манілов""}, {""label"": ""PERS"", ""text"": ""Чичикова""}, {""label"": ""PERS"", ""text"": ""Микола""}]","[{""label"": ""PERS"", ""text"": ""Манілов"", ""start"": 18, ""end"": 25}, {""label"": ""JOB"", ""text"": ""посланцем"", ""start"": 55, ""end"": 64}, {""label"": ""PERS"", ""text"": ""Чичикова"", ""start"": 80, ""end"": 88}, {""label"": ""PERS"", ""text"": ""Микола І"", ""start"": 173, ""end"": 181}, {""label"": ""MISC"", ""text"": ""різні чини й відомства"", ""start"": 242, ""end"": 264}]"
f151c01278a76ff097140739fe2b71ce06fbff32468d383a1e76b2caeb5e0fad,"Не можна не звернути уваги й на те , що Манілов пригощає Чичикова , пропонуючи йому , « за російським звичаєм » , щі . « Російський звичай » був модним при дворі царя .","[{""label"": ""PERS"", ""text"": ""Манілов""}, {""label"": ""PERS"", ""text"": ""Чичикова""}]","[{""label"": ""PERS"", ""text"": ""Манілов"", ""start"": 40, ""end"": 47}, {""label"": ""PERS"", ""text"": ""Чичикова"", ""start"": 57, ""end"": 65}, {""label"": ""MISC"", ""text"": ""російським звичаєм"", ""start"": 91, ""end"": 109}, {""label"": ""ART"", ""text"": ""щі"", ""start"": 114, ""end"": 116}, {""label"": ""MISC"", ""text"": ""Російський звичай"", ""start"": 121, ""end"": 138}]"
7274a624cecb78782fcbf8824743d3063b8b92215755e3b515f557de5b514cdf,"І далі : « Манілов де в чому нагадував Миколу . Манілов був “ чоловіком примітним ” , “ він усміхався звабливо , був русявим , з голубими очима ” » . Д . С . Ліхачов застерігає від надто прямолінійних висновків щодо прототипу Манілова й нагадує , що маніловщина – явище ширше за Манілова .","[{""label"": ""PERS"", ""text"": ""Манілов""}, {""label"": ""PERS"", ""text"": ""Миколу""}, {""label"": ""PERS"", ""text"": ""Манілов""}, {""label"": ""PERS"", ""text"": ""Д . С . Ліхачов""}, {""label"": ""PERS"", ""text"": ""Манілова""}, {""label"": ""PERS"", ""text"": ""Манілова""}]","[{""label"": ""PERS"", ""text"": ""Манілов"", ""start"": 11, ""end"": 18}, {""label"": ""PERS"", ""text"": ""Миколу"", ""start"": 39, ""end"": 45}, {""label"": ""PERS"", ""text"": ""Манілов"", ""start"": 48, ""end"": 55}, {""label"": ""PERS"", ""text"": ""Д . С . Ліхачов"", ""start"": 150, ""end"": 165}, {""label"": ""PERS"", ""text"": ""Манілова"", ""start"": 226, ""end"": 234}, {""label"": ""MISC"", ""text"": ""маніловщина"", ""start"": 250, ""end"": 261}, {""label"": ""PERS"", ""text"": ""Манілова"", ""start"": 279, ""end"": 287}]"
57d2abe630ca7096431e90f9ebe4fd7abd9c2e2c42f8be616d84cb3c32f12048,"Адже наведені паралелі дуже багато говорять про Першого поміщика , його оточення і про зухвальство тоді ще молодого Гоголя .","[{""label"": ""PERS"", ""text"": ""Гоголя""}]","[{""label"": ""PERS"", ""text"": ""Першого поміщика"", ""start"": 48, ""end"": 64}, {""label"": ""PERS"", ""text"": ""Гоголя"", ""start"": 116, ""end"": 122}]"
43710497f5ed750014b0d28cc59701216c5c86c6cba2850bf5a159abc78a4a07,"Алюзії схоплювалися сучасниками , але ніхто не посмів би на таку тему говорити вголос .",[],"[{""label"": ""MISC"", ""text"": ""Алюзії"", ""start"": 0, ""end"": 6}, {""label"": ""PERS"", ""text"": ""ніхто"", ""start"": 38, ""end"": 43}]"
78921e80cc6267989b7305bf11722d396584572ec4d9f77aaa9695203c9c3bf9,"Найдальше заходить Гоголь « у глибину » Росії , створюючи образ Ноздрьова .","[{""label"": ""PERS"", ""text"": ""Гоголь""}, {""label"": ""LOC"", ""text"": ""Росії""}, {""label"": ""PERS"", ""text"": ""Ноздрьова""}]","[{""label"": ""PERS"", ""text"": ""Гоголь"", ""start"": 19, ""end"": 25}, {""label"": ""LOC"", ""text"": ""Росії"", ""start"": 40, ""end"": 45}]"
5c977d5a5a52af8a6a0feaaece79113a0183597dda06074c7ae409f8894e8f88,"Про це вже говорили сучасники вголос у гурті Тютчева , що в Гоголя « немає жодного хохла такого підлого , як Ноздрьов ... » .","[{""label"": ""PERS"", ""text"": ""Тютчева""}, {""label"": ""PERS"", ""text"": ""Гоголя""}, {""label"": ""PERS"", ""text"": ""Ноздрьов""}]","[{""label"": ""PERS"", ""text"": ""Тютчева"", ""start"": 45, ""end"": 52}, {""label"": ""PERS"", ""text"": ""Гоголя"", ""start"": 60, ""end"": 66}, {""label"": ""PERS"", ""text"": ""Ноздрьов"", ""start"": 109, ""end"": 117}]"
9dfd4832d9be30ab35542e7eafc34de1ae4df4938541675f4e4c23ac088eb370,"Справді , візит до Коробочки – швидше гумористична сторінка , тоді як Ноздрьов – постать стратегічна .","[{""label"": ""PERS"", ""text"": ""Коробочки""}, {""label"": ""PERS"", ""text"": ""Ноздрьов""}]","[{""label"": ""LOC"", ""text"": ""Коробочки"", ""start"": 19, ""end"": 28}, {""label"": ""MISC"", ""text"": ""гумористична сторінка"", ""start"": 38, ""end"": 59}, {""label"": ""PERS"", ""text"": ""Ноздрьов"", ""start"": 70, ""end"": 78}]"
0a61bce4ba4e512a7e02ea9072be1ae1b3bc3eabaeae3e16ce55b7aa6a63e9a5,"Його нахабство не знає ні правових , ні моральних меж .",[],"[{""label"": ""PERS"", ""text"": ""Його нахабство"", ""start"": 0, ""end"": 14}]"
32b0c331630495e365e3e87b24e9b4da67d926ee8ae79b048b03db855dbd603f,"Він нав’язує свою « дружбу » , він не дотримується правил гри навіть у грі в шашки і при тому змушує партнера грати з ним ...",[],"[{""label"": ""PERS"", ""text"": ""Він"", ""start"": 0, ""end"": 3}, {""label"": ""PERS"", ""text"": ""він"", ""start"": 31, ""end"": 34}, {""label"": ""MISC"", ""text"": ""шашки"", ""start"": 77, ""end"": 82}, {""label"": ""PERS"", ""text"": ""партнера"", ""start"": 101, ""end"": 109}]"
6e08070f778ee953d05acfa460379d13efc9853fa029bec50361ac281674e3f0,Прообраз « силування до миру » ...,[],[]
4100287151f38d533060b442f5471d0da42694d86ae67d2a5682709f5dc1fbd1,"Фантасмагорична гоголівська тройка – « лише борода й рукавиці , і сидить чортзна на чому ... » . « І , сахаючись , дають їй дорогу інші народи й держави ... » .",[],"[{""label"": ""ART"", ""text"": ""Фантасмагорична гоголівська тройка"", ""start"": 0, ""end"": 34}, {""label"": ""ART"", ""text"": ""борода й рукавиці"", ""start"": 44, ""end"": 61}]"
c0eb5ffc24125c35397007d9adc45e070e20f0e1139a1fcd6c3958359ff2c964,"Ця тройка подобалася ноздрьовим , бо вони примірювали її до себе .",[],"[{""label"": ""MISC"", ""text"": ""ноздрьовим"", ""start"": 21, ""end"": 31}]"
03c31a4f1b49c924ad2070a5938f01f6ccbb8f011df9b5599944a7c69cdf1298,А насправді те історичне страховисько – чи не наймасштабніша метафора в російській літературі .,[],"[{""label"": ""ART"", ""text"": ""історичне страховисько"", ""start"": 15, ""end"": 37}]"
e860538575c8a0f4b8bb536067e908423360e93aad8d9e5384148d0db8b5cb3a,"Це підмітили ще сучасники , починаючи від Достоєвського , і зважували , хто ж запряжений у тій кареті і хто поганяє ...","[{""label"": ""PERS"", ""text"": ""Достоєвського""}]","[{""label"": ""PERS"", ""text"": ""Достоєвського"", ""start"": 42, ""end"": 55}, {""label"": ""ART"", ""text"": ""кареті"", ""start"": 95, ""end"": 101}]"
4f75a36844319efab1c3626ccf68848a0d314a057ab468b6a2cdd2c48efe0380,"У XX столітті « тройка » стала візитівкою Росії , зображеною на експортних сигаретах , й окрасою шкільних підручників із літератури .","[{""label"": ""DATE"", ""text"": ""XX столітті""}, {""label"": ""LOC"", ""text"": ""Росії""}]","[{""label"": ""PERIOD"", ""text"": ""XX столітті"", ""start"": 2, ""end"": 13}, {""label"": ""ART"", ""text"": ""тройка"", ""start"": 16, ""end"": 22}, {""label"": ""LOC"", ""text"": ""Росії"", ""start"": 42, ""end"": 47}, {""label"": ""ART"", ""text"": ""експортних сигаретах"", ""start"": 64, ""end"": 84}, {""label"": ""ART"", ""text"": ""шкільних підручників із літератури"", ""start"": 97, ""end"": 131}]"
b569cfa976c623b3ab89bf498824f1bfcabc6f6c3708a12d7b9af8ea8eab379f,Саме поєднання двох метафор – « мертвих душ » і « тройки » – жахає .,[],"[{""label"": ""ART"", ""text"": ""мертвих душ"", ""start"": 32, ""end"": 43}, {""label"": ""ART"", ""text"": ""тройки"", ""start"": 50, ""end"": 56}]"
f5c8a34d710d8ce58409bc93c8201310fee459f5874288fa727ac6f9fed2a6b5,"Інтертекст виносить « тройку » на дороги й орбіти XX сторіччя , а « мертві душі » не тільки не ожили , а навпаки , узаконилися у своїй непричетності до духовної сфери на рівні філософії та ідеології .","[{""label"": ""DATE"", ""text"": ""XX сторіччя""}]","[{""label"": ""ART"", ""text"": ""Інтертекст"", ""start"": 0, ""end"": 10}, {""label"": ""PERIOD"", ""text"": ""XX сторіччя"", ""start"": 50, ""end"": 61}, {""label"": ""MISC"", ""text"": ""духовної сфери"", ""start"": 152, ""end"": 166}]"
11696bb1e8dc375d6997604f239f8a7409903c45aaefd73e628ec2aff853b092,Цей уривок із останнього розділу книги « Вибрані місця » дає образ світу радше через сто років .,"[{""label"": ""ART"", ""text"": ""Вибрані місця""}]","[{""label"": ""PERIOD"", ""text"": ""сто років"", ""start"": 85, ""end"": 94}]"
2af03b6dcc7d3df574158ec65502e0abd05235ef180f5367924f9f0485f562d4,"Мабуть , сучасники Гоголя , за винятком хіба що Шевченка , ще так гостро не відчували й не переживали глуму сатани над Божим світом .","[{""label"": ""PERS"", ""text"": ""Гоголя""}, {""label"": ""PERS"", ""text"": ""Шевченка""}, {""label"": ""PERS"", ""text"": ""Божим""}]","[{""label"": ""PERS"", ""text"": ""Гоголя"", ""start"": 19, ""end"": 25}, {""label"": ""PERS"", ""text"": ""Шевченка"", ""start"": 48, ""end"": 56}, {""label"": ""LOC"", ""text"": ""Божим світом"", ""start"": 119, ""end"": 131}]"
8aa0b03967c5d0f7f1905b600d3a1beb7df7538f16e37e4fcee1198a97307477,"Та й газетний листок ще не називався « Правдою » , обов’язковою для всіх .","[{""label"": ""MISC"", ""text"": ""Правдою""}]","[{""label"": ""ART"", ""text"": ""газетний листок"", ""start"": 5, ""end"": 20}, {""label"": ""ART"", ""text"": ""« Правдою »"", ""start"": 37, ""end"": 48}]"
6d500721554449a0193b466d542b01eac3c9721e8903fac9833722505fa3e999,"Коли « мертві душі » оформилися в « народні маси » й озброїлися войовничими гаслами , тоді вже довелося говорити : « світ це бачить » , апелюючи до західного світу .",[],"[{""label"": ""MISC"", ""text"": ""войовничими гаслами"", ""start"": 64, ""end"": 83}, {""label"": ""LOC"", ""text"": ""західного світу"", ""start"": 148, ""end"": 163}]"
a361ee019c6e217ff8270472cca2390cd7bbd011258062e797574d82bb7ac71c,"У нас уже не було « світу » , який бачить і чує .",[],"[{""label"": ""ORG"", ""text"": ""У нас"", ""start"": 0, ""end"": 5}, {""label"": ""MISC"", ""text"": ""світу"", ""start"": 20, ""end"": 25}]"
6514254cdc84709f627b812b06fcc92b58d136a873eb7e28a9f21542b7628174,Говорили тільки « духи темряви » і слухали власне відлуння .,[],"[{""label"": ""MISC"", ""text"": ""духи темряви"", ""start"": 18, ""end"": 30}, {""label"": ""MISC"", ""text"": ""власне відлуння"", ""start"": 43, ""end"": 58}]"
50ad59ccd991dfaf8f60318607795668d3493bbb8e8bd6a939d53be6afe277a7,"І найбільше говорили про « російську тройку » , узброєну гаслами .",[],"[{""label"": ""ORG"", ""text"": ""російську тройку"", ""start"": 27, ""end"": 43}, {""label"": ""MISC"", ""text"": ""гаслами"", ""start"": 57, ""end"": 64}]"
95d9a22c5e28159c6abcbe4f8fb796214769b6f2461eba996f64fed194db4004,"І досі вони – в тому самому діапазоні , в колі давніх стереотипів ...",[],[]
f0b6ce2811abeb321dcc6d4549b10cc9df5fe9039a06f10a475e900c8e610410,"У « Мертвих душах » інтертекстуальність як залучення євангельських віконець у безпросвітність банальності , зацикленої на матеріяльному , побутовому , спостерігається в кожному розділі .","[{""label"": ""ART"", ""text"": ""Мертвих душах""}]","[{""label"": ""MISC"", ""text"": ""інтертекстуальність"", ""start"": 20, ""end"": 39}]"
07158a317735f297fdb57769a7a1f4149b72a86132917a6a189fec680b90ea1f,"Але особливо проглядається вихід автора за межі субстанційного життя : його герої виходять на ширший простір , як ніс майора Ковальова , що ходив сам по собі . Що це значить ?","[{""label"": ""PERS"", ""text"": ""Ковальова""}]","[{""label"": ""PERS"", ""text"": ""автора"", ""start"": 33, ""end"": 39}, {""label"": ""LOC"", ""text"": ""ширший простір"", ""start"": 94, ""end"": 108}, {""label"": ""PERS"", ""text"": ""Ковальова"", ""start"": 125, ""end"": 134}]"
d0ee1b55b74b6b3ee21be86f4abd256658a9a23013a025da915e466e2a8aa490,"А те , на думку давнього мислителя , що ум вирощує та ж таки душа для самоконтролю свого лихого чи доброго .",[],"[{""label"": ""PERS"", ""text"": ""давнього мислителя"", ""start"": 16, ""end"": 34}]"
e99a818f62e3e6096bb086e49c621e6e3489f275f810b20448c0a4c269a04686,"Отже , керманича вона створює собі сама — ось що значить саморослість .",[],"[{""label"": ""JOB"", ""text"": ""керманича"", ""start"": 7, ""end"": 16}]"
803ab158d44a7e50c75ea52786119d7d72b6f686a84dd2833860abb4e0a4f64f,Але я знову замудрив .,[],"[{""label"": ""PERS"", ""text"": ""я"", ""start"": 4, ""end"": 5}]"
65b4442f9a3d01d21440486fe9abe5695b7003b78d9db38d9acd2b95bc933449,"Коли трапиться , може , цій історії читач , прошу в нього вибачення .",[],"[{""label"": ""PERS"", ""text"": ""читач"", ""start"": 36, ""end"": 41}]"
54deb0bdf9084a1a14a46af5e43b87aad0ed1c219a5b32fb83d26972b7871aa8,"З другого боку , не прошу , бо коли йому стане цікава історія старого книжника , то мусить витримувати й напругу його мозкових акумуляцій , тим більше , що цю історію названо « Кросворд » , а слово це значить перехрещення ходів , бо саме слово « крос » — це « хрест » англійською .","[{""label"": ""ART"", ""text"": ""Кросворд""}]","[{""label"": ""ART"", ""text"": ""Кросворд"", ""start"": 177, ""end"": 185}]"
7d83767c08a0fdbd0a9364efc0e123792b2923b318491fb1a4b940d89298f72d,"Але цей мій кросворд ускладнено ще й тим , що його загнані в клітинки слова складають ще й ребуси , ось чому я вживав раніше обох слів — кросворд і ребус — в одному ряду .",[],"[{""label"": ""ART"", ""text"": ""кросворд"", ""start"": 12, ""end"": 20}, {""label"": ""MISC"", ""text"": ""ребуси"", ""start"": 91, ""end"": 97}, {""label"": ""PERS"", ""text"": ""я"", ""start"": 109, ""end"": 110}, {""label"": ""ART"", ""text"": ""кросворд"", ""start"": 137, ""end"": 145}, {""label"": ""MISC"", ""text"": ""ребус"", ""start"": 148, ""end"": 153}]"
a9994e72b2be502203202d7cc25d7a83ec8dcc5943b5f74ea5316fa892d0607c,"А ребус , як відомо , слово французьке і значить загадку , що складається з речень , малюнків , усіляких знаків , фігур , і його можна розгадати , коли правильно розкласти малюнки , фігури на слова чи окремі звуки ; а коли ребусом є слова , то вони , чи літери , мають також організуватися в певному порядку .",[],"[{""label"": ""ART"", ""text"": ""ребус"", ""start"": 2, ""end"": 7}, {""label"": ""MISC"", ""text"": ""загадку"", ""start"": 49, ""end"": 56}, {""label"": ""ART"", ""text"": ""речень"", ""start"": 76, ""end"": 82}, {""label"": ""ART"", ""text"": ""малюнків"", ""start"": 85, ""end"": 93}, {""label"": ""ART"", ""text"": ""усіляких знаків , фігур"", ""start"": 96, ""end"": 119}, {""label"": ""ART"", ""text"": ""малюнки , фігури"", ""start"": 172, ""end"": 188}, {""label"": ""MISC"", ""text"": ""слова"", ""start"": 192, ""end"": 197}, {""label"": ""ART"", ""text"": ""ребусом"", ""start"": 223, ""end"": 230}, {""label"": ""ART"", ""text"": ""слова"", ""start"": 233, ""end"": 238}]"
4961bf328939b009a04bd86af45257ce3640c57a8c7c7bd78ad5147f76dbd6e4,"У житейському ж кросворді-ребусі фігури — це ти сам , а ще люди , котрі тебе оточують , а малюнки — це сцени з життя .",[],"[{""label"": ""PERS"", ""text"": ""ти сам"", ""start"": 45, ""end"": 51}, {""label"": ""ART"", ""text"": ""малюнки"", ""start"": 90, ""end"": 97}, {""label"": ""ART"", ""text"": ""сцени з життя"", ""start"": 103, ""end"": 116}]"
e252c314c54c8e854cbfaef734b2411a6df31256b14abc97ea3d39489b8fdac9,"Отже , досі , як було сказано , я творив кросворд , а в ньому постала й перша складність — ребус , тобто моя зустріч в електричці з Ірою .","[{""label"": ""PERS"", ""text"": ""Ірою""}]","[{""label"": ""PERIOD"", ""text"": ""досі"", ""start"": 7, ""end"": 11}, {""label"": ""PERS"", ""text"": ""я"", ""start"": 32, ""end"": 33}, {""label"": ""ART"", ""text"": ""кросворд"", ""start"": 41, ""end"": 49}, {""label"": ""ART"", ""text"": ""ребус"", ""start"": 91, ""end"": 96}, {""label"": ""LOC"", ""text"": ""електричці"", ""start"": 119, ""end"": 129}, {""label"": ""PERS"", ""text"": ""Ірою"", ""start"": 132, ""end"": 136}]"
3c0297f566b7dcd6f885aacac63e5464d0f0cf5ee0f442471e8e6d7619c447c4,"Зі свого невеличкого досвіду стосунків з особами іншої статі ( цей досвід , до речі , так і залишився невеликим і досі , коли голова моя злисіла , зуби майже випали , а обличчя зморщилося ) я дійшов висновку , що жінки люблять напускати туману навіть ясної погоди , люблять здаватися таємничими , і це з простої причини : таємниця вабить .",[],"[{""label"": ""PERS"", ""text"": ""я"", ""start"": 190, ""end"": 191}, {""label"": ""PERS"", ""text"": ""жінки"", ""start"": 213, ""end"": 218}]"
6d6c5817b40da15ffe2e741bdba2c0dd2dbd980b963f637a69758dc8f6bc2a91,"Отож крутять і викручуються , ховаються й показують , наближаються і віддаляються , одне слово , колотять білий світ і ті стосунки , як тільки можуть і вміють .",[],[]
da2f05e8320d340f6342f0b82627482437697cdb8618ec8b1dbb929b75087cfb,"Тобто вони ніби риба у воді , яка обкушує приманку і щосили намагається бути неспійманою , а ми — гачки , і живець наш цілком елементарний ; точніше , ми — рибалки зі своїми гачками , але вони щось складніше за рибу , бо не тільки прагнуть насититися живцем , а , не заковтуючи наших гачків ( деякі , правда , заковтують , відтак страждають , коли рибалка виявиться немилосердний ) , зловити хочуть того рибалку , отже , їхня таємничість і є їхніми гачками , яких вельми винахідливо витворюють .",[],"[{""label"": ""PERS"", ""text"": ""вони"", ""start"": 6, ""end"": 10}, {""label"": ""PERS"", ""text"": ""риба"", ""start"": 16, ""end"": 20}, {""label"": ""LOC"", ""text"": ""воді"", ""start"": 23, ""end"": 27}, {""label"": ""MISC"", ""text"": ""приманку"", ""start"": 42, ""end"": 50}, {""label"": ""PERS"", ""text"": ""ми"", ""start"": 93, ""end"": 95}, {""label"": ""ART"", ""text"": ""гачки"", ""start"": 98, ""end"": 103}, {""label"": ""ART"", ""text"": ""живець"", ""start"": 108, ""end"": 114}, {""label"": ""PERS"", ""text"": ""ми"", ""start"": 151, ""end"": 153}, {""label"": ""PERS"", ""text"": ""рибалки"", ""start"": 156, ""end"": 163}, {""label"": ""ART"", ""text"": ""гачками"", ""start"": 174, ""end"": 181}, {""label"": ""ART"", ""text"": ""гачків"", ""start"": 284, ""end"": 290}, {""label"": ""PERS"", ""text"": ""рибалка"", ""start"": 348, ""end"": 355}, {""label"": ""PERS"", ""text"": ""рибалку"", ""start"": 404, ""end"": 411}, {""label"": ""ART"", ""text"": ""гачками"", ""start"": 449, ""end"": 456}]"
2cc5badb4d1a7bac6b2a0a0f1161369b8730d24d71502703030e8e8b154fc43b,"Такі речі досить добре розумів і тоді , коли сталася та історія-ребус , котра не дає , як видно із цього скрипту , спокою мені й дотепер , але розумів це не умом , за Транквіліоном , а таки розумом , який прийшов до мене ззовні , тобто від науки .","[{""label"": ""PERS"", ""text"": ""Транквіліоном""}]","[{""label"": ""PERS"", ""text"": ""Транквіліоном"", ""start"": 167, ""end"": 180}, {""label"": ""MISC"", ""text"": ""науки"", ""start"": 240, ""end"": 245}]"
62a82a07f911eab514afb2ffa86d17af71fe1f664c1d8632e3340564d989d5bf,Однак у моїй ситуації так легко розв’язати ребуса не випадало .,[],[]
ad658c2f9f981075f3c64a5ce31db05a390bc9efa44cd669bbe4da229c6e4980,"Річ у тому , що вона , тобто Іра , відмовилася від зустрічі зі мною , покладаючи можливість нашого здибання на ще одну випадкову зустріч , якої в умовах великого міста може й не трапитися .","[{""label"": ""PERS"", ""text"": ""Іра""}]","[{""label"": ""PERS"", ""text"": ""Іра"", ""start"": 29, ""end"": 32}, {""label"": ""LOC"", ""text"": ""великого міста"", ""start"": 153, ""end"": 167}]"
f27e881393e00a2a7a0f36b677da1a6a38fc3ab95e219f928cfda53a7cf40c9e,"З другого боку , отим невідривним поглядом через шибу тролейбуса явно мене провокувала й давала прозоро зрозуміти , що я їй не байдужий .",[],"[{""label"": ""LOC"", ""text"": ""шибу тролейбуса"", ""start"": 49, ""end"": 64}, {""label"": ""PERS"", ""text"": ""мене"", ""start"": 70, ""end"": 74}, {""label"": ""PERS"", ""text"": ""я"", ""start"": 119, ""end"": 120}]"
fe6114c2170f2631d6224c91a58ccfb684c0a5f60ebb02ddefde399edc1d1c8e,"Чи то була одна з формул жіночого кокетування , коли жінка , навіть не бажаючи зближуватися з чоловіком , однаково його надить і дістає від того внутрішнє задоволення ?",[],"[{""label"": ""PERS"", ""text"": ""жінка"", ""start"": 53, ""end"": 58}, {""label"": ""PERS"", ""text"": ""чоловіком"", ""start"": 94, ""end"": 103}]"
cb80e8be62ef9ff351b0d221058b723cba07fc083a35dda034e57ac207f6ba84,Цього я не знав .,[],"[{""label"": ""PERS"", ""text"": ""я"", ""start"": 6, ""end"": 7}]"
c7ab6fecb2327c65aeaacf448060b75034855debc7e9c8b314c6849fb193563d,"Зрештою , то байдуже , коли більше з нею не зустрінуся чи зустрінуся , як сам сказав , через п’ять років .","[{""label"": ""PERIOD"", ""text"": ""п’ять років""}]","[{""label"": ""PERS"", ""text"": ""нею"", ""start"": 37, ""end"": 40}, {""label"": ""PERIOD"", ""text"": ""через п’ять років"", ""start"": 87, ""end"": 104}]"
fb5854125a36c2ff0701de666536eff34667bc2655a42876cce060f8a23a2c7a,"Але я вже пустив у цього скрипта речення , котре мене викриває : сказав , що пізніше Іра мені зізнається , що в університеті до мене приглядалася і я здавався їй надто неприступний .","[{""label"": ""PERS"", ""text"": ""Іра""}]","[{""label"": ""PERS"", ""text"": ""я"", ""start"": 4, ""end"": 5}, {""label"": ""PERS"", ""text"": ""мене"", ""start"": 49, ""end"": 53}, {""label"": ""PERS"", ""text"": ""Іра"", ""start"": 85, ""end"": 88}, {""label"": ""LOC"", ""text"": ""університеті"", ""start"": 112, ""end"": 124}, {""label"": ""PERS"", ""text"": ""я"", ""start"": 148, ""end"": 149}]"
c2a4fa3639c330d39b16e7da2871c2d24d3e8b704680893a9f7b23b200fc5443,"Доскіпливий читач , який не проґавив цієї фрази , може миттю здогадатися , що історія моя з Ірою на цій першій сцені не закінчилася , а тільки почалася , і це правда .","[{""label"": ""PERS"", ""text"": ""Ірою""}]","[{""label"": ""PERS"", ""text"": ""Доскіпливий читач"", ""start"": 0, ""end"": 17}, {""label"": ""PERS"", ""text"": ""Ірою"", ""start"": 92, ""end"": 96}]"
fd8b937ee44038bab2d6e253deba8ec3a93eea6807f52cc6180fb42f67a88e04,"А річ у тім , що вона хоча й обкусала мою наживку і зникла у глибинах вод , але дала зрозуміти : у водоймищі не вся риба байдужа до моїх наживок , відтак коли клює , жоден рибалка місця ловитви не покине , а наживить гачка заново , — ось що найпевніше означав той невідривний погляд крізь шибу .",[],"[{""label"": ""PERS"", ""text"": ""вона"", ""start"": 17, ""end"": 21}, {""label"": ""ART"", ""text"": ""мою наживку"", ""start"": 38, ""end"": 49}, {""label"": ""LOC"", ""text"": ""водоймищі"", ""start"": 99, ""end"": 108}, {""label"": ""ART"", ""text"": ""наживок"", ""start"": 137, ""end"": 144}, {""label"": ""PERS"", ""text"": ""рибалка"", ""start"": 172, ""end"": 179}, {""label"": ""LOC"", ""text"": ""місця ловитви"", ""start"": 180, ""end"": 193}, {""label"": ""ART"", ""text"": ""гачка"", ""start"": 217, ""end"": 222}]"
db93a59f824d254c332bfa4d782810b6499ee05176f33fd981b89705babe5404,Та й ще дещо .,[],[]
b87239302fd8317c71d11d5f36a4ea94a03adf2d49ec3b294d60f0538a222e68,"А те дещо була єдина інформація , яку видала : щодня їздить електричкою ( хоча може бути , що не тією самою ) і щодня проїжджає через мою станцію .",[],"[{""label"": ""LOC"", ""text"": ""мою станцію"", ""start"": 134, ""end"": 145}]"
db79b8ec143d33e9c3177f82cfa0ec8d772df267b4c48e26e776730196afa571,"Отже , маючи наполегливість і терплячість , я міг ще раз виловити її з тієї води , але за умови , коли до цього активно візьмуся , тобто почну її шукати й виловлювати , вийду зі своєї пасивної нерушності і стану завойовником , як міг би ним стати , коли б ускочив до тролейбуса і не захотів би її так просто відпустити .",[],"[{""label"": ""PERS"", ""text"": ""я"", ""start"": 44, ""end"": 45}, {""label"": ""ART"", ""text"": ""її"", ""start"": 66, ""end"": 68}, {""label"": ""ART"", ""text"": ""її"", ""start"": 143, ""end"": 145}, {""label"": ""ART"", ""text"": ""тролейбуса"", ""start"": 267, ""end"": 277}]"
79c22c8bc44a2b2d3ea9156302756de032189e3d9081c18d59fc3624e21b49d6,"Отже , її моя інертна позиція не задовольняла , її ж бо в мені пізнала , а може , пізнала ще раніше , придивляючися в університеті й відчувши те фібрами душі , — тим і зумовлювалися провокування , які відзначив .",[],"[{""label"": ""PERS"", ""text"": ""її"", ""start"": 7, ""end"": 9}, {""label"": ""PERS"", ""text"": ""її"", ""start"": 48, ""end"": 50}, {""label"": ""LOC"", ""text"": ""університеті"", ""start"": 118, ""end"": 130}]"
677dd56f2fd53d104a9e3fe4c089f07d940f4a37f51edbc740a11e94156b5dae,"Важило тут ще й інше : сказала , що в неї нікого нема , отже об’єктивної причини для нашого незнайомства не було .",[],"[{""label"": ""PERS"", ""text"": ""неї"", ""start"": 38, ""end"": 41}]"
e3b4d5a02d6c3aab0ce10e878d5b4e33148be13eec3187c479e72e211a6aebfe,Але що значить : вона дуже зайнята людина ?,[],"[{""label"": ""PERS"", ""text"": ""вона дуже зайнята людина"", ""start"": 17, ""end"": 41}]"
2ec5bd983dc014c138305b697d37d28983e726e9841b6f3f4f13b0f9ddccd99b,Школа ?,[],"[{""label"": ""ORG"", ""text"": ""Школа ?"", ""start"": 0, ""end"": 7}]"
1bfeeb05e433c364d083cbd7bd7a33a0929a5a11843ac097e48d6eb1f2550e5f,"Але я так само зайнятий у школі , а дозвілля маю досить , хоча в неї немало забирають переїзди .",[],"[{""label"": ""PERS"", ""text"": ""я"", ""start"": 4, ""end"": 5}, {""label"": ""ORG"", ""text"": ""школі"", ""start"": 26, ""end"": 31}, {""label"": ""MISC"", ""text"": ""дозвілля"", ""start"": 36, ""end"": 44}]"
5798752136e06870123ba1711e6d943b6220bd964dcd00df904dc8541a658c81,"Отже , дуже зайнята була не лише в школі , де працювала , а й у Києві , де жила .","[{""label"": ""LOC"", ""text"": ""Києві""}]","[{""label"": ""ORG"", ""text"": ""школі"", ""start"": 35, ""end"": 40}, {""label"": ""JOB"", ""text"": ""працювала"", ""start"": 46, ""end"": 55}, {""label"": ""LOC"", ""text"": ""Києві"", ""start"": 64, ""end"": 69}]"
c290bbe546145a0889de2cf9bab91a4d68f1e4e274fa1801254080e3d64d1371,"Але я про неї нічогісінько не знав , значно менше , як вона про мене .",[],"[{""label"": ""PERS"", ""text"": ""я"", ""start"": 4, ""end"": 5}, {""label"": ""PERS"", ""text"": ""неї"", ""start"": 10, ""end"": 13}, {""label"": ""PERS"", ""text"": ""вона"", ""start"": 55, ""end"": 59}, {""label"": ""PERS"", ""text"": ""мене"", ""start"": 64, ""end"": 68}]"
3588f6782917557a72c5a170440ec4e73cafb6b988b54e2ba2ef55146a58fd1f,"Здається , була киянкою , а не так , як ми , прийшляки , які бездахо бовталися чи в самому місті , чи в його околицях , як оце я .",[],"[{""label"": ""JOB"", ""text"": ""киянкою"", ""start"": 16, ""end"": 23}, {""label"": ""LOC"", ""text"": ""місті"", ""start"": 91, ""end"": 96}, {""label"": ""PERS"", ""text"": ""я"", ""start"": 127, ""end"": 128}]"
87f059d7ca1121eef62fabf0c7027f770e3d63afda6268206f57d42c2af23d94,"Коли ж була киянкою , то мала тут батьків , братів , сестер , можливо , діда чи бабу , чи обох , чи могили на одному із цвинтарів ; коли живеш не сам , не все складається , як бажаєш , часом живеш не для себе , а й для когось , хтось може бути хворий , калічений та й мало що — над цим я , зрештою , не бажав замислюватися ; головне , що вона « нікого не мала » .",[],"[{""label"": ""JOB"", ""text"": ""киянкою"", ""start"": 12, ""end"": 19}, {""label"": ""PERS"", ""text"": ""батьків"", ""start"": 34, ""end"": 41}, {""label"": ""PERS"", ""text"": ""діда"", ""start"": 72, ""end"": 76}, {""label"": ""PERS"", ""text"": ""бабу"", ""start"": 80, ""end"": 84}, {""label"": ""ART"", ""text"": ""могили"", ""start"": 100, ""end"": 106}, {""label"": ""LOC"", ""text"": ""одному із цвинтарів"", ""start"": 110, ""end"": 129}, {""label"": ""PERS"", ""text"": ""я"", ""start"": 286, ""end"": 287}, {""label"": ""PERS"", ""text"": ""вона"", ""start"": 338, ""end"": 342}]"
03e275e9e3cb8a47d102e3c101157f82f8d65620902dd278ccf7ed419b4b7f82,"Бо коли б оте останнє було , мені треба було б вимести цю маленьку пригоду з голови , адже я , як незавойовник , ніколи не дозволив би собі від когось дівчину чи жінку відбивати , тобто руйнувати чийсь уже складений інтим .",[],"[{""label"": ""PERS"", ""text"": ""мені"", ""start"": 29, ""end"": 33}, {""label"": ""PERS"", ""text"": ""я"", ""start"": 91, ""end"": 92}, {""label"": ""JOB"", ""text"": ""незавойовник"", ""start"": 98, ""end"": 110}, {""label"": ""PERS"", ""text"": ""дівчину чи жінку"", ""start"": 151, ""end"": 167}]"
3b956973f8a0d5865848f4802357ade7e9106f56fe62936c7e85745a48670ac3,"Тут я категоричний , бо мав певною мірою римо-католицьке виховання , хоча культових закладів не відвідував та й не відвідую й досі , а тоді був ближчий до атеїзму , як до віри через конфесію ; згодом у цьому мої погляди скоригувалися , але до теми це не стосується .",[],"[{""label"": ""PERS"", ""text"": ""я"", ""start"": 4, ""end"": 5}, {""label"": ""ORG"", ""text"": ""культових закладів"", ""start"": 74, ""end"": 92}, {""label"": ""MISC"", ""text"": ""атеїзму"", ""start"": 155, ""end"": 162}]"
62b1fb69b9f275b64b51774889e3fcf68e54c86f94ec72c6ee473e4efa0106b8,"Скажу тільки , що мати моя була старанною відвідувачкою костьолу , а батько — ні , бо батьки продукт атеїстичної епохи .",[],"[{""label"": ""PERS"", ""text"": ""мати моя"", ""start"": 18, ""end"": 26}, {""label"": ""ORG"", ""text"": ""костьолу"", ""start"": 56, ""end"": 64}, {""label"": ""PERS"", ""text"": ""батько"", ""start"": 69, ""end"": 75}, {""label"": ""PERS"", ""text"": ""батьки"", ""start"": 86, ""end"": 92}, {""label"": ""PERIOD"", ""text"": ""атеїстичної епохи"", ""start"": 101, ""end"": 118}]"
fb2c89ad93ad992d118bc7d47ab670c8dede6224853c7bf250946ce5b7fc415f,"А я тоді був твердо переконаний , що fecit deos primum timor .",[],"[{""label"": ""PERS"", ""text"": ""я"", ""start"": 2, ""end"": 3}]"
b0d54abd4a8447cdc22feb7c1f1565568a10689b6d084010bbff736a1a0dddaa,"Отак я сидів на лавці в Ботанічному саду , курячи сигарету за сигаретою , аж доки відчув , що змерз .","[{""label"": ""LOC"", ""text"": ""Ботанічному саду""}]","[{""label"": ""PERS"", ""text"": ""я"", ""start"": 5, ""end"": 6}, {""label"": ""LOC"", ""text"": ""Ботанічному саду"", ""start"": 24, ""end"": 40}, {""label"": ""ART"", ""text"": ""сигарету"", ""start"": 50, ""end"": 58}]"
e74160be05c1f91d0869c262a56f49ba3c1121526123c5b3749463a31d23e019,"Тоді повернувся тією ж дорогою на вокзал , зовсім забувши про наміра відвідати книгарні чи поблукати наповненими звабними очима та постатями вулицями , — чомусь дивитися на київських красунь стало нецікаво .",[],"[{""label"": ""LOC"", ""text"": ""вокзал"", ""start"": 34, ""end"": 40}, {""label"": ""ORG"", ""text"": ""книгарні"", ""start"": 79, ""end"": 87}]"
7a8f79989327213e086cb246982feb41acf2fbe3cf581723884b10002d8c0052,"Отож дочекався найближчої електрички й повернувся додому , де мене чекало вікно і ліс углибині , який так само , здавалося , ховав у собі безліч таємниць . Перш ніж готувати з м’яса , треба навчитися його вибирати .",[],"[{""label"": ""LOC"", ""text"": ""додому"", ""start"": 50, ""end"": 56}, {""label"": ""PERS"", ""text"": ""мене"", ""start"": 62, ""end"": 66}, {""label"": ""ART"", ""text"": ""вікно"", ""start"": 74, ""end"": 79}, {""label"": ""LOC"", ""text"": ""ліс углибині"", ""start"": 82, ""end"": 94}, {""label"": ""MISC"", ""text"": ""безліч таємниць"", ""start"": 138, ""end"": 153}, {""label"": ""ART"", ""text"": ""м’яса"", ""start"": 176, ""end"": 181}]"
743cc6738fafcff83f685f6ec42246482e50d180c33572d63863bfdd37964601,"А вибирати слід молоде , а не старе .",[],"[{""label"": ""PERS"", ""text"": ""молоде"", ""start"": 16, ""end"": 22}]"
68bd8bb8abe4eab04db8ec4d7432b7985a6663bffc703c2b68a25c27b8d75dc6,"Аби відрізнити молоде м’ясо від старого , можна подивитися на товщину ребер : якщо ребро тонке , то м’ясо молоде , якщо ж ребро широке ( розміром із сірникове пуделко ) — то м’ясо старе .",[],[]
0e6cd9347230e7a86164369909e0215055a2470aa89a7e82d4e4bc9f47a1fbf1,Також м’ясо потрібно оглянути і помацати — у несвіжому м’ясі при натисканні залишиться вм’ятина .,[],"[{""label"": ""ART"", ""text"": ""м’ясо"", ""start"": 6, ""end"": 11}, {""label"": ""ART"", ""text"": ""вм’ятина"", ""start"": 87, ""end"": 95}]"
6935a9d6ab4d88c73133e9b4045de3a6aa21eb8de95c1df722a865f2cd00d43f,"М’ясо , яке заморожували і розморожували кілька разів , буде вологим .",[],"[{""label"": ""ART"", ""text"": ""М’ясо"", ""start"": 0, ""end"": 5}]"
4a74873586ca7f8d069bb9188bc0d87f5397d06acce3a230fd4c099ee38dad82,"Якщо м’ясо нашприцьоване поліфосфатами , то виглядатиме воно так , ніби здулося .",[],"[{""label"": ""MISC"", ""text"": ""поліфосфатами"", ""start"": 25, ""end"": 38}]"
959d54773f8c5e06e7b3824b16c8ccc3852245bf27103c4aeef228ba1cc41eb2,Заморожене м’ясо дешевше від охолодженого .,[],"[{""label"": ""ART"", ""text"": ""Заморожене м’ясо"", ""start"": 0, ""end"": 16}]"
94a52d484cb9b5683aa2259e60e2ca82b8f1f844db95dd34d0535a060e65c4d7,Розморожувати м’ясо краще в холодильнику при температурі 0-2 градуси .,"[{""label"": ""QUANT"", ""text"": ""0-2 градуси""}]","[{""label"": ""ART"", ""text"": ""м’ясо"", ""start"": 14, ""end"": 19}]"
88cd2044dabd304960a52157c768cebea53e2af0634270f773efd21c66514202,"При різкому заморожуванні у м’ясі зберігаються і вітаміни , і мікроелементи , і ферменти , і всі корисні біологічні властивості .",[],"[{""label"": ""LOC"", ""text"": ""м’ясі"", ""start"": 28, ""end"": 33}, {""label"": ""MISC"", ""text"": ""вітаміни"", ""start"": 49, ""end"": 57}, {""label"": ""MISC"", ""text"": ""мікроелементи"", ""start"": 62, ""end"": 75}, {""label"": ""MISC"", ""text"": ""ферменти"", ""start"": 80, ""end"": 88}]"
f1ad0730a5bfc199e8a95cea774c2193468e87ca6a71e4f36af8f1211fc05105,"Тому при розморожуванні маємо цілком добрий продукт , не гірший за свіже м’ясо .",[],"[{""label"": ""ART"", ""text"": ""свіже м’ясо"", ""start"": 67, ""end"": 78}]"
6bcb049eb0012ddf1852c46567f9e6ec74583d25ec8ef80ce148e198f3719f49,"А от кілька разів заморожене м’ясо практично втрачає свої властивості і його споживання може бути небезпечним , адже при повторному заморожуванні утворюються великі кристали , котрі руйнують амінокислоти , знищують все те корисне , що є у м’ясі .",[],"[{""label"": ""MISC"", ""text"": ""м’ясо"", ""start"": 29, ""end"": 34}]"
4fc2852e893d1240663a807347be82038505d719b51fd6f627065bb6055a6e1e,"Багато хто думає , що м’ясо зі щойно забитої тварини найсмачніше і найніжніше .",[],"[{""label"": ""PERS"", ""text"": ""Багато хто"", ""start"": 0, ""end"": 10}, {""label"": ""ART"", ""text"": ""м’ясо"", ""start"": 22, ""end"": 27}]"
c7c99db690ad457fc4a306427e15aeea853f3ec0b335d84267d07201ab9bc8c4,"Насправді , відразу після забою готувати м’ясо не можна .",[],"[{""label"": ""TIME"", ""text"": ""відразу після забою"", ""start"": 12, ""end"": 31}, {""label"": ""ART"", ""text"": ""м’ясо"", ""start"": 41, ""end"": 46}]"
77dd0203d8f8f065ad1d58d51c6f4ec9329c7b649320e7d0d2217841edcbaa03,Воно жорстке .,[],"[{""label"": ""ART"", ""text"": ""Воно жорстке ."", ""start"": 0, ""end"": 14}]"
21371979646b96d7746a12f85ea148cb2ccf7ad1dfb590dc7e1eebdadb14e57e,"М’ясо мусить полежати щонайменше дві доби , щоб стекла кров і розслабилися м’язи .",[],"[{""label"": ""ART"", ""text"": ""М’ясо"", ""start"": 0, ""end"": 5}, {""label"": ""PERIOD"", ""text"": ""дві доби"", ""start"": 33, ""end"": 41}]"
23ce7ddf6303e5d91701ada7aedb3f7c6b83b2179ddcf647fd5c3778c6a48dd0,"Будь-яке м’ясо , яке смажимо чи тушкуємо , солимо в самому кінці .",[],"[{""label"": ""ART"", ""text"": ""Будь-яке м’ясо"", ""start"": 0, ""end"": 14}]"
92db4a61021b160f399b42483396a091f8bba94faa0c368d1c525c187400c816,"Відбиванці не солимо загалі , якщо смажимо в підсоленому клярі .",[],"[{""label"": ""ART"", ""text"": ""Відбиванці"", ""start"": 0, ""end"": 10}]"
ab14de8531d947fce036d453197fdf038f67e903c674d83c14de70913668690c,"Кляр готуємо з яєць і борошна з додаванням солі та перцю . На травневій сесії депутати Сумської міської ради ухвалили рішення про створення на базі поліклінік , що діють у міських клінічних лікарнях № 1 , № 5 та № 4 трьох Центрів первинної медико-санітарної допомоги . Мерія готова до реєстрації нових комунальних закладів , повідомив секретар міськради Олексій МОВЧАН .","[{""label"": ""ORG"", ""text"": ""Сумської міської ради""}, {""label"": ""ORG"", ""text"": ""міських клінічних лікарнях № 1 , № 5 та № 4""}, {""label"": ""ORG"", ""text"": ""Центрів первинної медико-санітарної допомоги""}, {""label"": ""ORG"", ""text"": ""Мерія""}, {""label"": ""ORG"", ""text"": ""міськради""}, {""label"": ""PERS"", ""text"": ""Олексій МОВЧАН""}]","[{""label"": ""DATE"", ""text"": ""травневій сесії"", ""start"": 62, ""end"": 77}, {""label"": ""ORG"", ""text"": ""Сумської міської ради"", ""start"": 87, ""end"": 108}, {""label"": ""ORG"", ""text"": ""міських клінічних лікарнях № 1 , № 5 та № 4"", ""start"": 172, ""end"": 215}, {""label"": ""ORG"", ""text"": ""Центрів первинної медико-санітарної допомоги"", ""start"": 222, ""end"": 266}, {""label"": ""JOB"", ""text"": ""секретар міськради"", ""start"": 335, ""end"": 353}, {""label"": ""PERS"", ""text"": ""Олексій МОВЧАН"", ""start"": 354, ""end"": 368}]"
39fcbeefa5822ebbcaeb2e5d81e08e2488c5e5ecbc42df9eb1e6b3845ee45255,"Очікувалося , що на останній сесії міської ради , що відбулася 31 липня , буде створено ще один центр – на базі поліклініки № 3 , однак за внесення відповідних доповнень проголосували лише 20 депутатів .","[{""label"": ""DATE"", ""text"": ""31 липня""}, {""label"": ""ORG"", ""text"": ""поліклініки № 3""}]","[{""label"": ""ORG"", ""text"": ""міської ради"", ""start"": 35, ""end"": 47}, {""label"": ""DATE"", ""text"": ""31 липня"", ""start"": 63, ""end"": 71}, {""label"": ""ORG"", ""text"": ""поліклініки № 3"", ""start"": 112, ""end"": 127}, {""label"": ""QUANT"", ""text"": ""20 депутатів"", ""start"": 189, ""end"": 201}]"
491ae5b15b87df7d2ec67c3b9d3a1c9125356ef162fcf058af7c8b20df5623ba,"За словами начальника відділу охорони здоров’я Ольги БРАТУШКИ , нові установи будуть окремими юридичними особами , де пацієнтів обслуговуватимуть сімейні лікарі .","[{""label"": ""JOB"", ""text"": ""начальника""}, {""label"": ""PERS"", ""text"": ""Ольги БРАТУШКИ""}]","[{""label"": ""JOB"", ""text"": ""начальника відділу охорони здоров’я"", ""start"": 11, ""end"": 46}, {""label"": ""PERS"", ""text"": ""Ольги БРАТУШКИ"", ""start"": 47, ""end"": 61}, {""label"": ""ORG"", ""text"": ""нові установи"", ""start"": 64, ""end"": 77}, {""label"": ""ORG"", ""text"": ""окремими юридичними особами"", ""start"": 85, ""end"": 112}]"
085c0f6b12031e71ebbf8280da60c340223d9d8b61bbd73a4afcac4a70795e97,Нині в Сумах налічується 39 сімейних лікарів при потребі 181 .,"[{""label"": ""LOC"", ""text"": ""Сумах""}]","[{""label"": ""LOC"", ""text"": ""Сумах"", ""start"": 7, ""end"": 12}, {""label"": ""QUANT"", ""text"": ""39"", ""start"": 25, ""end"": 27}, {""label"": ""JOB"", ""text"": ""сімейних лікарів"", ""start"": 28, ""end"": 44}, {""label"": ""QUANT"", ""text"": ""181"", ""start"": 57, ""end"": 60}]"
ff578dfb56936a498330934e5a11c7b1f0a67110118b3136e10ebaf9b0749b27,"Як зазначив Олексій Мовчан , для задоволення потреб міста у фахівцях сімейної медицини , існують наміри стимулювати випускників медичних вишів , щоб вони лишалися працювати в Сумах .","[{""label"": ""PERS"", ""text"": ""Олексій Мовчан""}, {""label"": ""LOC"", ""text"": ""Сумах""}]","[{""label"": ""PERS"", ""text"": ""Олексій Мовчан"", ""start"": 12, ""end"": 26}, {""label"": ""LOC"", ""text"": ""міста"", ""start"": 52, ""end"": 57}, {""label"": ""MISC"", ""text"": ""сімейної медицини"", ""start"": 69, ""end"": 86}, {""label"": ""ORG"", ""text"": ""медичних вишів"", ""start"": 128, ""end"": 142}, {""label"": ""LOC"", ""text"": ""Сумах"", ""start"": 175, ""end"": 180}]"
84bc9e05c9c2e89c6fe9af507a6e5e84443ff752a9dfd50c59b4423b13a99365,"Це можуть бути житло і заробітна плата , яка в пілотних областях України , що впроваджують форми сімейної медицини , сягає 5-7 тис . грн . Створення Центрів первинної медико-санітарної допомоги – це лише перший етап реформування галузі охорони здоров’я на теренах міста . Ольга Братушка запевнила , що реформа не передбачає жодних скорочень лікарів та медперсоналу , а жителі обстежуватимуться і отримуватимуть медичну допомогу там , де й раніше .","[{""label"": ""LOC"", ""text"": ""України""}, {""label"": ""MON"", ""text"": ""5-7 тис . грн .""}, {""label"": ""ORG"", ""text"": ""Центрів первинної медико-санітарної допомоги""}, {""label"": ""PERS"", ""text"": ""Ольга Братушка""}]","[{""label"": ""LOC"", ""text"": ""пілотних областях України"", ""start"": 47, ""end"": 72}, {""label"": ""MON"", ""text"": ""5-7 тис . грн"", ""start"": 123, ""end"": 136}, {""label"": ""ORG"", ""text"": ""Центрів первинної медико-санітарної допомоги"", ""start"": 149, ""end"": 193}, {""label"": ""PERS"", ""text"": ""Ольга Братушка"", ""start"": 272, ""end"": 286}]"
a954dd9a5f5fec69051ba7ea380dbcab93c6645b44b7ece50a476bc6385a87f5,"Крім того , планується відкрити 8 амбулаторій у віддалених районах міста , зокрема на Баранівці , Басах , Роменському мікрорайоні тощо . Я завжди хотіла , щоб мої батьки переїхали до США . Я уявляла , що тоді ми житимемо , як у серіалі про Беверлі-Гіллз .","[{""label"": ""LOC"", ""text"": ""Баранівці""}, {""label"": ""LOC"", ""text"": ""Басах""}, {""label"": ""LOC"", ""text"": ""Роменському мікрорайоні""}, {""label"": ""LOC"", ""text"": ""США""}, {""label"": ""LOC"", ""text"": ""Беверлі-Гіллз""}]","[{""label"": ""ORG"", ""text"": ""амбулаторій"", ""start"": 34, ""end"": 45}, {""label"": ""LOC"", ""text"": ""Баранівці"", ""start"": 86, ""end"": 95}, {""label"": ""LOC"", ""text"": ""Басах"", ""start"": 98, ""end"": 103}, {""label"": ""LOC"", ""text"": ""Роменському мікрорайоні"", ""start"": 106, ""end"": 129}, {""label"": ""PERS"", ""text"": ""Я"", ""start"": 137, ""end"": 138}, {""label"": ""PERS"", ""text"": ""мої батьки"", ""start"": 159, ""end"": 169}, {""label"": ""LOC"", ""text"": ""США"", ""start"": 183, ""end"": 186}, {""label"": ""PERS"", ""text"": ""Я"", ""start"": 189, ""end"": 190}]"
e20587dce4c73d023c61cea946b9b9d79cefe954eb2d0004da42e791796e3c3a,"Усі навколо будуть модні й стильні , усе — сонячне і квітуче , а наш дім — такий же гарний , як в американському кіно , з великим басейном із бірюзовою водою .",[],"[{""label"": ""LOC"", ""text"": ""наш дім"", ""start"": 65, ""end"": 72}, {""label"": ""ART"", ""text"": ""великим басейном із бірюзовою водою"", ""start"": 122, ""end"": 157}]"
ab1455bb5c2fab2258f5cccb2af3aaaf287f3c18caabfd708348c27f57e739b3,Так я мріяла .,[],[]
7f570efb565ea333ba78e99dc7637383a84cf78362177f6b3014629e02895d06,"Та коли мені виповнилося чотирнадцять , мама отримала роботу в університеті на півночі Швеції .","[{""label"": ""LOC"", ""text"": ""Швеції""}]","[{""label"": ""PERS"", ""text"": ""мама"", ""start"": 40, ""end"": 44}, {""label"": ""JOB"", ""text"": ""роботу"", ""start"": 54, ""end"": 60}, {""label"": ""ORG"", ""text"": ""університеті"", ""start"": 63, ""end"": 75}, {""label"": ""LOC"", ""text"": ""півночі Швеції"", ""start"": 79, ""end"": 93}]"
adc282aaa7e9ad5d990cf8c4dee9f2a5d0a9521465892bfc64ff4b8f28db25a1,"Ще задовго до переїзду у Швецію я наполегливо вчила англійську , тому що я мріяла і вірила , що ми таки поїдемо в кольорове каліфорнійське життя .","[{""label"": ""LOC"", ""text"": ""Швецію""}]","[{""label"": ""LOC"", ""text"": ""Швецію"", ""start"": 25, ""end"": 31}, {""label"": ""PERS"", ""text"": ""я"", ""start"": 32, ""end"": 33}, {""label"": ""PERS"", ""text"": ""я"", ""start"": 73, ""end"": 74}]"
36a646eeea77e321786247e4853ee631006d05670be693e4af978013bef887ae,"У школі урок англійської був моїм улюбленим , бо тоді я могла називати себе Еліс .","[{""label"": ""PERS"", ""text"": ""Еліс""}]","[{""label"": ""ORG"", ""text"": ""школі"", ""start"": 2, ""end"": 7}, {""label"": ""MISC"", ""text"": ""урок англійської"", ""start"": 8, ""end"": 24}, {""label"": ""PERS"", ""text"": ""Еліс"", ""start"": 76, ""end"": 80}]"
396a38799bb334c6d602204f9174845ec5034e1fedd972bfbd9d6df7311b02a2,"Якщо на уроці хтось називав мене Алісою , я жартівливо виправляла .","[{""label"": ""PERS"", ""text"": ""Алісою""}]","[{""label"": ""PERS"", ""text"": ""Алісою"", ""start"": 33, ""end"": 39}]"
b99dce28d05a5d9f7410a777f6c6cc9a533732e715cbfeb2eeaffa43d415fc7e,"— Sorry , my name is Alice .","[{""label"": ""PERS"", ""text"": ""Alice""}]","[{""label"": ""PERS"", ""text"": ""Alice"", ""start"": 21, ""end"": 26}]"
0342ad66b862661f3bbb8efeb96f84f27a8041f84157f0c5008fa7738b213b48,"Ті години , коли я офіційно була Еліс , здавалося , наближали мене до Америки — країни « безмежних можливостей » ( як то завжди проголошував телевізор ) , а ще до яхт , великих будинків і всіляких пригод .","[{""label"": ""PERS"", ""text"": ""Еліс""}, {""label"": ""LOC"", ""text"": ""Америки""}]","[{""label"": ""PERIOD"", ""text"": ""Ті години"", ""start"": 0, ""end"": 9}, {""label"": ""PERS"", ""text"": ""Еліс"", ""start"": 33, ""end"": 37}, {""label"": ""LOC"", ""text"": ""Америки"", ""start"": 70, ""end"": 77}, {""label"": ""MISC"", ""text"": ""безмежних можливостей"", ""start"": 89, ""end"": 110}, {""label"": ""ART"", ""text"": ""яхт"", ""start"": 163, ""end"": 166}, {""label"": ""ART"", ""text"": ""великих будинків"", ""start"": 169, ""end"": 185}, {""label"": ""MISC"", ""text"": ""всіляких пригод"", ""start"": 188, ""end"": 203}]"
b673d97a19d71587515760c11ce3973c88b62918011308d19c177ed0865d4ec6,"І пригоди в мене таки почалися , от тільки потрапила я в чорно-біле кіно .",[],"[{""label"": ""PERS"", ""text"": ""мене"", ""start"": 12, ""end"": 16}, {""label"": ""MISC"", ""text"": ""чорно-біле кіно"", ""start"": 57, ""end"": 72}]"
050c8bf3a5be69697a472fed95683a590340978e9355513f9ecfb5276bd78431,Кольору у Швеції виявилося мало .,"[{""label"": ""LOC"", ""text"": ""Швеції""}]","[{""label"": ""LOC"", ""text"": ""Швеції"", ""start"": 10, ""end"": 16}]"
06116bf98c7917b1f96e60cf2748261032817627608274e61871ea1023dd3758,Особливо на півночі .,[],"[{""label"": ""LOC"", ""text"": ""Особливо на півночі"", ""start"": 0, ""end"": 19}]"
68a8783c55988ea25d14259185f6919734dc5e0b93b2442a2f836d2dde7c3eec,"Спочатку ми на декілька днів зупинилися в Стокгольмі , де у мами були ділові зустрічі з якимись професорами . Стокгольм трішки нагадав мені Львів .","[{""label"": ""PERIOD"", ""text"": ""декілька днів""}, {""label"": ""LOC"", ""text"": ""Стокгольмі""}, {""label"": ""LOC"", ""text"": ""Стокгольм""}, {""label"": ""LOC"", ""text"": ""Львів""}]","[{""label"": ""PERIOD"", ""text"": ""декілька днів"", ""start"": 15, ""end"": 28}, {""label"": ""LOC"", ""text"": ""Стокгольмі"", ""start"": 42, ""end"": 52}, {""label"": ""PERS"", ""text"": ""мами"", ""start"": 60, ""end"": 64}, {""label"": ""LOC"", ""text"": ""Стокгольм"", ""start"": 110, ""end"": 119}, {""label"": ""LOC"", ""text"": ""Львів"", ""start"": 140, ""end"": 145}]"
402de6409b4bd942cc0c481f9fdb78426aeceb58a429eae91b059aad280142b6,"Був жовтень , і ми з татом гуляли по парку , схожому на Стрийський , там теж було озеро з лебедями , багато людей .","[{""label"": ""LOC"", ""text"": ""Стрийський""}]","[{""label"": ""PERIOD"", ""text"": ""жовтень"", ""start"": 4, ""end"": 11}, {""label"": ""PERS"", ""text"": ""татом"", ""start"": 21, ""end"": 26}, {""label"": ""LOC"", ""text"": ""парку"", ""start"": 37, ""end"": 42}, {""label"": ""LOC"", ""text"": ""Стрийський"", ""start"": 56, ""end"": 66}, {""label"": ""MISC"", ""text"": ""озеро з лебедями"", ""start"": 82, ""end"": 98}, {""label"": ""QUANT"", ""text"": ""багато людей"", ""start"": 101, ""end"": 113}]"
569e2525ee12e6653ab9b5656cd321eb918ea5c0ca98767cfb0e767104284898,"А ще у Стокгольмі є трамваї , тільки інші , ніж у Львові , сучасні й тихі .","[{""label"": ""LOC"", ""text"": ""Стокгольмі""}, {""label"": ""LOC"", ""text"": ""Львові""}]","[{""label"": ""LOC"", ""text"": ""Стокгольмі"", ""start"": 7, ""end"": 17}, {""label"": ""MISC"", ""text"": ""трамваї"", ""start"": 20, ""end"": 27}, {""label"": ""LOC"", ""text"": ""Львові"", ""start"": 50, ""end"": 56}, {""label"": ""MISC"", ""text"": ""сучасні й тихі"", ""start"": 59, ""end"": 73}]"
4272dbda6ec63f23a80a3a55baab7a18dfaeda543af17ceff48b0f2d1ddaabad,Львівські трамваї мені більше до душі .,[],"[{""label"": ""ART"", ""text"": ""Львівські трамваї"", ""start"": 0, ""end"": 17}]"
feaa9f03a32fb91ad85cd2202b3c762de2e9229eb49b75f801cb380e49a46baf,"Та коли ми поїхали далі на північ , краєвид великого міста змінився на ліс , а серед дерев ховалися тьмяно-червоні будиночки й безлюдні вулички .",[],"[{""label"": ""LOC"", ""text"": ""великого міста"", ""start"": 44, ""end"": 58}, {""label"": ""MISC"", ""text"": ""ліс"", ""start"": 71, ""end"": 74}, {""label"": ""ART"", ""text"": ""тьмяно-червоні будиночки"", ""start"": 100, ""end"": 124}, {""label"": ""MISC"", ""text"": ""безлюдні вулички"", ""start"": 127, ""end"": 143}]"
0cc20128924f5151898a41555360c500a395b215102c8c7c9279e2bd8375d40b,"Ще було помітно холодніше , а дерева вже зовсім не мали листя . « Це Лапландія » , — сказав тато .","[{""label"": ""LOC"", ""text"": ""Лапландія""}]","[{""label"": ""LOC"", ""text"": ""Лапландія"", ""start"": 69, ""end"": 78}, {""label"": ""PERS"", ""text"": ""тато"", ""start"": 92, ""end"": 96}]"
6383ed62cfcef0a98b81bcb5c548f8b16bf80a8df3673568f9d8e6d918c12b43,"І я уявила , як в одному з таких червоних будинків живе Санта-Клаус .","[{""label"": ""PERS"", ""text"": ""Санта-Клаус""}]","[{""label"": ""LOC"", ""text"": ""Санта-Клаус"", ""start"": 56, ""end"": 67}]"
465aa9fe38ee2942a873a5261c86adc16a98333d739759aec53a813f922fdc52,"Це мені сподобалося , бо хіба Санта — не американець ?","[{""label"": ""PERS"", ""text"": ""Санта""}]","[{""label"": ""PERS"", ""text"": ""Санта"", ""start"": 30, ""end"": 35}]"
8c77f5c32556318c78b611354485e27a2ee59dffd560406f617d0bfd4bfb8a56,Англійську я вчила не дарма .,[],"[{""label"": ""MISC"", ""text"": ""Англійську"", ""start"": 0, ""end"": 10}, {""label"": ""PERS"", ""text"": ""я"", ""start"": 11, ""end"": 12}]"
104acaa9818d869ba5a34a2f4ec087cab53e627041851abfb4c3f93df682af24,У Швеції всі добре розмовляють англійською .,"[{""label"": ""LOC"", ""text"": ""Швеції""}]","[{""label"": ""LOC"", ""text"": ""Швеції"", ""start"": 2, ""end"": 8}]"
4bd39cef6dbc5318f7dc282a0588fc5cf37a3d524c55cb4ac8c597ad84215cd0,"Коли я пішла до школи , мені було легко знайти друзів , і поки я вчила шведську , мені навіть дозволяли робити завдання для деяких предметів англійською .",[],"[{""label"": ""PERS"", ""text"": ""я"", ""start"": 5, ""end"": 6}, {""label"": ""ORG"", ""text"": ""школи"", ""start"": 16, ""end"": 21}, {""label"": ""PERS"", ""text"": ""мені"", ""start"": 24, ""end"": 28}, {""label"": ""PERS"", ""text"": ""я"", ""start"": 63, ""end"": 64}, {""label"": ""PERS"", ""text"": ""мені"", ""start"": 82, ""end"": 86}]"
7fa8b202d3f3961e33b19855bb095c1a3ed56492b25fade2a21a4eb4eec0bedf,Так ми почали жити новим життям .,[],"[{""label"": ""PERS"", ""text"": ""ми"", ""start"": 4, ""end"": 6}]"
d8f36ead8c6124cfcc7c9e08d337b6dfd61f100b2d267ac4ba7a9e9a4c4c9183,"Мама і тато були задоволені , ми отримали велику квартиру і почали її облаштовувати .",[],"[{""label"": ""PERS"", ""text"": ""Мама"", ""start"": 0, ""end"": 4}, {""label"": ""PERS"", ""text"": ""тато"", ""start"": 7, ""end"": 11}, {""label"": ""ART"", ""text"": ""велику квартиру"", ""start"": 42, ""end"": 57}]"
caa730185a233224018908099245f70785cd9cdc306c47b177e2d8dd3128e46b,Я щодня ходила на курси шведської і багато розмовляла англійською .,[],"[{""label"": ""PERS"", ""text"": ""Я"", ""start"": 0, ""end"": 1}]"
e5379c6422e45684e8dded2c540d3fe15565a05c44a72d7c297febefb3e38794,"І тепер я більшість часу була Еліс , а Алісою тільки вдома , для мами і тата .","[{""label"": ""PERS"", ""text"": ""Еліс""}, {""label"": ""PERS"", ""text"": ""Алісою""}]","[{""label"": ""PERS"", ""text"": ""я"", ""start"": 8, ""end"": 9}, {""label"": ""PERIOD"", ""text"": ""більшість часу"", ""start"": 10, ""end"": 24}, {""label"": ""PERS"", ""text"": ""Еліс"", ""start"": 30, ""end"": 34}, {""label"": ""PERS"", ""text"": ""Алісою"", ""start"": 39, ""end"": 45}, {""label"": ""LOC"", ""text"": ""вдома"", ""start"": 53, ""end"": 58}]"
476ebd352a909c04ed9a0dac95877ceba3eece136c6df00412683e47e020f461,Потім прийшла зима .,[],"[{""label"": ""PERIOD"", ""text"": ""зима"", ""start"": 14, ""end"": 18}]"
66876abe9ffd857e173daede7358ea99176b6e1d0d3faaf576e05efa6818f151,І чорно-біле кіно стало чорно-сірим .,[],"[{""label"": ""MISC"", ""text"": ""І чорно-біле кіно"", ""start"": 0, ""end"": 17}]"
feb53dcf34b09974f83e3a31a5bce734d2251e25b59db9efdbeceb85eff9c178,"Почало рано темніти , так рано , що здавалось , день ще не почався , а вже закінчився . « Оце моє Беверлі-Гіллз ? » — запитувала я себе , подумки докоряючи батькам .","[{""label"": ""LOC"", ""text"": ""Беверлі-Гіллз""}]","[{""label"": ""PERS"", ""text"": ""Беверлі-Гіллз"", ""start"": 98, ""end"": 111}, {""label"": ""PERS"", ""text"": ""я"", ""start"": 129, ""end"": 130}, {""label"": ""PERS"", ""text"": ""батькам"", ""start"": 156, ""end"": 163}]"
d43a72d2a785d5a619ce30a4cfa164cd7cec5a9d17c587ee7740d85964d5f254,Одного вечора я почала розмову :,[],"[{""label"": ""TIME"", ""text"": ""Одного вечора"", ""start"": 0, ""end"": 13}, {""label"": ""PERS"", ""text"": ""я"", ""start"": 14, ""end"": 15}]"
096c0ee4584f88b59bc5e9663466a076b7891e34be02c3bb99adb93fd4bb95e3,"— Для чого ми переїхали саме сюди ? — запитала я тата , який запалював свічки , дотримуючись шведської традиції щовечора запалювати багато ламп і свічок у кожному будинку . — В цій країні немає кольору , все таке монотонне , і взагалі , мені набридло вчити шведську .",[],"[{""label"": ""PERS"", ""text"": ""тата"", ""start"": 49, ""end"": 53}, {""label"": ""ART"", ""text"": ""свічки"", ""start"": 71, ""end"": 77}, {""label"": ""ART"", ""text"": ""ламп"", ""start"": 139, ""end"": 143}, {""label"": ""ART"", ""text"": ""свічок"", ""start"": 146, ""end"": 152}]"
acdeccddbe0045c6182d334b49c4e95a336dd61bb7fd7eeef389bc7fa2e2fc1e,"— Немає кольору ? — відповів тато . — Подивись , яка кольорова твоя кімната .",[],"[{""label"": ""PERS"", ""text"": ""тато"", ""start"": 29, ""end"": 33}]"
ae63afb1cba62ca6188bd79e1262bb71a0d03977c71c0dd171dbd201603b6d90,Це правда .,[],[]
18d18a79d22e217e08f52f8be86db883bcafc7f9da21677102caec62308c73bc,"Наша квартира була затишна , і всі кімнати мали якийсь кольоровий акцент : вітальня — коричневий зі зеленим , спальня батьків — кораловий , кухня — блакитний , а моя кімната мала багато фіолетового .",[],"[{""label"": ""LOC"", ""text"": ""Наша квартира"", ""start"": 0, ""end"": 13}, {""label"": ""MISC"", ""text"": ""кораловий"", ""start"": 128, ""end"": 137}, {""label"": ""MISC"", ""text"": ""блакитний"", ""start"": 148, ""end"": 157}, {""label"": ""MISC"", ""text"": ""фіолетового"", ""start"": 186, ""end"": 197}]"
e11a0f0003605dc6bbcd73ce95cd5e9b2db4b5a5923e74a2cd426889602292e4,"— Але все навколо чорно-біле ! — заперечила я . — Чорні дерева , білий сніг , сірі вулиці , навіть сосни , здається , теж програли зимі , і хвоя стала такою темно-зеленою , аж чорною .",[],"[{""label"": ""PERS"", ""text"": ""я"", ""start"": 44, ""end"": 45}, {""label"": ""ART"", ""text"": ""Чорні дерева"", ""start"": 50, ""end"": 62}, {""label"": ""ART"", ""text"": ""білий сніг"", ""start"": 65, ""end"": 75}, {""label"": ""LOC"", ""text"": ""сірі вулиці"", ""start"": 78, ""end"": 89}, {""label"": ""MISC"", ""text"": ""сосни"", ""start"": 99, ""end"": 104}, {""label"": ""PERIOD"", ""text"": ""зимі"", ""start"": 131, ""end"": 135}, {""label"": ""MISC"", ""text"": ""хвоя"", ""start"": 140, ""end"": 144}]"
b8b993408207ef9b570541658e511b6dddd3ca2c234943c8c9c8bbd17aa97ad0,Мама долучилася до розмови :,[],"[{""label"": ""PERS"", ""text"": ""Мама"", ""start"": 0, ""end"": 4}]"
c2900e8cf07c83de7edf0ab6802c53a58f0d0348aef9f8c00f71077e6bf10180,"— Але в нас дуже хороші умови , і ми тут лише на чотири роки .","[{""label"": ""PERIOD"", ""text"": ""чотири роки""}]","[{""label"": ""LOC"", ""text"": ""тут"", ""start"": 37, ""end"": 40}, {""label"": ""PERIOD"", ""text"": ""чотири роки"", ""start"": 49, ""end"": 60}]"
7b03614a96f512c6fe8bd941b4c163e5598949a21d623c037124653bdd32c595,"А взагалі , життя для кожного — то розмальовка , як собі розфарбуєш , таке і є .",[],"[{""label"": ""PERS"", ""text"": ""кожного"", ""start"": 22, ""end"": 29}, {""label"": ""ART"", ""text"": ""розмальовка"", ""start"": 35, ""end"": 46}]"
9f3a020aef6972d33d7d19863f90470bd6ef069404b14ac852335cf277408769,"Терпіти не можу , коли мама філософствує .",[],"[{""label"": ""PERS"", ""text"": ""мама"", ""start"": 23, ""end"": 27}]"
ea161cbd7b579b3ac25e8600ab9a20099c33354553907fa2c74ed65f996c4235,"Завжди щось заплутане видасть , а я потім обдумую це весь день .",[],"[{""label"": ""ART"", ""text"": ""щось заплутане"", ""start"": 7, ""end"": 21}, {""label"": ""PERS"", ""text"": ""я"", ""start"": 34, ""end"": 35}]"
9df55c177815c4709d189fe70c01440afcb67d5bcd70431476b4679ff0f09ac9,"І хоча намагаюся викинути з голови , а все одно обмірковую різні її премудрості .",[],"[{""label"": ""MISC"", ""text"": ""різні її премудрості"", ""start"": 59, ""end"": 79}]"
45890f463dc709bcace6c49a92361011ed41089a666a414fd134d574b19fd455,"Та ж вона без них не може , недарма працює на філософському факультеті .",[],"[{""label"": ""PERS"", ""text"": ""Та ж вона"", ""start"": 0, ""end"": 9}, {""label"": ""ORG"", ""text"": ""філософському факультеті"", ""start"": 46, ""end"": 70}]"
12f9933718c17c1112df366e36e7f2b60a6dc131750ca21183a911208ba4c7e9,Сірі зимові дні були нескінченними .,[],"[{""label"": ""PERIOD"", ""text"": ""Сірі зимові дні"", ""start"": 0, ""end"": 15}]"
a9926a41e9947ba26c7e99c210aad4cf9577c56c1b43eb9c26e7bfef70bdaa33,"Це не те що зима у Львові : то тепло , то холодно , то сніг , то дощ , то сонце .","[{""label"": ""LOC"", ""text"": ""Львові""}]","[{""label"": ""PERIOD"", ""text"": ""зима"", ""start"": 12, ""end"": 16}, {""label"": ""LOC"", ""text"": ""Львові"", ""start"": 19, ""end"": 25}]"
f52deeaa6eecaf645a1fbdc8fa89945b7ef30f6ad970efee2278c912360aa9df,"На півночі Швеції сніг не тане всю зиму , озера перетворюються на ковзанки , лід такий глибокий , що через озеро навіть їздять машини напряму від одного берега до іншого .","[{""label"": ""LOC"", ""text"": ""Швеції""}]","[{""label"": ""LOC"", ""text"": ""півночі Швеції"", ""start"": 3, ""end"": 17}, {""label"": ""PERIOD"", ""text"": ""всю зиму"", ""start"": 31, ""end"": 39}, {""label"": ""LOC"", ""text"": ""озера"", ""start"": 42, ""end"": 47}, {""label"": ""ART"", ""text"": ""ковзанки"", ""start"": 66, ""end"": 74}]"
c9c3c1330747170a6cedd92003315ef694cc48b93f029dd7a3903144cceff4b9,Багато людей мають снігоходи .,[],"[{""label"": ""PERS"", ""text"": ""Багато людей"", ""start"": 0, ""end"": 12}, {""label"": ""ART"", ""text"": ""снігоходи"", ""start"": 19, ""end"": 28}]"
4d495ef29f97a94d252c82b2e2017897afdec932164870d9955fa08e60735395,"Одного дня тато мого однокласника Еріка покликав мене і Емму , нашу подругу , покататись на своєму снігоході .","[{""label"": ""PERS"", ""text"": ""Еріка""}, {""label"": ""PERS"", ""text"": ""Емму""}]","[{""label"": ""PERS"", ""text"": ""тато"", ""start"": 11, ""end"": 15}, {""label"": ""PERS"", ""text"": ""Еріка"", ""start"": 34, ""end"": 39}, {""label"": ""PERS"", ""text"": ""мене"", ""start"": 49, ""end"": 53}, {""label"": ""PERS"", ""text"": ""Емму"", ""start"": 56, ""end"": 60}, {""label"": ""ART"", ""text"": ""снігоході"", ""start"": 99, ""end"": 108}]"
87e11ae4afbf9375b7c1558571d6f13b9c6a5552252306c9de2ad3ecd56da8af,"Я не дуже хотіла з ними йти , було холодно , і пішла я лише тому , що Емма наполягала .","[{""label"": ""PERS"", ""text"": ""Емма""}]","[{""label"": ""PERS"", ""text"": ""Я"", ""start"": 0, ""end"": 1}, {""label"": ""PERS"", ""text"": ""я"", ""start"": 53, ""end"": 54}, {""label"": ""PERS"", ""text"": ""Емма"", ""start"": 70, ""end"": 74}]"
56c071c6f4f074f053cba7f6104e8df19e1ebf3fcc09ad3a34ec2b83e4558262,"— Пішли , не будь занудою !",[],"[{""label"": ""PERS"", ""text"": ""Пішли"", ""start"": 2, ""end"": 7}]"
52557ab4fdaf95d99f3ee7af45e0389c34216e9882d1336b7e6821ac8d31fd82,Ти ж ніколи не каталася на снігоході .,[],"[{""label"": ""PERS"", ""text"": ""Ти"", ""start"": 0, ""end"": 2}, {""label"": ""ART"", ""text"": ""снігоході"", ""start"": 27, ""end"": 36}]"
b7a1e8fee67536a17ac27ea2d0a0f1a3e3cb5b93b28cbb22c9f7a2f8413bdd19,"— Краще б я покаталася на повітряній кулі , — відповіла я зі злістю , уявляючи , як моя куля прилітає на північ і в момент вкривається льодом та перетворюється на величезний камінь , який на неймовірній швидкості летить донизу .",[],"[{""label"": ""PERS"", ""text"": ""я"", ""start"": 10, ""end"": 11}, {""label"": ""ART"", ""text"": ""повітряній кулі"", ""start"": 26, ""end"": 41}, {""label"": ""PERS"", ""text"": ""я"", ""start"": 56, ""end"": 57}, {""label"": ""ART"", ""text"": ""моя куля"", ""start"": 84, ""end"": 92}, {""label"": ""LOC"", ""text"": ""північ"", ""start"": 105, ""end"": 111}, {""label"": ""ART"", ""text"": ""величезний камінь"", ""start"": 163, ""end"": 180}]"
409e27e789e1a9a7deb0c0b8826d44d6a7323b5262b669197eb4441a8f3a3294,Вдаряється об кригу ...,[],[]
2c1ef9483fd6d490a82630bdbc4d31da495ff96f16192e22c86da2752aa7fe09,"Поки я фантазувала , вагаючись між своїм порятунком та трагічною смертю , Еммі хтось задзвонив .","[{""label"": ""PERS"", ""text"": ""Еммі""}]","[{""label"": ""PERS"", ""text"": ""Еммі"", ""start"": 74, ""end"": 78}]"
9876e7ea2d89e9a1417691c5332fb9ecafda7baca293a2e8d2964317f2161257,"— Так , приходь .",[],"[{""label"": ""ART"", ""text"": ""приходь"", ""start"": 8, ""end"": 15}]"
be803ed360bccf4cf9bc19fdc9d8a99204e662cbd01f7ab5e4d49789e9f49d07,"Буде Ерік , я і Еліс . — Емма промовила моє ім’я з наголосом , підкреслюючи , що я більше не маю вибору відмовитись . — А тато Еріка нас потім завезе додому .","[{""label"": ""PERS"", ""text"": ""Ерік""}, {""label"": ""PERS"", ""text"": ""Еліс""}, {""label"": ""PERS"", ""text"": ""Емма""}, {""label"": ""PERS"", ""text"": ""Еріка""}]","[{""label"": ""PERS"", ""text"": ""Ерік"", ""start"": 5, ""end"": 9}, {""label"": ""PERS"", ""text"": ""я"", ""start"": 12, ""end"": 13}, {""label"": ""PERS"", ""text"": ""Еліс"", ""start"": 16, ""end"": 20}, {""label"": ""PERS"", ""text"": ""Емма"", ""start"": 25, ""end"": 29}, {""label"": ""PERS"", ""text"": ""я"", ""start"": 81, ""end"": 82}, {""label"": ""PERS"", ""text"": ""тато Еріка"", ""start"": 122, ""end"": 132}]"
2e275cb60612e3e4f43dcd952a17f1f5a448cf5be8c2f2a5dbb7796b4f0cf642,"— Це Йонас , — сказала Емма , коли поклала слухавку . — Племінник мого кузена .","[{""label"": ""PERS"", ""text"": ""Йонас""}, {""label"": ""PERS"", ""text"": ""Емма""}]","[{""label"": ""PERS"", ""text"": ""Йонас"", ""start"": 5, ""end"": 10}, {""label"": ""PERS"", ""text"": ""Емма"", ""start"": 23, ""end"": 27}]"
0f34a29b5101a7da31aceafd0e8feb8c5b38b343d63dc4edf392a33c37cfc057,"Він приїхав на півроку навчатися за обміном , зараз на першому курсі університету .",[],"[{""label"": ""PERS"", ""text"": ""Він"", ""start"": 0, ""end"": 3}, {""label"": ""PERIOD"", ""text"": ""півроку"", ""start"": 15, ""end"": 22}, {""label"": ""JOB"", ""text"": ""першому курсі університету"", ""start"": 55, ""end"": 81}]"
7400ac4ca169f556c44dba22a7dee828838471d88437ff3c188d16dd68b0f189,"— Ну добре , я йду з вами .",[],"[{""label"": ""PERS"", ""text"": ""я"", ""start"": 13, ""end"": 14}]"
fc6dcfd62baf61b2fc37093db1eb4c7b7c21d73171a42b1140663ea844967300,Тільки ненадовго .,[],"[{""label"": ""PERIOD"", ""text"": ""Тільки ненадовго"", ""start"": 0, ""end"": 16}]"
cd66b82fe97adf5f2d29827ffb01ffc7d968c3f5265cf8512bc6267a8cbfb744,Ми всі зустрілися на набережній о третій .,"[{""label"": ""TIME"", ""text"": ""третій""}]","[{""label"": ""PERS"", ""text"": ""Ми всі"", ""start"": 0, ""end"": 6}, {""label"": ""LOC"", ""text"": ""набережній"", ""start"": 21, ""end"": 31}, {""label"": ""TIME"", ""text"": ""третій"", ""start"": 34, ""end"": 40}]"
3cd0517eba94c6ad0da6646b1424e28d610fdc05af071a5f6769bf9673e11e86,"Тато Еріка показував снігохід , пояснював його технічні особливості в таких деталях , ніби всі ми прийшли готуватись до іспиту на права водіння снігоходом .","[{""label"": ""PERS"", ""text"": ""Еріка""}]","[{""label"": ""PERS"", ""text"": ""Тато Еріка"", ""start"": 0, ""end"": 10}, {""label"": ""ART"", ""text"": ""снігохід"", ""start"": 21, ""end"": 29}, {""label"": ""ART"", ""text"": ""снігоходом"", ""start"": 144, ""end"": 154}]"
efe7265d71703ff4b3ea41b91071707e1e78582c878ab0c836b038552f4499ba,"А я не слухала , я дивилася на Йонаса .","[{""label"": ""PERS"", ""text"": ""Йонаса""}]","[{""label"": ""PERS"", ""text"": ""я"", ""start"": 2, ""end"": 3}, {""label"": ""PERS"", ""text"": ""я"", ""start"": 17, ""end"": 18}, {""label"": ""PERS"", ""text"": ""Йонаса"", ""start"": 31, ""end"": 37}]"
197fd15d9a6e1704806054d7634df509fa777c91b3d8af7d72836a42a319363c,"Коли він підійшов , перше , що впало мені в очі — те , що він дуже високий , навіть як на шведа .",[],"[{""label"": ""PERS"", ""text"": ""він"", ""start"": 5, ""end"": 8}, {""label"": ""PERS"", ""text"": ""мені"", ""start"": 37, ""end"": 41}, {""label"": ""PERS"", ""text"": ""він"", ""start"": 58, ""end"": 61}, {""label"": ""PERS"", ""text"": ""шведа"", ""start"": 90, ""end"": 95}]"
a0b09d0015297aeb76f46023b71eb2d42599eabb52c2c5f4b973e2123d225713,Я відвела погляд .,[],"[{""label"": ""PERS"", ""text"": ""Я"", ""start"": 0, ""end"": 1}]"
9ac4a8db7f6c6f4cde5e59bbfbd0d35bdb88c123cd57cee3b62338ad7dc32877,Яка мені різниця .,[],[]
3bb0a183c17345d735e6470c863c2ce8205b415ba533162889aed0290df5fb94,"І я не хочу кататися на снігоході по цьому сіро-білому озері , огорнутому чорною лінією дерев .",[],"[{""label"": ""PERS"", ""text"": ""я"", ""start"": 2, ""end"": 3}, {""label"": ""ART"", ""text"": ""снігоході"", ""start"": 24, ""end"": 33}, {""label"": ""LOC"", ""text"": ""сіро-білому озері"", ""start"": 43, ""end"": 60}]"
691e59148b65e4aebe2d11e2031d6555c29bfb41ae1b03ba7c430d791227709d,"Я хочу в Каліфорнію , де багато кольору .","[{""label"": ""LOC"", ""text"": ""Каліфорнію""}]","[{""label"": ""PERS"", ""text"": ""Я"", ""start"": 0, ""end"": 1}, {""label"": ""LOC"", ""text"": ""Каліфорнію"", ""start"": 9, ""end"": 19}, {""label"": ""MISC"", ""text"": ""багато кольору"", ""start"": 25, ""end"": 39}]"
54639315eb283f4f6f8726b9c84555588eda78d504a27fc4952acb5f6c530fc8,"Я ніколи там не була , але ж я знаю , ми всі знаємо , що там кольорове життя .",[],"[{""label"": ""PERS"", ""text"": ""Я"", ""start"": 0, ""end"": 1}, {""label"": ""LOC"", ""text"": ""там"", ""start"": 9, ""end"": 12}, {""label"": ""PERS"", ""text"": ""я"", ""start"": 29, ""end"": 30}, {""label"": ""LOC"", ""text"": ""там"", ""start"": 57, ""end"": 60}, {""label"": ""MISC"", ""text"": ""кольорове життя"", ""start"": 61, ""end"": 76}]"
7ce85c1ec3968fd40456062d1fb8babd2daf029f5fc509ee6e7eb9070a9ee4d0,"— Я Йонас , привіт !","[{""label"": ""PERS"", ""text"": ""Йонас""}]","[{""label"": ""PERS"", ""text"": ""Я Йонас"", ""start"": 2, ""end"": 9}]"
9d8b237bf8df31eee29cc43658f35fa93199a10876a12b9fcf76483725fd4c3b,— Аліса .,"[{""label"": ""PERS"", ""text"": ""Аліса""}]","[{""label"": ""PERS"", ""text"": ""Аліса"", ""start"": 2, ""end"": 7}]"
275517d99a5f6075512c7c7ef4b5c7b6fa77fcffede471f0621b42272b65a7e8,Чому я назвалася Алісою ?,"[{""label"": ""PERS"", ""text"": ""Алісою""}]","[{""label"": ""PERS"", ""text"": ""Алісою"", ""start"": 17, ""end"": 23}]"
368b8959795869c4267127bbc74bdef360c89dbe6b483c84ab10f73194e72569,"Мене огорнуло дивне відчуття , коли я почула цей голос , трохи грубуватий і якийсь такий теплий .",[],"[{""label"": ""PERS"", ""text"": ""Мене"", ""start"": 0, ""end"": 4}, {""label"": ""PERS"", ""text"": ""я"", ""start"": 36, ""end"": 37}]"
e45a699c26116feda60d85ef9abf8d6f6919deeefd7c6453e62ea9b4f13025ae,"— Приємно познайомитись , Алісо , — Йонас промовив моє ім’я з акцентом , воно прозвучало , як Алісія .","[{""label"": ""PERS"", ""text"": ""Алісо""}, {""label"": ""PERS"", ""text"": ""Йонас""}, {""label"": ""PERS"", ""text"": ""Алісія""}]","[{""label"": ""PERS"", ""text"": ""Алісо"", ""start"": 26, ""end"": 31}, {""label"": ""PERS"", ""text"": ""Йонас"", ""start"": 36, ""end"": 41}, {""label"": ""PERS"", ""text"": ""Алісія"", ""start"": 94, ""end"": 100}]"
ce8d61311a40f43c098d2ac322d8ee11e393efe27f988b6056686b2097403d1c,І мені це сподобалось .,[],[]
571630a1deab4d5da4566a01b444569b643053d4bb03558368cbd408bcd7bc7d,"Більше , ніж Аліса .","[{""label"": ""PERS"", ""text"": ""Аліса""}]","[{""label"": ""PERS"", ""text"": ""Аліса"", ""start"": 13, ""end"": 18}]"
ba6e804408ae26285fd8907578dd2be50512ef4bbe286863eb97df324fcaf9e7,"Ми каталися дві години на снігоході , і було весело .","[{""label"": ""PERIOD"", ""text"": ""дві години""}]","[{""label"": ""PERS"", ""text"": ""Ми"", ""start"": 0, ""end"": 2}, {""label"": ""PERIOD"", ""text"": ""дві години"", ""start"": 12, ""end"": 22}, {""label"": ""ART"", ""text"": ""снігоході"", ""start"": 26, ""end"": 35}]"
e4d2121f7d6296d80f5a40456df8b78e5cd2cd058eb98ffb6cc4084e0bd1c57c,Але мені було якось дивно .,[],"[{""label"": ""PERS"", ""text"": ""мені"", ""start"": 4, ""end"": 8}]"
f4c640865b07a2bc256f97940907a74436a8cf2bd20d2c7b690af9875d22a218,"Так , ніби з’явилися кольори .",[],"[{""label"": ""MISC"", ""text"": ""кольори"", ""start"": 21, ""end"": 28}]"
149ab4478b508bcff4c68467694e157300110b5f240a4130c63a0238b4255d0c,Після катання ми пішли до кав’ярні пити чай .,[],"[{""label"": ""LOC"", ""text"": ""кав’ярні"", ""start"": 26, ""end"": 34}, {""label"": ""MISC"", ""text"": ""чай"", ""start"": 40, ""end"": 43}]"
4489bd045e3eb0e92e72e0825eb90c6a2f0708e4aa116deb312d9a51256ab2c5,"Коли Йонас зняв куртку , я побачила , що на ньому був червоний светр .","[{""label"": ""PERS"", ""text"": ""Йонас""}]","[{""label"": ""PERS"", ""text"": ""Йонас"", ""start"": 5, ""end"": 10}, {""label"": ""ART"", ""text"": ""куртку"", ""start"": 16, ""end"": 22}, {""label"": ""ART"", ""text"": ""червоний светр"", ""start"": 54, ""end"": 68}]"
e86e9b7ee12a9559291c55414abf2cc5db9554159368dcac01bdfe59ea03d65f,"Може , тому мені було в той вечір так кольорово .",[],"[{""label"": ""PERS"", ""text"": ""мені"", ""start"": 12, ""end"": 16}]"
272bc88eade73ea39717a23c378ff90cb9878416aae7751242c99f9b4636c9e2,Ми з Йонасом почали зустрічатися через два тижні після того дня .,"[{""label"": ""PERS"", ""text"": ""Йонасом""}, {""label"": ""PERIOD"", ""text"": ""два тижні""}, {""label"": ""DATE"", ""text"": ""того дня""}]","[{""label"": ""PERS"", ""text"": ""Йонасом"", ""start"": 5, ""end"": 12}, {""label"": ""TIME"", ""text"": ""два тижні після того дня"", ""start"": 39, ""end"": 63}]"
ee2654bc57d08fd6c3b5918e6ad36f671933d6e624864872ed415ea5fc50c315,А потім вибухнуло літо .,[],[]
193df6de1da3d8755a7adcbd85e14bfecf6b4b526875a12c516d74893f4261d9,Саме так воно настає на півночі .,[],"[{""label"": ""LOC"", ""text"": ""півночі"", ""start"": 24, ""end"": 31}]"
4549550ab83bd9de2d7d179cb5982cebc8d37274dae0a8d7903f26ebefa1eec7,"Дерева вмить набирають зелені , ніби величезні повітряні кульки , які хтось надув за одну ніч .",[],"[{""label"": ""MISC"", ""text"": ""Дерева"", ""start"": 0, ""end"": 6}, {""label"": ""ART"", ""text"": ""величезні повітряні кульки"", ""start"": 37, ""end"": 63}, {""label"": ""PERS"", ""text"": ""хтось"", ""start"": 70, ""end"": 75}, {""label"": ""PERIOD"", ""text"": ""одну ніч"", ""start"": 85, ""end"": 93}]"
1ce268e948ce05fd66b3f09ca09151d3b9d6825bf465d8bf07df31367036b1cc,"Ось тоді я уявила , що моя скрижаніла повітряна куля відтанула і злетіла в небо .",[],"[{""label"": ""PERS"", ""text"": ""я"", ""start"": 9, ""end"": 10}, {""label"": ""ART"", ""text"": ""моя скрижаніла повітряна куля"", ""start"": 23, ""end"": 52}, {""label"": ""LOC"", ""text"": ""небо"", ""start"": 75, ""end"": 79}]"
f3739abfe78084c2f5a03c75801b801771c98209cae31d837580619bdfe21364,"До скреслих озер повертаються качки , сотні качок .",[],"[{""label"": ""LOC"", ""text"": ""До скреслих озер"", ""start"": 0, ""end"": 16}, {""label"": ""QUANT"", ""text"": ""сотні качок"", ""start"": 38, ""end"": 49}]"
6478c8da55e340832b9297bb7a5589ab1223e9171f736bd14547056b0724c8d8,Галасом наповнюється повітря .,[],"[{""label"": ""ART"", ""text"": ""Галасом"", ""start"": 0, ""end"": 7}]"
7d7f411c66ebaeef0026bc514a1869af9c224385bbd5d6c2eb2ef9f12d4df307,І кольором !,[],[]
a264e2e448315f576801326a2f8ed0e3cbb2b0b25addf2e49f235316121b5b4d,Усе навколо переливається блакитним блиском озер .,[],"[{""label"": ""ORG"", ""text"": ""Усе навколо"", ""start"": 0, ""end"": 11}, {""label"": ""LOC"", ""text"": ""озер"", ""start"": 44, ""end"": 48}]"
732f649d2b9b530a6cba37279c80e09d8232b56b60f3f2ec126d9f18e3333bd9,"А доріжки переповнюються різнобарвними велосипедами , і , здається , все життя навколо мчить вперед під оберти велоколіс , ніби хтось , хто керує світом , крутить якісь магічні педалі .",[],"[{""label"": ""LOC"", ""text"": ""доріжки"", ""start"": 2, ""end"": 9}, {""label"": ""MISC"", ""text"": ""різнобарвними велосипедами"", ""start"": 25, ""end"": 51}, {""label"": ""ART"", ""text"": ""велоколіс"", ""start"": 111, ""end"": 120}, {""label"": ""PERS"", ""text"": ""хтось"", ""start"": 128, ""end"": 133}]"
3801c26586fe19cdd06df6b7e2274794787eaa259377bc174866116fb49ac036,"Я знаю , що літо у Швеції коротке .","[{""label"": ""LOC"", ""text"": ""Швеції""}]","[{""label"": ""PERS"", ""text"": ""Я"", ""start"": 0, ""end"": 1}, {""label"": ""PERIOD"", ""text"": ""літо"", ""start"": 12, ""end"": 16}, {""label"": ""LOC"", ""text"": ""Швеції"", ""start"": 19, ""end"": 25}]"
f37d8146e259f31523cd67c43ae8bad1383f5b543894a1f902dfe4509db446d8,"Знаю , що знову прийде нескінченна зима , і всі ці кольори знову поділяться на чорне і біле .",[],"[{""label"": ""PERS"", ""text"": ""Знаю"", ""start"": 0, ""end"": 4}, {""label"": ""PERIOD"", ""text"": ""нескінченна зима"", ""start"": 23, ""end"": 39}]"
8424cc0a5f94820ba30263be82fb58f9c974c66b180a62a7d7c9bc8717a5674c,"А ще я знаю , що через три роки ми переїжджаємо до США , мій тато виграв ґрін-карту .","[{""label"": ""PERIOD"", ""text"": ""три роки""}, {""label"": ""LOC"", ""text"": ""США""}]","[{""label"": ""PERIOD"", ""text"": ""три роки"", ""start"": 23, ""end"": 31}, {""label"": ""LOC"", ""text"": ""США"", ""start"": 51, ""end"": 54}, {""label"": ""PERS"", ""text"": ""мій тато"", ""start"": 57, ""end"": 65}, {""label"": ""ART"", ""text"": ""ґрін-карту"", ""start"": 73, ""end"": 83}]"
0b96169bd57ea2e335006e2a52e072d980c75ff90ec6bdd86408aa655ea92f8e,"І я не знаю , як мені тепер покинути моє чорно-біле життя ? Тарас Шевченко — це наш порятунок від грізних асиміляційних процесів у глобалізованому світі , це наш український світогляд .","[{""label"": ""PERS"", ""text"": ""Тарас Шевченко""}]","[{""label"": ""PERS"", ""text"": ""Тарас Шевченко"", ""start"": 60, ""end"": 74}, {""label"": ""LOC"", ""text"": ""глобалізованому світі"", ""start"": 131, ""end"": 152}, {""label"": ""MISC"", ""text"": ""український світогляд"", ""start"": 162, ""end"": 183}]"
a43157c803bfd650e3a202f74b06777c9d35f4c43cae3825c43268527a73e8f6,"Через те вкрай необхідно вивчати « Кобзар » , проникнутися ідеями нашого геніального поета .","[{""label"": ""MISC"", ""text"": ""Кобзар""}]","[{""label"": ""ART"", ""text"": ""« Кобзар »"", ""start"": 33, ""end"": 43}]"
424a558fd9ba07586a456a7e7a06c5f54b35c3f73292ebdedc0be1f2c9575712,"Надто недопрацьовує в цьому плані Всеукраїнське товариство « Просвіта » імені Тараса Шевченка , завданням якого є утвердження української мови в усіх сферах суспільного життя , збереження й розвиток культури українського народу , зміцнення української державності .","[{""label"": ""ORG"", ""text"": ""Всеукраїнське товариство « Просвіта » імені Тараса Шевченка""}]","[{""label"": ""ORG"", ""text"": ""Всеукраїнське товариство « Просвіта »"", ""start"": 34, ""end"": 71}, {""label"": ""PERS"", ""text"": ""Тараса Шевченка"", ""start"": 78, ""end"": 93}]"
a13d2cc81daf332b0031a82d762b2a6a4f4b818ef364c6162efe57107f568ed5,"Скільки ж треба докласти зусиль і натхненної праці , аби пристрасне Шевченкове слово увійшло до кожної української оселі !","[{""label"": ""PERS"", ""text"": ""Шевченкове""}]","[{""label"": ""ART"", ""text"": ""пристрасне Шевченкове слово"", ""start"": 57, ""end"": 84}]"
e532e47caa1533d828a77a669599449c9fb9576f840e191ad853846a8333a196,"І як сучасно й дотепер звучать висловлені досить давно міркування Бориса Грінченка про Тараса : « Нема чого нам тішитися , що ось , мовляв , маємо такого великого поета , що його в кожній селянській хаті розуміють , і що на йому може виховуватися нарід .","[{""label"": ""PERS"", ""text"": ""Бориса Грінченка""}, {""label"": ""PERS"", ""text"": ""Тараса""}]","[{""label"": ""PERS"", ""text"": ""Бориса Грінченка"", ""start"": 66, ""end"": 82}, {""label"": ""PERS"", ""text"": ""Тараса"", ""start"": 87, ""end"": 93}]"
14df31c80900abc2db1655c6ed22ac9297ec512eecfe3e6151cd15574319423d,"Ми , справді , маємо великого поета , але в селянській хаті його ще не знають або мало розуміють .",[],"[{""label"": ""ORG"", ""text"": ""Ми"", ""start"": 0, ""end"": 2}, {""label"": ""PERS"", ""text"": ""великого поета"", ""start"": 21, ""end"": 35}, {""label"": ""LOC"", ""text"": ""селянській хаті"", ""start"": 44, ""end"": 59}]"
29fbd8e0a74cf26af5aecc90c7386c1ab932bcd6901731adc942fabbd0f332d4,"Зробімо ж , щоб люди з тієї хати піднялися духовно стільки , щоб , справді , могли його зрозуміти » .",[],[]
d99842477fa4cd09ff7e68c051897d0cb930cfcf307498b44420efd1330bdecf,"Здебільшого читачі « Кобзаря » сприймають цю поезію як щось величне , сильне , пристрасне , правдиве , яке хвилює душу .","[{""label"": ""MISC"", ""text"": ""Кобзаря""}]","[{""label"": ""ART"", ""text"": ""Кобзаря"", ""start"": 21, ""end"": 28}, {""label"": ""ART"", ""text"": ""поезію"", ""start"": 45, ""end"": 51}]"
bcc2c0875a489e603bc54bff025619e6031e46c2db20e52b1cde13d3d772d017,А таке сприймання надто далеке від справжнього розуміння Шевченка .,"[{""label"": ""PERS"", ""text"": ""Шевченка""}]","[{""label"": ""PERS"", ""text"": ""Шевченка"", ""start"": 57, ""end"": 65}]"
6a7ab46daf251e532ea732488d56eb73ebae205844599778b0b44a7c0e8bcddd,"Адже ніхто не сягнув Шевченкової любові до України і болю за неї , ніхто до Шевченка не висловлював такої високої , всеосяжної , болючої правди .","[{""label"": ""PERS"", ""text"": ""Шевченкової""}, {""label"": ""LOC"", ""text"": ""України""}, {""label"": ""PERS"", ""text"": ""Шевченка""}]","[{""label"": ""PERS"", ""text"": ""Шевченкової"", ""start"": 21, ""end"": 32}, {""label"": ""LOC"", ""text"": ""України"", ""start"": 43, ""end"": 50}, {""label"": ""PERS"", ""text"": ""Шевченка"", ""start"": 76, ""end"": 84}]"
db8be2aae49c79f25151e9df7c2a5d67766450b72a92956a6ed08a6a84bef4aa,"Він , у своїй поезії органічно поєднавши минуле , сучасне і майбутнє , указував українському народові шляхи до майбуття .",[],"[{""label"": ""PERS"", ""text"": ""Він"", ""start"": 0, ""end"": 3}, {""label"": ""ART"", ""text"": ""поезії"", ""start"": 14, ""end"": 20}, {""label"": ""PERIOD"", ""text"": ""минуле"", ""start"": 41, ""end"": 47}]"
2aa27bfcc31fa043b002cd60d746b3c587ed986e3777b40e3a124ff54494d24f,"Думи і сподівання українського народу , його духовний досвід великою мірою передає сьогодні поезія Шевченка , не втрачаючи , а навпаки , посилюючи в наші дні свою актуальність , невмирущість .","[{""label"": ""PERS"", ""text"": ""Шевченка""}]","[{""label"": ""PERIOD"", ""text"": ""наші дні"", ""start"": 149, ""end"": 157}]"
93624f13fef0d8c328881cbc926501f6a3c563d0431694744ae0e6768596f3cb,"Великість духовного світу Шевченка , надпотужна сила Шевченкового слова спонукають нас реалізувати їх у практично-духовній діяльності .","[{""label"": ""PERS"", ""text"": ""Шевченка""}, {""label"": ""PERS"", ""text"": ""Шевченкового""}]",[]
01074bbc1e13391e02023c1e6cafa3a8883dcfff0ffcf57033205935a0174047,"З Шевченковим словом ми духовно міцніємо , очищуємося від усілякої скверни .","[{""label"": ""PERS"", ""text"": ""Шевченковим""}]","[{""label"": ""PERS"", ""text"": ""Шевченковим словом"", ""start"": 2, ""end"": 20}, {""label"": ""MISC"", ""text"": ""усілякої скверни"", ""start"": 58, ""end"": 74}]"
dfc7803f1883c1373ac5ce8e095074955d79daef7dd6b919c7fd5b134b0f834c,"У великих письменників треба вчитися дбайливого ставлення до мовних скарбів народу , вчитися майстерного володіння мовою .",[],"[{""label"": ""PERS"", ""text"": ""великих письменників"", ""start"": 2, ""end"": 22}]"
25264ac33ad358d697d03d8818ba6b24b7b7f067194e20460aa91cec2e2b9df7,"І , звичайно , найбільше вчитися у Тараса Шевченка — найгеніальнішого українського поета , найбільшого володаря світу слова .","[{""label"": ""PERS"", ""text"": ""Тараса Шевченка""}]","[{""label"": ""PERS"", ""text"": ""Тараса Шевченка"", ""start"": 35, ""end"": 50}, {""label"": ""JOB"", ""text"": ""найгеніальнішого українського поета"", ""start"": 53, ""end"": 88}, {""label"": ""JOB"", ""text"": ""найбільшого володаря світу слова"", ""start"": 91, ""end"": 123}]"
a866b30530a91cc278ec0c6a534b84281f5d2ea616cc53ace9caa8e0ea4730e4,"Він став основоположником сучасної української літературної мови , її найвеличнішим Майстром .",[],"[{""label"": ""PERS"", ""text"": ""Він"", ""start"": 0, ""end"": 3}, {""label"": ""JOB"", ""text"": ""основоположником сучасної української літературної мови"", ""start"": 9, ""end"": 64}, {""label"": ""JOB"", ""text"": ""найвеличнішим Майстром"", ""start"": 70, ""end"": 92}]"
639a2d91043e329a626cadae1f3095c1c7d0afcd50ca78b7480b9921056b2a80,"Геніальність Тараса Шевченка виявляється у вічності його слова , у незмірних вершинах і глибинах думки й почуття .","[{""label"": ""PERS"", ""text"": ""Тараса Шевченка""}]","[{""label"": ""PERS"", ""text"": ""Тараса Шевченка"", ""start"": 13, ""end"": 28}]"
9a1e280c9c3b7d2bd87a009fcbce52847a036806c9f4abe2df07c559817fff0a,"Прилучаймось до Шевченкового слова , навчаймося в нашого Пророка любові до України , любові до рідного слова , осмислюймо безсмертну спадщину Тараса Шевченка , зважаймо на його пророцтва і перестороги .","[{""label"": ""PERS"", ""text"": ""Шевченкового""}, {""label"": ""PERS"", ""text"": ""Пророка""}, {""label"": ""LOC"", ""text"": ""України""}, {""label"": ""PERS"", ""text"": ""Тараса Шевченка""}]","[{""label"": ""PERS"", ""text"": ""Пророка"", ""start"": 57, ""end"": 64}, {""label"": ""LOC"", ""text"": ""України"", ""start"": 75, ""end"": 82}, {""label"": ""MISC"", ""text"": ""любові до рідного слова"", ""start"": 85, ""end"": 108}, {""label"": ""PERS"", ""text"": ""Тараса Шевченка"", ""start"": 142, ""end"": 157}]"
36fb8073d722e4731f45b96094eb5defacf9bdc90ff28eba9195f52b53a7e639,2 .,[],[]
9fdc56a7cf891ff37e3efd2f0b32a5cf90cd03111a918ec133d82ab81384b099,"Хочеться майже на закінчення нашої розмови висловити вам , шановні читачі , одну корисну пораду .",[],[]
761ecfb00d73df462017747c089cd5218569b240eab6145b86144d5794fe00d8,"Частіше користуйтеся словниками , у яких дібрано добірне зерно слова , виплекане численними поколіннями .",[],"[{""label"": ""MISC"", ""text"": ""словниками"", ""start"": 21, ""end"": 31}]"
d7acd3010b562ab8b06d495ed2d7bbda854c4293cc84e7be23608ba8d2c4622c,"Це словники тлумачні , орфографічні , орфоепічні , фразеологічні , етимологічні , перекладні , термінологічні , граматичні , словотвірні , словники синонімів , іншомовних слів , мови письменників тощо .",[],"[{""label"": ""MISC"", ""text"": ""словники синонімів"", ""start"": 139, ""end"": 157}, {""label"": ""MISC"", ""text"": ""іншомовних слів"", ""start"": 160, ""end"": 175}, {""label"": ""MISC"", ""text"": ""мови письменників"", ""start"": 178, ""end"": 195}]"
31d43b67cc791880c16ddb0f512cd7192bc694dd2225b70e76f7348d82046fb0,"У словниках ви знайдете відповіді на багато питань : що означає відповідне слово , як його використовують у мовленні , наголошують та ін .",[],[]
bf5a669b9064f48308e59044095106b0753e5cce3c5f992bc459cfc22c4228b7,Без « заглядання » у словники неможливе досконале опанування мови .,[],"[{""label"": ""MISC"", ""text"": ""словники"", ""start"": 21, ""end"": 29}]"
1c1c7bf3bb0354b93e22e15240c4bd5ca481051290bcb01bb7c27fa260003f96,"Найважливіші з-поміж словників словники тлумачні — зібрання слів із поясненнями , тлумаченнями їхніх значень .",[],"[{""label"": ""MISC"", ""text"": ""словники тлумачні"", ""start"": 31, ""end"": 48}]"
506350ef5c75d263e3a3f42fff60eec76d1d5406028e86047070347328bbe5e7,У таких словниках слова розташовують в алфавітному порядку .,[],[]
6196304772b232d27e413fa7d8c58072703d7f2a9dfb74209219e2a08429b007,"Тлумачні словники української мови фіксують назви майже всіх предметів , дій , станів , якостей , прогресивні ідеї минулого і сьогодення , а також ту частину слів , яка тепер відійшла до пасивного фонду , але свого часу широко використовувана майстрами художнього слова і в народній творчості .",[],"[{""label"": ""ORG"", ""text"": ""Тлумачні словники української мови"", ""start"": 0, ""end"": 34}, {""label"": ""MISC"", ""text"": ""пасивного фонду"", ""start"": 187, ""end"": 202}]"
a5e78e192e36102ccad7065cc75b425419063f2592a89b0e8b39d02c21e85f28,"Гортаючи сторінки тлумачного словника , ми вчитуємося в історію народу , яку відбито в словах давніх і тих , що засвідчують реалії наших днів .",[],"[{""label"": ""ART"", ""text"": ""сторінки тлумачного словника"", ""start"": 9, ""end"": 37}]"
a7100a696f09ea042f206aa558e53f0c3c057bc98deafaf70548f3057f691e16,"Кожна словникова стаття спрямована на стисле і вичерпне пояснення значення слова , його значеннєвих відтінків , граматичних і стилістичних особливостей .",[],"[{""label"": ""ART"", ""text"": ""Кожна словникова стаття"", ""start"": 0, ""end"": 23}]"
08ec49b7a8f65488e3d4d737f0524ad3c99a2405306dbb70c2aacf6615d2afa2,"Якщо вас зацікавить , що означає відповідне слово і коли його вживати , звертайтесь до тлумачного словника .",[],[]
1990e090605ae370dd80c555957176d74f77ccbff74a716208168c82607e5108,"Тут ви знайдете також відомості про наголошування слів , їхній правопис і под .",[],[]
ae29944b72894d3d43ae79e6adbb59b948193e3300b222edceb24cc1b96f5fa0,"У тлумачному словнику значення слів підтверджені текстовими ілюстраціями з творів художньої , публіцистичної , наукової і науково-популярної літератури , з фольклорних джерел .",[],"[{""label"": ""ORG"", ""text"": ""тлумачному словнику"", ""start"": 2, ""end"": 21}, {""label"": ""ART"", ""text"": ""текстовими ілюстраціями"", ""start"": 49, ""end"": 72}]"
29cec888a2c9c66f23ea8f748d444ceee3fd654ea0ce7ac7ffc02cb70ded99e0,Кожне слово немовби оживає в реченнях-зразках і передає велику кількість інформації .,[],"[{""label"": ""ART"", ""text"": ""Кожне слово"", ""start"": 0, ""end"": 11}, {""label"": ""ART"", ""text"": ""реченнях-зразках"", ""start"": 29, ""end"": 45}]"
4a05429a6d169ca509972d13177285ab9482e3339d67e12d07950fedac93989c,Ви можете дізнатися про тривалість його життя і стильове призначення .,[],"[{""label"": ""PERS"", ""text"": ""Ви"", ""start"": 0, ""end"": 2}, {""label"": ""PERIOD"", ""text"": ""тривалість його життя"", ""start"": 24, ""end"": 45}, {""label"": ""MISC"", ""text"": ""стильове призначення"", ""start"": 48, ""end"": 68}]"
5acf7969b8ec9483532a5ef64e49d9a5602de90677b7fbf943987eecfa0bc808,"Отож прислухаймось до поради мудрого поета , великого знавця української мови Максима Рильського : « Не бійтесь заглядати у словник ... »","[{""label"": ""PERS"", ""text"": ""Максима Рильського""}]","[{""label"": ""PERS"", ""text"": ""Максима Рильського"", ""start"": 78, ""end"": 96}, {""label"": ""MISC"", ""text"": ""словник"", ""start"": 124, ""end"": 131}]"
4b88cdc0848f04314d547d1e179d2a886892b989d223581e15172ffbc73fd056,"У словниках ми знайдемо достиглий плід українського слова , зрозуміємо , як треба доглядати сад рідної мови .",[],"[{""label"": ""MISC"", ""text"": ""словниках"", ""start"": 2, ""end"": 11}, {""label"": ""ART"", ""text"": ""достиглий плід українського слова"", ""start"": 24, ""end"": 57}, {""label"": ""MISC"", ""text"": ""сад рідної мови"", ""start"": 92, ""end"": 107}]"
f6cfefbf17c741d51650968de13abda2752b6b8b521cf803240a1ffef2c3bde7,3 .,[],[]
ebba5a2eb87cef7a8d5c95529344c6f3fd3b5df48f6e27fd80bc4300fb344297,"У гомоні століть , у високості народної пісні , у злетах думки , у праці й борні зростало і розпросторювалося у світ найкоштовніше творіння українського народу , основа його духовності — рідна мова .",[],"[{""label"": ""PERIOD"", ""text"": ""століть"", ""start"": 9, ""end"": 16}, {""label"": ""LOC"", ""text"": ""світ"", ""start"": 112, ""end"": 116}, {""label"": ""ART"", ""text"": ""рідна мова"", ""start"": 187, ""end"": 197}]"
b4bda2093d7b106e4c84ab123ce049033284d88d22cd1624fe175bb05c41624d,"Благословенна земля і блакить неба , ніжна і героїчна душа народу , його творча наснага міцнили українське слово , поставивши його в лави наймелодійніших у світі .",[],"[{""label"": ""LOC"", ""text"": ""Благословенна земля і блакить неба"", ""start"": 0, ""end"": 34}, {""label"": ""ART"", ""text"": ""українське слово"", ""start"": 96, ""end"": 112}]"
e7414aaca47a23519923874ac2396af525606fc5c7385034294848033a9d39ac,"Усі прояви життя — від тремтіння травинки на лузі до пророчої Тарасової думи — зберігає народ у рідному слові , передаючи нащадкам естафету гідності , мужності і любові .","[{""label"": ""PERS"", ""text"": ""Тарасової""}]","[{""label"": ""LOC"", ""text"": ""лузі"", ""start"": 45, ""end"": 49}, {""label"": ""ART"", ""text"": ""пророчої Тарасової думи"", ""start"": 53, ""end"": 76}]"
76dfc57eafb67ffb0c83e2d3362f61a8e083aa170b0747c697510818a5235de5,"Минають віки , вмирають люди , але живе народ , допоки лунає рідна мова й пісня рідна .",[],"[{""label"": ""PERIOD"", ""text"": ""Минають віки"", ""start"": 0, ""end"": 12}, {""label"": ""PERS"", ""text"": ""люди"", ""start"": 24, ""end"": 28}, {""label"": ""MISC"", ""text"": ""рідна мова"", ""start"": 61, ""end"": 71}]"
9d89eaf1a73fb41b79aeace52cbff0b3adec5e132b8379368761a5af1057070f,Допоки буде перегук поколінь і потреба серця леліяти слово матері .,[],[]
2b11359d97802cfb2ee54e501c6edbc591acbbcef92778592f1f0fa0782caa0a,Допоки буде жага творчості — і в ній щоденна причетність кожного з нас до життя слова рідного .,[],"[{""label"": ""PERS"", ""text"": ""кожного з нас"", ""start"": 57, ""end"": 70}]"
53a96a8ad4a8bc25fd7e3b205c998d9077d7cfaacda65455896854b015847e25,"« Чистіша від сльози хай мова буде » , — заповідав нам видатний наш поет Максим Рильський .","[{""label"": ""PERS"", ""text"": ""Максим Рильський""}]","[{""label"": ""MISC"", ""text"": ""мова"", ""start"": 25, ""end"": 29}, {""label"": ""PERS"", ""text"": ""Максим Рильський"", ""start"": 73, ""end"": 89}]"
8cd5a8a4a88646611d0c1a2f23ff14162ae17de53d39180516b3dc3e52a3d59c,"Рідна мова , як і все дорогоцінне у світі , потребує дбайливого догляду і вірної любові .",[],"[{""label"": ""MISC"", ""text"": ""Рідна мова"", ""start"": 0, ""end"": 10}, {""label"": ""LOC"", ""text"": ""світі"", ""start"": 36, ""end"": 41}]"
6521fb98bb3ce43f1445d0d174ea1fe085106d4ac188bad0325f426a46b5a998,Наші взаємини з мовою постійні і вкрай необхідні .,[],[]
1a175dd3cd68f705e252ef65794595f061b1a50fac1d1e19c7248fa6a209e619,Бо формування гармонійно розвиненої людини дедалі більше пов’язується з досконалим опануванням мови .,[],"[{""label"": ""MISC"", ""text"": ""мови"", ""start"": 95, ""end"": 99}]"
b46b5450bafc4a72d565ebbf1f72129bc5f7c3b1841fc1d0a4d691a3fecd837b,"Бо з усім великим і неосяжним світом — далекими дорогами минулого , тривогами сьогодення , омріяними думами про прийдешнє — єднає нас слово .",[],"[{""label"": ""MISC"", ""text"": ""далекими дорогами минулого"", ""start"": 39, ""end"": 65}, {""label"": ""MISC"", ""text"": ""тривогами сьогодення"", ""start"": 68, ""end"": 88}, {""label"": ""MISC"", ""text"": ""омріяними думами про прийдешнє"", ""start"": 91, ""end"": 121}, {""label"": ""ART"", ""text"": ""слово"", ""start"": 134, ""end"": 139}]"
086bec8ca58cb056a406eeec6334108fea62a20ba7530bf8ffa9ce7cf3dad0f5,"Воно вигострює наш розум , настроює світлі струни на натхненну працю , на служіння Вітчизні .","[{""label"": ""MISC"", ""text"": ""Вітчизні""}]",[]
e17f477a4b8d86080a233230ddf72e49141cdf71174cc1cbeb7a1e5c9bca5def,"Рідна мова — найбільша духовна коштовність , у якій народ звеличує себе , якою являє світові найцінніші набутки свого серця і мудрості , передає з покоління в покоління досвід , культуру і життєдайні традиції .",[],"[{""label"": ""ORG"", ""text"": ""Рідна мова"", ""start"": 0, ""end"": 10}]"
711cba2810e38270093e5002c37bcabfb28859fbc107b3e90389127ae3576b36,"Рідна мова — незборна сила , яка робить народ народом і увічнює найтонші порухи його душі .",[],"[{""label"": ""ORG"", ""text"": ""Рідна мова"", ""start"": 0, ""end"": 10}]"
0ed4ea3f580a7ab7a48cc8ad79b2777cdcd96621b696d26d32f87f78f3064f83,Скрізь на шляхах зростання з нами мова .,[],"[{""label"": ""MISC"", ""text"": ""мова"", ""start"": 34, ""end"": 38}]"
c2b9bce5570a0c0a46db1a70614080fd93395f2081e774ac5e08ff3f7e1c4b4c,Вона веде на вершини знань і відчиняє двері до духовної скарбниці людства .,[],"[{""label"": ""PERS"", ""text"": ""Вона"", ""start"": 0, ""end"": 4}]"
69e4561dca9fb09b3e02cec1eb7446536febdc111e77e152d6099eec30eae72c,"Мова — наш найкращий друг , наставник , постійний порадник і найдосконаліше знаряддя .",[],"[{""label"": ""ART"", ""text"": ""Мова"", ""start"": 0, ""end"": 4}]"
9bffdcafdddc4e9840b9258973c3e8fdede964e1fab3d025f8fab63d3d78bc6c,"Упродовж віків український народ творив і шліфував свою мову , заносячи в мовну скарбницю добірні перлини пізнання , почуття , мрії .",[],"[{""label"": ""MISC"", ""text"": ""мовну скарбницю"", ""start"": 74, ""end"": 89}]"
adeb7002e62eb0ef43fd424474946ae1a20d3959a543627c3dee9b28f158e548,Той витворений народом світ мови оточує нас від народження .,[],[]
160d5ab3e4a1b5fe5d501ca1089fccbf88aff250eed8f2172adf95eb14c6adcd,У безкрайому океані звуків неповторно звучить мелодія рідного слова .,[],[]
e9dbb055a1832ad59ac3393e7db354f84a33af5722f29db22c09fcb92f334e4b,"Але це не просто предивні звуки , це й найтонші відтінки думок і переживань , щедро приготовані для нащадків .",[],"[{""label"": ""PERS"", ""text"": ""нащадків"", ""start"": 100, ""end"": 108}]"
a21b4a8c734b9db2dbfc242cad8db9dd17fe5a002262720d6784ad26d154d227,"І кожне слово — немовби виплекана народом-дивотворцем квітка з неповторним ароматом , з неповторними барвами .",[],"[{""label"": ""ART"", ""text"": ""квітка"", ""start"": 54, ""end"": 60}]"
ade0922d2d0ecf20fc0bb00821ec92659a314ff3867ba275a3c6607655d0b6d6,"Любов до рідного слова — це любов до Батьківщини , до всього прекрасного , що створив народ протягом віків , до нашої пісні , у якій слово досягло найвищих вимірів краси і поетичної довершеності .","[{""label"": ""MISC"", ""text"": ""Батьківщини""}]","[{""label"": ""LOC"", ""text"": ""Батьківщини"", ""start"": 37, ""end"": 48}, {""label"": ""PERIOD"", ""text"": ""віків"", ""start"": 101, ""end"": 106}, {""label"": ""ART"", ""text"": ""нашої пісні"", ""start"": 112, ""end"": 123}, {""label"": ""ART"", ""text"": ""слово"", ""start"": 133, ""end"": 138}]"
9b6a92987097fef5b1008a6cf7dd880f8b37f8e4885d8b9ed02a6bbda91c8a26,Усе життя наше пов’язане з мовою .,[],"[{""label"": ""PERIOD"", ""text"": ""Усе життя"", ""start"": 0, ""end"": 9}, {""label"": ""MISC"", ""text"": ""мовою"", ""start"": 27, ""end"": 32}]"
2620cdf55d86dcc23d29ee0d80cb97aeb06b4aba2c9dee0d4bcd770f1b208f67,Завжди ми шукаємо найточнішого для думок або почуттів слова .,[],"[{""label"": ""PERS"", ""text"": ""ми"", ""start"": 7, ""end"": 9}]"
73b6344571d3755bb5e85b68bc743b19786323d7785bb0578584b1ff21bb32c2,Можливості нашого пізнання безмежні .,[],[]
34be1c6df11383c19448f4c671a9a7ca22afad9363fe6af0811a9d614fa41a39,І невичерпні можливості розвитку мови .,[],[]
83d75902e26e789e3e296478bf4dedf9d8b154969e153cd5763d00fe96f4159d,Тому постійно потрібно піклуватися про здоров’я нашого слова .,[],[]
7119e12836010ecbc1314c05e00b54763fabd0f06eec53b35c1ad3a134541d65,"Довершеність рідного слова виборена любов’ю і працею , титанічною напругою всіх душевних сил народу .",[],"[{""label"": ""ART"", ""text"": ""Довершеність рідного слова"", ""start"": 0, ""end"": 26}]"
adcbfa797c3651b62090a987840d8c08756855463ff5706a0612d4278d05dce5,"У ньому — наше безсмертя , гармонія любові й добра , нездоланність людського духу на шляхах поступу .",[],[]
30a9a1cec0e1c9303e5c80b2ba1df19693e776112209a9f5b40fab6851c2f765,"Оптимістичні уявлення про долю і красу української мови наштовхуються на несприятливі умови її функціонування в не зовсім незалежній нашій державі , на нашій — не своїй , за влучним висловом Тараса Шевченка , землі .","[{""label"": ""PERS"", ""text"": ""Тараса Шевченка""}]","[{""label"": ""MISC"", ""text"": ""української мови"", ""start"": 39, ""end"": 55}, {""label"": ""LOC"", ""text"": ""нашій державі"", ""start"": 133, ""end"": 146}, {""label"": ""PERS"", ""text"": ""Тараса Шевченка"", ""start"": 191, ""end"": 206}, {""label"": ""LOC"", ""text"": ""землі"", ""start"": 209, ""end"": 214}]"
713feab26bbff758d1ec45829d509d385c152e132f1ae34a177a6e7f5c3fba80,"Саме в неповному функціонуванні української мови , тобто невиконанні нею всіх своїх суспільних і культурних завдань , великою мірою виявляється причина духовних негараздів в Україні .","[{""label"": ""LOC"", ""text"": ""Україні""}]","[{""label"": ""LOC"", ""text"": ""Україні"", ""start"": 174, ""end"": 181}]"
2526ceb04836c2d5d36668345afcc9a60de94dbdbabaf0f4a405d14d7de1888e,"А це постало і закріпилося внаслідок того , що тоталітарна система зламала хребет української нації — знищила голодоморами селянство з його незвичайною працелюбністю і залюбленістю в рідну землю й рідну мову .",[],"[{""label"": ""ORG"", ""text"": ""тоталітарна система"", ""start"": 47, ""end"": 66}, {""label"": ""LOC"", ""text"": ""рідну землю"", ""start"": 183, ""end"": 194}]"
bda8bec1a5e399c8e97c5288c215ce498f37798cf35c5fadd602b3f518a76af3,За тоталітаризму також послідовно було винищено найвидатніших представників української інтелігенції .,[],"[{""label"": ""PERIOD"", ""text"": ""За тоталітаризму"", ""start"": 0, ""end"": 16}, {""label"": ""PERS"", ""text"": ""найвидатніших представників української інтелігенції"", ""start"": 48, ""end"": 100}]"
45cf1c1fc532b7f006539205b52fae2cdec84581fcb0623fdcb808cb445d960d,"Тепер стоїть найголовніше завдання — відродити село , де натхненно працюватиме славен на весь світ український хліборобський рід .",[],"[{""label"": ""LOC"", ""text"": ""село"", ""start"": 47, ""end"": 51}, {""label"": ""ORG"", ""text"": ""український хліборобський рід"", ""start"": 99, ""end"": 128}]"
a7b2488f291e73ae86de5b4109a1bf0ed397e8738152c3ba3836471447a65f3e,За наявності світової продовольчої кризи саме українські селяни зможуть вивести Україну з економічного лиха і прославити свою Батьківщину .,"[{""label"": ""LOC"", ""text"": ""Україну""}, {""label"": ""MISC"", ""text"": ""Батьківщину""}]","[{""label"": ""PERS"", ""text"": ""українські селяни"", ""start"": 46, ""end"": 63}, {""label"": ""LOC"", ""text"": ""Україну"", ""start"": 80, ""end"": 87}]"
2c55cd4442b694679542ad8b39fe6cd0953dfd5ccf5557726a851ca1e0b63106,"І в селі матимемо природну , стихійну народну мовотворчість .",[],"[{""label"": ""LOC"", ""text"": ""селі"", ""start"": 4, ""end"": 8}, {""label"": ""MISC"", ""text"": ""народну мовотворчість"", ""start"": 38, ""end"": 59}]"
6d5f60543610491256a8440a65b97a52b1e0d2e1e779e36a063ff5158a011180,"Хлібороби вирощуватимуть добірні сільськогосподарські культури , а справжня національна інтелігенція сіятиме в наші притлумлені душі добірні духовні зерна .",[],"[{""label"": ""JOB"", ""text"": ""Хлібороби"", ""start"": 0, ""end"": 9}, {""label"": ""MISC"", ""text"": ""добірні сільськогосподарські культури"", ""start"": 25, ""end"": 62}, {""label"": ""JOB"", ""text"": ""справжня національна інтелігенція"", ""start"": 67, ""end"": 100}, {""label"": ""MISC"", ""text"": ""добірні духовні зерна"", ""start"": 133, ""end"": 154}]"
59be2b31d1533114e311e11f37083ba55adf85317df92e890801940242fd4eb6,"Тільки тоді розквітне Україна , українська культура і рідна мова . Участь у міжнародних фестивалях - з опцією погляду Іншого - і на Іншого .","[{""label"": ""LOC"", ""text"": ""Україна""}]","[{""label"": ""LOC"", ""text"": ""Україна"", ""start"": 22, ""end"": 29}, {""label"": ""MISC"", ""text"": ""українська культура"", ""start"": 32, ""end"": 51}, {""label"": ""MISC"", ""text"": ""рідна мова"", ""start"": 54, ""end"": 64}, {""label"": ""ORG"", ""text"": ""міжнародних фестивалях"", ""start"": 76, ""end"": 98}]"
e741ba0b3e4367f02bab89cea90a514b2ca8a129a7f634d9a19d45a40e636f3c,"Відродження культури літклубів , літкафе , літстудій тощо .",[],[]
9387178ee551fa04c7f06de5368173d9c5a48c1821de0e1fe412dd0076d6975d,"А кореляції між якістю поезії і прози , думаю , немає .",[],"[{""label"": ""ART"", ""text"": ""поезії"", ""start"": 23, ""end"": 29}]"
3ea7a0b796105e2be28da4ea2ddb8b86867a20b6e151dba19470d4dfb278882e,- Ви також і відомий перекладач .,"[{""label"": ""JOB"", ""text"": ""перекладач""}]","[{""label"": ""PERS"", ""text"": ""Ви"", ""start"": 2, ""end"": 4}, {""label"": ""JOB"", ""text"": ""відомий перекладач"", ""start"": 13, ""end"": 31}]"
37d77862a3293c13445751d4afed37e771774bca1d6f90c8eb4a113d3abfd0f9,"Скажіть , а де в нас найбільші озонові діри в перекладній літературі , що треба латати негайно ?",[],"[{""label"": ""MISC"", ""text"": ""перекладній літературі"", ""start"": 46, ""end"": 68}]"
f60efcd02db693d3c272cfebf6cc89396e680f52a1a439c00732c9b8efbf9f76,- Латати треба все .,[],"[{""label"": ""ORG"", ""text"": ""Латати"", ""start"": 2, ""end"": 8}]"
59e55a598e3523ba5aec0a368bff8b1fb69c7885fd1b3c8574a1f0ef08435743,І починати відразу з усього .,[],[]
2d0379d6b4af23196103a3fa1688f294a37c932bffe2745ece89441f5ab5036e,"У нас немає мови , щоби перекласти мову бітників .",[],"[{""label"": ""ORG"", ""text"": ""У нас"", ""start"": 0, ""end"": 5}]"
0adfd19e02cfb271417c1982a029a259a574511bfb2a47aa3b8c51dc2ba3ea05,Тому спроба Андруховича перекласти цю поезію є подвигом .,"[{""label"": ""PERS"", ""text"": ""Андруховича""}]","[{""label"": ""PERS"", ""text"": ""Андруховича"", ""start"": 12, ""end"": 23}]"
e334ff1e17e3b87910d725a9585855eea469f6dd6bf71045aced6b7f1e7862b3,"У нас немає мови , щоби перекласти польську барокову метафізичну поезію .",[],"[{""label"": ""ORG"", ""text"": ""У нас"", ""start"": 0, ""end"": 5}, {""label"": ""ART"", ""text"": ""польську барокову метафізичну поезію"", ""start"": 35, ""end"": 71}]"
9559a99db7764dd9848638f2b32f49281bfc4460470ad306b64c314ae05c1bac,"Тому спроба Рильського перекладати Міцкевича є подвигом ( при тому , що за саму польську барокову метафізичну поезію ніхто з українських перекладачів наразі не брався ) .","[{""label"": ""PERS"", ""text"": ""Рильського""}, {""label"": ""PERS"", ""text"": ""Міцкевича""}, {""label"": ""JOB"", ""text"": ""перекладачів""}]","[{""label"": ""PERS"", ""text"": ""Рильського"", ""start"": 12, ""end"": 22}, {""label"": ""PERS"", ""text"": ""Міцкевича"", ""start"": 35, ""end"": 44}, {""label"": ""MISC"", ""text"": ""польську барокову метафізичну поезію"", ""start"": 80, ""end"": 116}]"
47efe8cbf77c8bfc50a3f4b47a99a18490e8b15d2a2e225f8466247e4518afd4,"У нас немає навіть мови , щоби перекласти нобеліатку Шимборську - те , що в неї звучить як іронія , в українських перекладах перетворюється на слабенький , безм’язовий пафос .","[{""label"": ""PERS"", ""text"": ""Шимборську""}]","[{""label"": ""PERS"", ""text"": ""Шимборську"", ""start"": 53, ""end"": 63}, {""label"": ""MISC"", ""text"": ""іронія"", ""start"": 91, ""end"": 97}]"
7181f42181845f04b0554f8f207fc8590dabfb8079bc019684a27fdbaab5cd95,Бо в нас не було Гомбровича .,"[{""label"": ""PERS"", ""text"": ""Гомбровича""}]","[{""label"": ""PERS"", ""text"": ""Гомбровича"", ""start"": 17, ""end"": 27}]"
701bcc94b304001c466be6aabf36d0387e04164922aba349b2392883055b64a0,А були Остап Вишня і Павло Глазовий .,"[{""label"": ""PERS"", ""text"": ""Остап Вишня""}, {""label"": ""PERS"", ""text"": ""Павло Глазовий""}]","[{""label"": ""PERS"", ""text"": ""Остап Вишня"", ""start"": 7, ""end"": 18}, {""label"": ""PERS"", ""text"": ""Павло Глазовий"", ""start"": 21, ""end"": 35}]"
d76e035394f701c83bdcd9a6b32b718de0da1056c904df7e3c321feaf4b797b0,Українська мова у плані іронії й гумору взагалі майже не знає півтонів .,[],[]
cf97fa623a1a4045dcec171af1d324966d741cd7d20ce636b25ba14a6da5fd08,"Ми мали або котляревщину , або відразу їдку сатиру совєтських агіток .",[],"[{""label"": ""MISC"", ""text"": ""котляревщину"", ""start"": 12, ""end"": 24}, {""label"": ""MISC"", ""text"": ""совєтських агіток"", ""start"": 51, ""end"": 68}]"
d51ae752e94106233982333d3fb2e28150084da347c3d464b6408e7800084011,"У нашій мові колосальні пустоти ( маю на увазі українську мову як суму мов культури ) , бо в нас було забрано цілі літературні епохи .",[],"[{""label"": ""MISC"", ""text"": ""українську мову"", ""start"": 47, ""end"": 62}, {""label"": ""MISC"", ""text"": ""суму мов культури"", ""start"": 66, ""end"": 83}, {""label"": ""PERIOD"", ""text"": ""цілі літературні епохи"", ""start"": 110, ""end"": 132}]"
195374080c302b8d9fe8b5e755ff77c9c96d4729fa7f42312df4091147793f49,Тепер перекладачам треба надолужувати - намагатися компенсувати наші сто років самотності культури .,"[{""label"": ""JOB"", ""text"": ""перекладачам""}]","[{""label"": ""JOB"", ""text"": ""перекладачам"", ""start"": 6, ""end"": 18}]"
d5f3ab33c9855433670a0fe11a2372fbbd96bbfc188cb9761fc95930af01a561,"Там , де в поляків - дві сотні поетів-авангардистів , у нас - лише п’ять або сім .","[{""label"": ""JOB"", ""text"": ""поетів-авангардистів""}]","[{""label"": ""LOC"", ""text"": ""Там"", ""start"": 0, ""end"": 3}, {""label"": ""ORG"", ""text"": ""поляків"", ""start"": 11, ""end"": 18}, {""label"": ""QUANT"", ""text"": ""дві сотні"", ""start"": 21, ""end"": 30}, {""label"": ""QUANT"", ""text"": ""п’ять або сім"", ""start"": 67, ""end"": 80}]"
7273d6dc8aaaaa85aa182f78b4476825500a9f87aa50f329dbe9f65c39362644,"Там , де в них - ціла традиція урбаністичної прози , у нас хіба Хвильовий , Підмогильний і Домонтович .","[{""label"": ""PERS"", ""text"": ""Хвильовий""}, {""label"": ""PERS"", ""text"": ""Підмогильний""}, {""label"": ""PERS"", ""text"": ""Домонтович""}]","[{""label"": ""PERS"", ""text"": ""Хвильовий"", ""start"": 64, ""end"": 73}, {""label"": ""PERS"", ""text"": ""Підмогильний"", ""start"": 76, ""end"": 88}, {""label"": ""PERS"", ""text"": ""Домонтович"", ""start"": 91, ""end"": 101}]"
de551fb78c7fb3fd831b4712bbe0bd8c943161bdd4c17b3df21bb155dd94ce4a,А далі - розрив .,[],"[{""label"": ""MISC"", ""text"": ""розрив"", ""start"": 9, ""end"": 15}]"
1c21a72a119684b3720d53c1ff4c1f539beaba22c8ea11763dccf24213c4db33,"Образно кажучи , через голодомори й репресії , через штучно створені зони мовчання у нас зараз замало кубиків , щоби ними бавитися і складати з них різні-прерізні слова .",[],"[{""label"": ""LOC"", ""text"": ""штучно створені зони мовчання"", ""start"": 53, ""end"": 82}, {""label"": ""ART"", ""text"": ""кубиків"", ""start"": 102, ""end"": 109}, {""label"": ""MISC"", ""text"": ""різні-прерізні слова"", ""start"": 148, ""end"": 168}]"
d81739788a5e7f70e268ec69ffab901316af6a4815db9b40155dda2719b77a60,Нам бракує « матчастини » .,[],"[{""label"": ""MISC"", ""text"": ""матчастини"", ""start"": 13, ""end"": 23}]"
dff2264d718d92744cce046e85b7c57dee9cf498889c2173dff540ea1572a040,Та надолужити це можливо .,[],[]
e92e815c87809302f1f393b3f293f31c720709cd7cc326bd2f8eea30ea9af9e4,Навіть якщо йдеться про майже неперекладні тексти .,[],"[{""label"": ""MISC"", ""text"": ""майже неперекладні тексти"", ""start"": 24, ""end"": 49}]"
7621e8859ec55f7389f00b542b47ca86faa5f678b0e1c1959380353698bc3146,Якраз за них і потрібно братися в першу чергу .,[],[]
8d97a729562ff6137e29355d0de72237c4f2429e5abb9cd7e441cfc8d6b43a51,Головне - менше пуризму .,[],"[{""label"": ""MISC"", ""text"": ""Головне"", ""start"": 0, ""end"": 7}]"
ff959898ec527752dbc62cb77d524180011e24a2e9e72c7af6653bd65d6101b3,Якщо у словнику немає потрібного слова - його треба придумати .,[],[]
d67b9e346e09abb0b049376f0048f142b8c26d328ed276c1e51e5edc88609065,І тоді воно буде .,[],[]
de8acb074227b8cf4a657f0cd3acb4e318db7cff9628d6dd28244db5a48f0bac,Якщо немає тієї чи іншої мови культури - її треба створити .,[],"[{""label"": ""MISC"", ""text"": ""мови культури"", ""start"": 25, ""end"": 38}]"
244a4a930b44b1b00fc82f6bffdd3ccf656ca0970658b671a48bb1ab9790f3e7,За змогою - не зволікаючи .,[],[]
a634e188a1440b2db522b4b51142bb4c5df3252cc8e1e90d17d447561bddb6b9,"- Не так давно у видавництві « Дух і Літера » виходила ваша книга перекладів Юліана Тувіма « Поезії і контексти » , де був , окрім власне текстів , ще й розгорнений коментар-довідник .","[{""label"": ""ORG"", ""text"": ""Дух і Літера""}, {""label"": ""PERS"", ""text"": ""Юліана Тувіма""}, {""label"": ""ART"", ""text"": ""Поезії і контексти""}]","[{""label"": ""ORG"", ""text"": ""Дух і Літера"", ""start"": 31, ""end"": 43}, {""label"": ""PERS"", ""text"": ""Юліана Тувіма"", ""start"": 77, ""end"": 90}, {""label"": ""ART"", ""text"": ""Поезії і контексти"", ""start"": 93, ""end"": 111}, {""label"": ""ART"", ""text"": ""розгорнений коментар-довідник"", ""start"": 153, ""end"": 182}]"
d7bab3a5932bf1c9c5529156f9dd731790b042cb3a5623f415a9c1a558489462,"Знаю , що ви довго над тим всім працювали - розкажіть про цю книгу , бо мало хто її насправді бачив .",[],"[{""label"": ""PERS"", ""text"": ""ви"", ""start"": 10, ""end"": 12}, {""label"": ""ART"", ""text"": ""книгу"", ""start"": 61, ""end"": 66}]"
199f6b5c0da301bdd2d35941bfab6723057d19bad6d545627533e4fa468195f9,Далі щось у цьому напрямі робите ?,[],[]
d34ee3a3f37b784d81d06c51a3e304656ee5733a3be40496e8ffed21549f6d7b,"- Ця книжка - це мої 12 років життя , при написанні коментаря-довідника , який займає у книжці половину обсягу , я використала понад 400 джерел , більшість з яких малодоступні навіть у Польщі .","[{""label"": ""LOC"", ""text"": ""Польщі""}]","[{""label"": ""ART"", ""text"": ""Ця книжка"", ""start"": 2, ""end"": 11}, {""label"": ""PERIOD"", ""text"": ""12 років життя"", ""start"": 21, ""end"": 35}, {""label"": ""ART"", ""text"": ""коментаря-довідника"", ""start"": 52, ""end"": 71}, {""label"": ""ART"", ""text"": ""книжці"", ""start"": 88, ""end"": 94}, {""label"": ""PCT"", ""text"": ""половину обсягу"", ""start"": 95, ""end"": 110}, {""label"": ""PERS"", ""text"": ""я"", ""start"": 113, ""end"": 114}, {""label"": ""QUANT"", ""text"": ""понад 400"", ""start"": 127, ""end"": 136}, {""label"": ""LOC"", ""text"": ""Польщі"", ""start"": 185, ""end"": 191}]"
2683c348605851c8a177196a59e8bb7aa934ce8717607a9030affc8b65892882,В « Поезіях і контекстах » - 138 перекладів поезій Тувіма .,"[{""label"": ""MISC"", ""text"": ""Поезіях і контекстах""}, {""label"": ""PERS"", ""text"": ""Тувіма""}]","[{""label"": ""MISC"", ""text"": ""Поезіях і контекстах"", ""start"": 4, ""end"": 24}, {""label"": ""QUANT"", ""text"": ""138"", ""start"": 29, ""end"": 32}, {""label"": ""PERS"", ""text"": ""Тувіма"", ""start"": 51, ""end"": 57}]"
2c03a4f23fa6fea9e4b6945835b653bda2139974c3eee0a317f249b35609d787,"По суті , я пропоную українському читачеві найповніше зібрання його поезій .",[],"[{""label"": ""PERS"", ""text"": ""я"", ""start"": 10, ""end"": 11}]"
7968b011e8f4be616775844c1ec7765eddfb4c36a9ebf195ba71aa9bcbb3d696,"І найповніший довколалітературний контекст : яким був Тувім , які люди його оточували .","[{""label"": ""PERS"", ""text"": ""Тувім""}]","[{""label"": ""PERS"", ""text"": ""Тувім"", ""start"": 54, ""end"": 59}]"
2e6fe0be01ae7d42231a93cd411209efacfc0fc1c77b92583d8d270d42030cf3,Але ця книжка вийшла без копірайтів .,[],"[{""label"": ""ART"", ""text"": ""книжка"", ""start"": 7, ""end"": 13}]"
61aafd4b64a51e4d65e50f40d7303166b45c185536a09bbd5f43259183627c70,"Там немає ні копірайту польського правовласника , ні мого копірайту .",[],"[{""label"": ""LOC"", ""text"": ""Там"", ""start"": 0, ""end"": 3}, {""label"": ""ART"", ""text"": ""копірайту польського правовласника"", ""start"": 13, ""end"": 47}]"
f67be8f26193f04cc324b3eb685acd1550ac1b2b8de8a5e5f91f3c53b9c5b67e,"Я не хочу цього коментувати , але відсутність копірайтів спричинилася до того , що , як ви правильно зауважили , цю книжку мало хто бачив .",[],"[{""label"": ""PERS"", ""text"": ""Я"", ""start"": 0, ""end"": 1}, {""label"": ""PERS"", ""text"": ""ви"", ""start"": 88, ""end"": 90}, {""label"": ""ART"", ""text"": ""книжку"", ""start"": 116, ""end"": 122}]"
641991edb66b22388b1269ce0fd88fc8e72d40c1ce22fcb9999dd94279d0c9ec,"При тому , що мені за неї в 2014 році вручили високу урядову відзнаку Польщі - Почесний нагрудний знак « За заслуги перед польською культурою » .","[{""label"": ""DATE"", ""text"": ""2014 році""}, {""label"": ""LOC"", ""text"": ""Польщі""}, {""label"": ""MISC"", ""text"": ""Почесний нагрудний знак""}, {""label"": ""MISC"", ""text"": ""За заслуги перед польською культурою""}]","[{""label"": ""PERS"", ""text"": ""мені"", ""start"": 14, ""end"": 18}, {""label"": ""DATE"", ""text"": ""2014 році"", ""start"": 28, ""end"": 37}, {""label"": ""ART"", ""text"": ""Почесний нагрудний знак « За заслуги перед польською культурою »"", ""start"": 79, ""end"": 143}]"
324933439cb60fb56093723891382eb3b63c3aaea0068e3b295ce6fef0e3f3a4,"Зараз я роблю таке ж видання поезій Болеслава Лесьмяна : вже готові 112 перекладів , а в частині коментаря-довідника я хочу показати , зокрема , його київське середовище - до 21 року життя Лесьмян постійно проживав у Києві .","[{""label"": ""PERS"", ""text"": ""Болеслава Лесьмяна""}, {""label"": ""PERS"", ""text"": ""Лесьмян""}, {""label"": ""LOC"", ""text"": ""Києві""}]","[{""label"": ""PERS"", ""text"": ""я"", ""start"": 6, ""end"": 7}, {""label"": ""PERS"", ""text"": ""Болеслава Лесьмяна"", ""start"": 36, ""end"": 54}, {""label"": ""QUANT"", ""text"": ""112 перекладів"", ""start"": 68, ""end"": 82}, {""label"": ""ART"", ""text"": ""коментаря-довідника"", ""start"": 97, ""end"": 116}, {""label"": ""MISC"", ""text"": ""київське середовище"", ""start"": 150, ""end"": 169}, {""label"": ""LOC"", ""text"": ""Києві"", ""start"": 217, ""end"": 222}]"
a9910fdada2e73c6babb0cd906a43eecb7d2b1f431510222ca71c8aeb49c8b3d,"Закінчую також книжку з аналогічною структурою про Леопольда Стаффа , де багато уваги приділяю культурним середовищам довоєнного Львова .","[{""label"": ""PERS"", ""text"": ""Леопольда Стаффа""}, {""label"": ""LOC"", ""text"": ""Львова""}]","[{""label"": ""PERS"", ""text"": ""Леопольда Стаффа"", ""start"": 51, ""end"": 67}, {""label"": ""MISC"", ""text"": ""культурним середовищам"", ""start"": 95, ""end"": 117}, {""label"": ""LOC"", ""text"": ""довоєнного Львова"", ""start"": 118, ""end"": 135}]"
c7264688df9f544f98fa723475779dcdc813f39a69c2dead14c73138977b9c81,- Ви також літературознавець .,"[{""label"": ""JOB"", ""text"": ""літературознавець""}]","[{""label"": ""PERS"", ""text"": ""Ви"", ""start"": 2, ""end"": 4}, {""label"": ""JOB"", ""text"": ""літературознавець"", ""start"": 11, ""end"": 28}]"
8335fd431a58c35866e8482b6d4ac45d06104b8709a96a5cf3893180d14bde34,"Таке кволе латання білих плям , відсутність базових біографій – Зерова , Хвильового , Тичини , Плужника та й Шевченка – це що таке ?","[{""label"": ""PERS"", ""text"": ""Зерова""}, {""label"": ""PERS"", ""text"": ""Хвильового""}, {""label"": ""PERS"", ""text"": ""Тичини""}, {""label"": ""PERS"", ""text"": ""Плужника""}, {""label"": ""PERS"", ""text"": ""Шевченка""}]","[{""label"": ""PERS"", ""text"": ""Зерова"", ""start"": 64, ""end"": 70}, {""label"": ""PERS"", ""text"": ""Хвильового"", ""start"": 73, ""end"": 83}, {""label"": ""PERS"", ""text"": ""Тичини"", ""start"": 86, ""end"": 92}, {""label"": ""PERS"", ""text"": ""Плужника"", ""start"": 95, ""end"": 103}, {""label"": ""PERS"", ""text"": ""Шевченка"", ""start"": 109, ""end"": 117}]"
3f2066d0a345cc70a5d63b716a2b8a7c31e2aba2b89f4851009cfa177a190344,"Інертність , лінь , відсутність фінансування - що ?",[],[]
4bb1e5296bf5b8aa0157e55263748ec07ef44f51e7ff51c32665af400d86a304,"Якщо змоделювати ідеальну ситуацію , ви за чию біографію взялися би ?",[],"[{""label"": ""PERS"", ""text"": ""ви"", ""start"": 37, ""end"": 39}]"
a8bd51c5a0c8f2854321a806bb3b78c79dd3e93f177e3ccdd1e96dd0c73ae34a,- Ні за чию .,[],[]
4fbfe2cf17d5e9f382b51c4d81567b6752d52d6bece919b2d05682687032f18f,"Мене цікавлять не біографії , а міфології , власне , як вони функціонують у культурі .",[],"[{""label"": ""PERS"", ""text"": ""Мене"", ""start"": 0, ""end"": 4}, {""label"": ""ART"", ""text"": ""біографії"", ""start"": 18, ""end"": 27}, {""label"": ""MISC"", ""text"": ""міфології"", ""start"": 32, ""end"": 41}]"
fb8321414a33abcaa0c9dc8711313ab2d01300b079c651eb4c5ef08209ddd577,"Структура книжки про Тувіма - антибіографічна , по суті , це деконструкція витвореного Тувімом життєпису - Біографії Великого Поета .","[{""label"": ""PERS"", ""text"": ""Тувіма""}, {""label"": ""PERS"", ""text"": ""Тувімом""}, {""label"": ""MISC"", ""text"": ""Біографії Великого Поета""}]","[{""label"": ""PERS"", ""text"": ""Тувіма"", ""start"": 21, ""end"": 27}, {""label"": ""MISC"", ""text"": ""антибіографічна"", ""start"": 30, ""end"": 45}, {""label"": ""PERS"", ""text"": ""Тувімом"", ""start"": 87, ""end"": 94}, {""label"": ""ART"", ""text"": ""Біографії Великого Поета"", ""start"": 107, ""end"": 131}]"
ed70ecc4e37cd1629ac735f71a78fbdc307c0b39618e2fa02e4e87cedc1a9ac0,"Мені хотілося зробити це , щоби зрозуміти , як працює культура .",[],"[{""label"": ""PERS"", ""text"": ""Мені"", ""start"": 0, ""end"": 4}, {""label"": ""MISC"", ""text"": ""культура"", ""start"": 54, ""end"": 62}]"
235003fa4b6f70aa196fe18883e72c11934bb2761ce795e584beb98ac995d688,"А оскільки Тувім , Лесьмян і Стафф - постаті , що належали до одного тіла культури , то ці три книжки перекладів і контекстів - природно взаємопов’язані .","[{""label"": ""PERS"", ""text"": ""Тувім""}, {""label"": ""PERS"", ""text"": ""Лесьмян""}, {""label"": ""PERS"", ""text"": ""Стафф""}]","[{""label"": ""PERS"", ""text"": ""Тувім"", ""start"": 11, ""end"": 16}, {""label"": ""PERS"", ""text"": ""Лесьмян"", ""start"": 19, ""end"": 26}, {""label"": ""PERS"", ""text"": ""Стафф"", ""start"": 29, ""end"": 34}, {""label"": ""ORG"", ""text"": ""тіла культури"", ""start"": 69, ""end"": 82}, {""label"": ""ART"", ""text"": ""книжки перекладів і контекстів"", ""start"": 95, ""end"": 125}]"
27e204089dbf57c32f326e269e920e9541b1547149e7f36bb1afa808fc96c8ff,Окозамилене літературознавство мене не вабить .,[],"[{""label"": ""MISC"", ""text"": ""Окозамилене літературознавство"", ""start"": 0, ""end"": 30}]"
5e3c65cd00b7bb5ed06cbb8cc151065652e31910e548bed55c4e249795737fa0,Я люблю розуміти й відчувати .,[],"[{""label"": ""PERS"", ""text"": ""Я"", ""start"": 0, ""end"": 1}]"
f29baca62569ead5d9cd1c2e8943484e7ac103342cb19a412ecef96d89d533cf,В нашій же історії літератури та ніби-літературознавстві я мало що розумію .,[],"[{""label"": ""PERS"", ""text"": ""я"", ""start"": 57, ""end"": 58}]"
a02639aaa20d1f212b1f5f7331dd5ef5809a0c71873cc68d518a7dc08fc30e0a,Майже немає інтелектуальної насолоди пошуку і відкриття .,[],[]
23efc005f863b9658b5434a5e8e28d9260758cf863fc01e0829cee01bb608f20,"І немає , на що опертися : все ще не відкриті архіви КДБ , немає мемуарів , знищені цілі архіви , я не бачу , з чим тут можна працювати дослідникові біографії .","[{""label"": ""ORG"", ""text"": ""КДБ""}]","[{""label"": ""MISC"", ""text"": ""архіви"", ""start"": 46, ""end"": 52}, {""label"": ""ORG"", ""text"": ""КДБ"", ""start"": 53, ""end"": 56}, {""label"": ""MISC"", ""text"": ""мемуарів"", ""start"": 65, ""end"": 73}, {""label"": ""MISC"", ""text"": ""архіви"", ""start"": 89, ""end"": 95}]"
c2eaf3f3ae5c69794e74f168c47525e84a3ebe6a54aaf4e09076098e50fa620c,"Крім того , я не сприймаю тієї застарілої методології , якою оперує значна частина нашого академічного середовища .",[],"[{""label"": ""MISC"", ""text"": ""застарілої методології"", ""start"": 31, ""end"": 53}, {""label"": ""ORG"", ""text"": ""нашого академічного середовища"", ""start"": 83, ""end"": 113}]"
0e504942e5646a648eb4b06f92aebdcb2e0d481ff05166b0f455731f3f6a5d01,"Ну , і нехай .",[],[]
afd3b353c2495c8c6090234af7d2db036d35498f46f5d3351e8c0420561d11dd,Мені вистачає текстів улюблених авторів .,[],"[{""label"": ""PERS"", ""text"": ""Мені"", ""start"": 0, ""end"": 4}, {""label"": ""ART"", ""text"": ""текстів улюблених авторів"", ""start"": 14, ""end"": 39}]"
fb29aa1b14982afd7241a680251cab793844259a0af49befe9e4e6caf15b9404,"От , кілька тижнів тому дописала есе про Хвильового і Кафку .","[{""label"": ""PERS"", ""text"": ""Хвильового""}, {""label"": ""PERS"", ""text"": ""Кафку""}]","[{""label"": ""PERS"", ""text"": ""Хвильового"", ""start"": 41, ""end"": 51}, {""label"": ""PERS"", ""text"": ""Кафку"", ""start"": 54, ""end"": 59}]"
3f6d40480dd73e3a3af5ffe27d32bb07b1014f4c0f630b7d11a4b006cb21b85e,"Між ними дуже багато спільного , більше , ніж здається на перший погляд .",[],[]
05b0b502aa5599331c034d590fe3e10f823a62d54ce1632a715ada925bbc5f60,- Дискусія про російськомовну літературу в Україні після слів Жадана на врученні премії ВВС розгорілася знову .,"[{""label"": ""LOC"", ""text"": ""Україні""}, {""label"": ""PERS"", ""text"": ""Жадана""}, {""label"": ""ORG"", ""text"": ""ВВС""}]","[{""label"": ""MISC"", ""text"": ""російськомовну літературу"", ""start"": 15, ""end"": 40}, {""label"": ""LOC"", ""text"": ""Україні"", ""start"": 43, ""end"": 50}, {""label"": ""PERS"", ""text"": ""Жадана"", ""start"": 62, ""end"": 68}, {""label"": ""ORG"", ""text"": ""ВВС"", ""start"": 88, ""end"": 91}]"
0d91a143990fd13072e215ef97e89389e2d75e147a7608c911343e5fad3bbb26,"Ваша позиція зрозуміла : Ви вважаєте , що сила - в різноманітті , і зважати на цю літературу слід конче .",[],"[{""label"": ""PERS"", ""text"": ""Ви"", ""start"": 25, ""end"": 27}, {""label"": ""MISC"", ""text"": ""різноманітті"", ""start"": 51, ""end"": 63}, {""label"": ""ART"", ""text"": ""літературу"", ""start"": 82, ""end"": 92}]"
4c06cc768958cbed101a16be699c428e3b38238c49e30f51783bf9bbd0df0c2a,"Але от питання : вона , ця література , просто « створена в Україні » чи це дійсно « українська російськомовна література » ?","[{""label"": ""LOC"", ""text"": ""Україні""}]","[{""label"": ""ART"", ""text"": ""література"", ""start"": 27, ""end"": 37}, {""label"": ""LOC"", ""text"": ""Україні"", ""start"": 60, ""end"": 67}, {""label"": ""ART"", ""text"": ""українська російськомовна література"", ""start"": 85, ""end"": 121}]"
d0e132dd6d346adabcb1113053a448052c91e3e2c95e80181d04b3a0fbec6fc0,"Для вас вона відчутно вирізняється від тієї , що твориться безпосередньо в Росії ?","[{""label"": ""LOC"", ""text"": ""Росії""}]","[{""label"": ""LOC"", ""text"": ""Росії"", ""start"": 75, ""end"": 80}]"
250f157190a49139c1287966630b8aff4ae3db0db4757c15d6e55bd07dd50c4a,"- Так , російськомовна література України станом на 2014 рік дуже відрізняється від російської літератури , і ця різниця буде поглиблюватися .","[{""label"": ""LOC"", ""text"": ""України""}, {""label"": ""DATE"", ""text"": ""2014 рік""}]","[{""label"": ""DATE"", ""text"": ""2014 рік"", ""start"": 52, ""end"": 60}, {""label"": ""ART"", ""text"": ""російської літератури"", ""start"": 84, ""end"": 105}]"
349538bc44ceb775cd1dd33c826626d0950b22bd84c7af3cc872e4f8c1a6bf2d,"Є така дослідниця - Анна Вєжбицька , і одна з речей , яку вона доводить , - неперекладність емоцій .","[{""label"": ""PERS"", ""text"": ""Анна Вєжбицька""}]","[{""label"": ""JOB"", ""text"": ""дослідниця"", ""start"": 7, ""end"": 17}, {""label"": ""PERS"", ""text"": ""Анна Вєжбицька"", ""start"": 20, ""end"": 34}, {""label"": ""MISC"", ""text"": ""неперекладність емоцій"", ""start"": 76, ""end"": 98}]"
3f310e7a1e609a8d5410cf5dbba69e6ea94d890ef8e8e7d5b463cf494fee693e,"На сьогодні в російській літературі , що пишеться в Росії , склалося кілька десятків семантичних полів , які абсолютно не збігаються з , на перший погляд , ідентичними словами , які використовують російськомовні українські письменники .","[{""label"": ""LOC"", ""text"": ""Росії""}]","[{""label"": ""PERIOD"", ""text"": ""На сьогодні"", ""start"": 0, ""end"": 11}, {""label"": ""LOC"", ""text"": ""Росії"", ""start"": 52, ""end"": 57}, {""label"": ""QUANT"", ""text"": ""кілька десятків"", ""start"": 69, ""end"": 84}, {""label"": ""MISC"", ""text"": ""семантичних полів"", ""start"": 85, ""end"": 102}]"
3bbc8df509fa24d0db5b984d123c549407e9baf1d41dc9e6bf57a03435c2dffb,"Ці слова , відколи у нас із Росією не стало « спільного тексту » , що його в часи СРСР забезпечували багато в чому одна для всіх шкільна програма , кінофільми та телепередачі , почали набувати нових відтінків значень , і це вплинуло на появу подібних значень у всіх інших семантично пов'язаних із ними словах .","[{""label"": ""LOC"", ""text"": ""Росією""}, {""label"": ""LOC"", ""text"": ""СРСР""}]","[{""label"": ""LOC"", ""text"": ""Росією"", ""start"": 28, ""end"": 34}, {""label"": ""ART"", ""text"": ""спільного тексту"", ""start"": 46, ""end"": 62}, {""label"": ""PERIOD"", ""text"": ""часи СРСР"", ""start"": 77, ""end"": 86}, {""label"": ""ART"", ""text"": ""шкільна програма"", ""start"": 129, ""end"": 145}, {""label"": ""MISC"", ""text"": ""кінофільми"", ""start"": 148, ""end"": 158}, {""label"": ""MISC"", ""text"": ""телепередачі"", ""start"": 162, ""end"": 174}]"
ae7f26cbf4d822db8d90af613ca176aa3d68f4fe4800588662fb10ec0bf321c3,"За останні 10-15 років склалися цілі мікросистеми слів , які український російськомовний читач сприймає в цілком іншому емоційному регістрі , ніж російський .","[{""label"": ""PERIOD"", ""text"": ""10-15 років""}]","[{""label"": ""PERIOD"", ""text"": ""За останні 10-15 років"", ""start"": 0, ""end"": 22}, {""label"": ""PERS"", ""text"": ""український російськомовний читач"", ""start"": 61, ""end"": 94}]"
237f03d25ca3bb6672eb6d653c581fc13f790ac70714ea0f418b5e6d4b45a9af,"Наприклад , у нас зовсім інший « больовий » поріг щодо насилля , в нас майже немає « радянізмів » , якими рясніє російська поезія і проза останнього десятиліття .",[],"[{""label"": ""MISC"", ""text"": ""радянізмів"", ""start"": 85, ""end"": 95}, {""label"": ""ART"", ""text"": ""російська поезія і проза"", ""start"": 113, ""end"": 137}, {""label"": ""PERIOD"", ""text"": ""останнього десятиліття"", ""start"": 138, ""end"": 160}]"
727fd7bef4d1343a817b6e135ea1ddee75e10ec8abbc6308c95892d4356b3066,У нас інакше розвивається міське просторіччя .,[],"[{""label"": ""LOC"", ""text"": ""У нас"", ""start"": 0, ""end"": 5}, {""label"": ""MISC"", ""text"": ""міське просторіччя"", ""start"": 26, ""end"": 44}]"
19602429f1abee3906901c85e6ebf66f11b7952256663531c615316f697dc67b,Прикладів можна наводити безліч .,[],[]
12f5b4ae596a94fcf63722aaff4b6a5c6a04240d8c660de6726d90e2c2428acf,"Я не хочу сказати , що це література , написана іншою російською мовою , але я стверджую , що це інша література , написана російською мовою , - власне , українська російськомовна література . Є люди , схожі на пустелі , є люди , схожі на водоспади .",[],"[{""label"": ""PERS"", ""text"": ""Я"", ""start"": 0, ""end"": 1}, {""label"": ""ART"", ""text"": ""література , написана іншою російською мовою"", ""start"": 26, ""end"": 70}, {""label"": ""PERS"", ""text"": ""я"", ""start"": 77, ""end"": 78}, {""label"": ""ART"", ""text"": ""література , написана російською мовою"", ""start"": 102, ""end"": 140}, {""label"": ""MISC"", ""text"": ""українська російськомовна література"", ""start"": 154, ""end"": 190}, {""label"": ""PERS"", ""text"": ""люди"", ""start"": 195, ""end"": 199}, {""label"": ""LOC"", ""text"": ""пустелі"", ""start"": 211, ""end"": 218}, {""label"": ""PERS"", ""text"": ""люди"", ""start"": 223, ""end"": 227}, {""label"": ""LOC"", ""text"": ""водоспади"", ""start"": 239, ""end"": 248}]"
d65f356a9ce3a22a8141461cf479e4e9ae4be3a3e0d38fea531ba0133af82320,"Перші прагнуть води , яка проб’є їхню суху поверхню , як сльози пробивають замкнені душі .",[],"[{""label"": ""PERS"", ""text"": ""Перші"", ""start"": 0, ""end"": 5}, {""label"": ""ART"", ""text"": ""води"", ""start"": 15, ""end"": 19}]"
9e12d4504add7997e7dfbe29aa6ed7165c454ef0b2a8ba616162447ff6a223fd,"Другі прагнуть землі , яка дасть їм спокій і покладе край їхньому падінню в невідоме .",[],"[{""label"": ""PERS"", ""text"": ""Другі"", ""start"": 0, ""end"": 5}, {""label"": ""LOC"", ""text"": ""землі"", ""start"": 15, ""end"": 20}]"
cee8e78aac5d1411d8cd70a67d19773b952431409ed2beababfae43c2230be52,"У цих людей будуть різні відповіді на питання , що таке життя і як прожити його добре .",[],"[{""label"": ""MISC"", ""text"": ""життя"", ""start"": 56, ""end"": 61}]"
53971c1e6d2d4c4a489cc5048af78d5deaf19927a4607d8587c15301e4cd1deb,Одного універсального способу прожити своє життя не існує .,[],[]
c0ea5069b6240ece0937a12e321427f2ed2cb50e44936d3985d6c1e33a7cde4b,Немає одного способу його осмислити .,[],[]
db95fc82796008bb19d70c6222825d791cd5ea2271e3505f4a86c28718fb7ae2,"Життя — це не автобан , це навіть не дорога місцевого значення .",[],"[{""label"": ""LOC"", ""text"": ""автобан"", ""start"": 14, ""end"": 21}, {""label"": ""ART"", ""text"": ""дорога місцевого значення"", ""start"": 37, ""end"": 62}]"
5668a8625faa769f9bf0c2a85735373d3c4106c705f5540d99ed556b9d1c301d,"« Важливо не те , що інші зробили з нас ; важливо те , що ми самі робимо з того , що інші зробили з нас » , — говорив Сартр .","[{""label"": ""PERS"", ""text"": ""Сартр""}]","[{""label"": ""PERS"", ""text"": ""Сартр"", ""start"": 118, ""end"": 123}]"
f7d6fb81e2bd23b4102d4df2af6ea87f5f4f833d1a42b7499a9e71abab42dd73,"Нашу життєву подорож визначає те , що « інші зробили з нас » , що зробили з нас наша епоха , наша родина , наше середовище , наша стать , наше тіло .",[],"[{""label"": ""MISC"", ""text"": ""наша епоха"", ""start"": 80, ""end"": 90}, {""label"": ""MISC"", ""text"": ""наша родина"", ""start"": 93, ""end"": 104}, {""label"": ""MISC"", ""text"": ""наше середовище"", ""start"": 107, ""end"": 122}, {""label"": ""MISC"", ""text"": ""наша стать"", ""start"": 125, ""end"": 135}, {""label"": ""MISC"", ""text"": ""наше тіло"", ""start"": 138, ""end"": 147}]"
c6badbd9e70e1a4b40fd64f00ea99762b1d01b06b692c1c188625a61809dd25b,"Наше життя не починається у невагомості , у нас ніколи не буде радості творіння з нічого , бо у нас завжди є щось і ми завжди є кимось .",[],"[{""label"": ""PERS"", ""text"": ""нас"", ""start"": 44, ""end"": 47}, {""label"": ""ART"", ""text"": ""творіння з нічого"", ""start"": 71, ""end"": 88}, {""label"": ""ART"", ""text"": ""щось"", ""start"": 109, ""end"": 113}, {""label"": ""PERS"", ""text"": ""ми"", ""start"": 116, ""end"": 118}]"
4d352f4957a97011f9716fdef800e194bef8c09f744e06ab5d1d65f567f3fe1d,Ця конкретність — це наша в’язниця і наші крила .,[],"[{""label"": ""ART"", ""text"": ""наша в’язниця"", ""start"": 21, ""end"": 34}, {""label"": ""ART"", ""text"": ""наші крила"", ""start"": 37, ""end"": 47}]"
7a79185e608402878078c7b529e2fff81a2a1ca59d61e32b51b13ae07550a93a,В’язниця — бо ми не можемо себе подолати .,[],"[{""label"": ""LOC"", ""text"": ""В’язниця"", ""start"": 0, ""end"": 8}, {""label"": ""PERS"", ""text"": ""ми"", ""start"": 14, ""end"": 16}]"
69044ca59622970d16f1e1d25b46adbe8b6feecd0c952596f7222a47b62ca217,"Крила — бо наше коріння є пружиною , яка дає нам змогу здійснити стрибок тигра .",[],"[{""label"": ""ART"", ""text"": ""Крила"", ""start"": 0, ""end"": 5}]"
2818953924c80f156477fd11a38ed5480824cc7040c2208dcb4206df760b1a87,"Історії цієї книжки є історіями про людей , які мали слабкості , але змогли перетворити їх на свою силу .",[],"[{""label"": ""ART"", ""text"": ""Історії цієї книжки"", ""start"": 0, ""end"": 19}, {""label"": ""PERS"", ""text"": ""людей"", ""start"": 36, ""end"": 41}]"
de3e512e92b9f0a2d19904c577a07056306acc1596502a4f81d4a5331f70c774,"Геній — це той , хто вміє перетворити те , що є , на те , чого ніколи не було .",[],"[{""label"": ""PERS"", ""text"": ""Геній"", ""start"": 0, ""end"": 5}]"
39da2a357e6f94afd30319c39d40ce9cfeb73324734b7dcae14e6c695f864d54,"Він у чомусь схожий на Творця , а в чомусь йому протилежний : він ніколи не творить « із нічого » , але він творить те , чого ніколи не було .","[{""label"": ""PERS"", ""text"": ""Творця""}]","[{""label"": ""PERS"", ""text"": ""Він"", ""start"": 0, ""end"": 3}, {""label"": ""PERS"", ""text"": ""Творця"", ""start"": 23, ""end"": 29}, {""label"": ""PERS"", ""text"": ""він"", ""start"": 62, ""end"": 65}, {""label"": ""PERS"", ""text"": ""він"", ""start"": 104, ""end"": 107}]"
5763cbec20fe086632f4ba43680b74a880b99deacb27bcc95664ac258ff8c52b,"Однак , окрім своєї творчої здатності , генії також пропонують нам досвід .",[],"[{""label"": ""PERS"", ""text"": ""генії"", ""start"": 40, ""end"": 45}]"
33ab2bcc0463323b964cf7869e6082a035a9d8f418b3e1c2b55c33ebdbcbb961,"Досвід , здатний навчити .",[],"[{""label"": ""JOB"", ""text"": ""Досвід"", ""start"": 0, ""end"": 6}, {""label"": ""JOB"", ""text"": ""здатний навчити"", ""start"": 9, ""end"": 24}]"
4c82ea609e8eca993e4a622e5254c3d5e37b62fea070c8059292c31efefd806b,"« Historia magistra vitae est » , « історія — вчителька життя » , — казав Цицерон .","[{""label"": ""PERS"", ""text"": ""Цицерон""}]","[{""label"": ""JOB"", ""text"": ""Historia magistra vitae est"", ""start"": 2, ""end"": 29}, {""label"": ""JOB"", ""text"": ""історія — вчителька життя"", ""start"": 36, ""end"": 61}, {""label"": ""PERS"", ""text"": ""Цицерон"", ""start"": 74, ""end"": 81}]"
c469d63005c17cfb2312c5e2185b15d8013b09a87dde9670b6170cefefe4117f,"У сучасну епоху цю просту мудрість забули ; в епоху прогресу історія є тим , що викидають на смітник , що є лише « попередницею » , прототипом , наївною недосконалістю .",[],"[{""label"": ""PERIOD"", ""text"": ""сучасну епоху"", ""start"": 2, ""end"": 15}, {""label"": ""PERIOD"", ""text"": ""епоху прогресу"", ""start"": 46, ""end"": 60}, {""label"": ""ART"", ""text"": ""історія"", ""start"": 61, ""end"": 68}, {""label"": ""MISC"", ""text"": ""прототипом"", ""start"": 132, ""end"": 142}, {""label"": ""MISC"", ""text"": ""наївною недосконалістю"", ""start"": 145, ""end"": 167}]"
9980a359fbc034aa9b40846f2d021f1bd590d0c9a087146f81121250ea426840,"Але прогрес без історії плаский , як висохла ріка ; він приречений повторювати колишні помилки , він приречений жити колишніми ілюзіями .",[],"[{""label"": ""PERS"", ""text"": ""він"", ""start"": 52, ""end"": 55}, {""label"": ""PERS"", ""text"": ""він"", ""start"": 97, ""end"": 100}]"
4cad3a227070b172c7ad5d949e2221911856ee7c02f80555c35314aaf9a12d79,І тому добре бачити в історії вчительку життя — знову .,[],"[{""label"": ""JOB"", ""text"": ""вчительку життя"", ""start"": 30, ""end"": 45}]"
e65c122ea9d0c7bc335fab058e6e4b307ae886ae2b11882280b4624ed6dc0d59,"Вона не навчає нас будувати життя за наперед заданою моделлю , але показує нам можливі шляхи .",[],"[{""label"": ""PERS"", ""text"": ""Вона"", ""start"": 0, ""end"": 4}]"
036661572f0ddeb939acf67cb96561ea330ddc784ba3bf802eaf86e65de33891,Карту лісових стежок .,[],"[{""label"": ""MISC"", ""text"": ""Карту лісових стежок"", ""start"": 0, ""end"": 20}]"
94715e5aa879331f261368b015cf186db6d23e06f692420d51cad6ace7557bc8,"Є література як терапія , є література як отрута .",[],"[{""label"": ""ART"", ""text"": ""література"", ""start"": 2, ""end"": 12}, {""label"": ""ART"", ""text"": ""література"", ""start"": 28, ""end"": 38}]"
e22dfd762fdfd843388affa46435cc0732db1df8c38ecc7f85074c90a72f2599,"Є філософія як ліки , є філософія як інтоксикація .",[],"[{""label"": ""MISC"", ""text"": ""філософія"", ""start"": 24, ""end"": 33}]"
ba008a8e9057be7481008c93cc26bd80eb931d1e817e7a3e69314ae584062046,"Один і той самий твір може бути і тим , і тим — залежно від того , хто і як його читає .",[],"[{""label"": ""ART"", ""text"": ""Один і той самий твір"", ""start"": 0, ""end"": 21}, {""label"": ""PERS"", ""text"": ""хто і як його читає"", ""start"": 67, ""end"": 86}]"
580ae0cfbb964920cba76dfd6da34d78d12dce07f69229c71aef7a9391518391,"Те , що для нас у молодості є ліками , може бути отрутою в зрілості , і навпаки .",[],"[{""label"": ""PERIOD"", ""text"": ""молодості"", ""start"": 18, ""end"": 27}, {""label"": ""ART"", ""text"": ""ліками"", ""start"": 30, ""end"": 36}, {""label"": ""ART"", ""text"": ""отрутою"", ""start"": 49, ""end"": 56}, {""label"": ""PERIOD"", ""text"": ""зрілості"", ""start"": 59, ""end"": 67}]"
17194fd902a128edb50b0e160eff90118dd00c540734c9e2fca68b0e8dd47ed1,"У Жака Дерріда є поняття pharmakon : це давньогрецьке слово позначає і ліки , і отруту .","[{""label"": ""PERS"", ""text"": ""Жака Дерріда""}]","[{""label"": ""PERS"", ""text"": ""Жака Дерріда"", ""start"": 2, ""end"": 14}, {""label"": ""MISC"", ""text"": ""pharmakon"", ""start"": 25, ""end"": 34}, {""label"": ""MISC"", ""text"": ""ліки"", ""start"": 71, ""end"": 75}, {""label"": ""ART"", ""text"": ""отруту"", ""start"": 80, ""end"": 86}]"
d2887882daa1707a234d9a4cd2aeaa63648d80d298e938a1eb9ef2d843aa198b,"Усе залежить від стану організму , від дози , від характеру хвороби .",[],"[{""label"": ""QUANT"", ""text"": ""дози"", ""start"": 39, ""end"": 43}]"
18d30efd1d17727ca0adc16bf461781668517ff3baba92e62633025530387ea2,"Культура є , зрештою , річчю фармакологічною : однак лікує вона не тіло , а душу , і отруює також не тіло , а душу .",[],"[{""label"": ""MISC"", ""text"": ""Культура"", ""start"": 0, ""end"": 8}]"
af4f72c868a2914780e4a7cafdd93e11d105854193a1f00bf007a05eab1e436a,"І ліки , і отрута в ній менш певні , ніж у звичайній фармакології , бо , зрештою , душа наша менш певна , ніж наше тіло .",[],"[{""label"": ""MISC"", ""text"": ""ліки"", ""start"": 2, ""end"": 6}, {""label"": ""MISC"", ""text"": ""отрута"", ""start"": 11, ""end"": 17}]"
481c833256c499ef3b6275c53404ef5f17119dc2c2cee1486857b62973ad3fb4,"Класики ніколи не навчать нас , як жити .",[],"[{""label"": ""MISC"", ""text"": ""Класики"", ""start"": 0, ""end"": 7}]"
59907aabcf302e564d7ce57ad618b5c36b11548a200cf029fd4ee3952329551f,Вони не дадуть нам готових моделей .,[],"[{""label"": ""PERS"", ""text"": ""Вони"", ""start"": 0, ""end"": 4}, {""label"": ""ART"", ""text"": ""готових моделей"", ""start"": 19, ""end"": 34}]"
ad7c717ddac87f93beb9189948ef56a6d2d966c18f32db93b06f869221462a13,"Траєкторії наших життів унікальні , їх ніхто ніколи не повторить .",[],[]
ba7b967196f7d1026d3704f4438fbdfa695fac15e7f5859fb79d4401527931f3,"Але , попри це , класики могли мати досвід , схожий на наш .",[],"[{""label"": ""PERS"", ""text"": ""класики"", ""start"": 17, ""end"": 24}]"
60756af33303be170c47b3ca668f0495bb40575ff4f184aaef96b0f9a7f11db4,"Дивлячись на своє життя , немов у дзеркало , ми можемо побачити їхні тіні й силуети ; вони завжди стоять десь у глибині , за нашими спинами .",[],"[{""label"": ""PERS"", ""text"": ""ми"", ""start"": 45, ""end"": 47}]"
d0a7410dc6aa9f6df67948b6f0433d4e57afe4eeb58c31372f3239cc175c72a8,"Вони також могли бачити долини та гори , ріки й океани , повороти долі , історичні катастрофи , сентиментальні вулкани , які ми бачимо у своїх життях .",[],"[{""label"": ""PERS"", ""text"": ""Вони"", ""start"": 0, ""end"": 4}, {""label"": ""LOC"", ""text"": ""долини та гори"", ""start"": 24, ""end"": 38}, {""label"": ""LOC"", ""text"": ""ріки й океани"", ""start"": 41, ""end"": 54}, {""label"": ""MISC"", ""text"": ""історичні катастрофи"", ""start"": 73, ""end"": 93}, {""label"": ""MISC"", ""text"": ""сентиментальні вулкани"", ""start"": 96, ""end"": 118}]"
9a0bf4b8e4f6b97fc8045d101090e06702abe309cb6082400ee0c6c3fcb3322e,Їхня персональна алхімія подарувала їм кілька рецептів .,[],"[{""label"": ""ORG"", ""text"": ""Їхня персональна алхімія"", ""start"": 0, ""end"": 24}, {""label"": ""MISC"", ""text"": ""рецептів"", ""start"": 46, ""end"": 54}]"
3315be5fdd87332880c94a3416ca2c425d79560754097d1fd9330318c176a8b5,Ці рецепти можуть знову стати корисними .,[],"[{""label"": ""MISC"", ""text"": ""Ці рецепти"", ""start"": 0, ""end"": 10}]"
e08c413275fe126f7ff4526b4d12748d4c3ce2d0b488e8b7962918337fc4a571,"Класики не навчать нас ідеально прожити життя , але вони навчать нас прожити наше власне життя краще , ніж ми зробили би це без них , на самоті .",[],"[{""label"": ""MISC"", ""text"": ""Класики"", ""start"": 0, ""end"": 7}, {""label"": ""PERS"", ""text"": ""нас"", ""start"": 65, ""end"": 68}]"
1dad72e8b3f7e50c7d6736bd8052d1858a92b508d6274877f48fa127f4df6a41,"Вони розповідають нам історії хвороб , деякі з яких закінчувалися одужанням .",[],"[{""label"": ""PERS"", ""text"": ""Вони"", ""start"": 0, ""end"": 4}]"
72e9ab5f6fa268de41126806ccee3dbd2bac4bbb17df360089c542781149310a,"Вони розповідають нам історії радості й смутку , насолоди та болю .",[],[]
b96c115cb6f0e6d41a182fff45b892dc4425bdac85f4d8a2cda1a1c30402ee82,У кожного з них вони мають ім’я .,[],"[{""label"": ""PERS"", ""text"": ""У кожного з них"", ""start"": 0, ""end"": 15}]"
caf6b28d887b2a0d3dfa562484fd047674cee7278c0023580165a02824dddbcc,"І біль , і насолода завжди мають ім’я .",[],[]
9a5fac41da2d7877d37d2817072b43942e0c5423b5c346169b581c45e7d59248,"Не треба лякатися далекості авторів , яких немає з нами .","[{""label"": ""JOB"", ""text"": ""авторів""}]",[]
53b16435c59a4affd209831935dd9db63e22d208bbb652e7d2c943ca7a05be83,"Зв’язок людей , які прагнуть свободи та мудрості , — це пошук « вибіркової спорідненості » , « спорідненості за вибором » , Wahlverwandschaft , про яку мріяв Ґете .","[{""label"": ""PERS"", ""text"": ""Ґете""}]","[{""label"": ""ORG"", ""text"": ""Wahlverwandschaft"", ""start"": 124, ""end"": 141}, {""label"": ""PERS"", ""text"": ""Ґете"", ""start"": 158, ""end"": 162}]"
d8253c7346bd4a25dd6a73a094a7aed62a7d3fca788cbfff73c2bb1fac63ca25,"Щоб стати на ноги , щоб пізнати життя в його смутку та радості , ми маємо обрати своїх ближніх .",[],"[{""label"": ""PERS"", ""text"": ""ми"", ""start"": 65, ""end"": 67}, {""label"": ""PERS"", ""text"": ""своїх ближніх"", ""start"": 81, ""end"": 94}]"
696e275a4369aeb5ca7494377384abdbd8b74a7412537f9bcbe95a382a824cef,Ми маємо обрати своїх найрідніших .,[],"[{""label"": ""PERS"", ""text"": ""Ми"", ""start"": 0, ""end"": 2}, {""label"": ""PERS"", ""text"": ""своїх найрідніших"", ""start"": 16, ""end"": 33}]"
1e58bd6fddc21b3f8cef4c28d19ec90da8f2e0a1aad2ccc5f7e015d744399f1d,А в такому виборі далекі часто стають близькими .,[],[]
9b86f7ec366d74c6913fd9f340ac54d2b74b4a09127458f7975790f68f3c262b,Далекими близькими . Від раннього дитинства й упродовж усього життя людина невіддільно пов’язана з мовою .,[],"[{""label"": ""PERIOD"", ""text"": ""раннього дитинства"", ""start"": 25, ""end"": 43}, {""label"": ""PERS"", ""text"": ""людина"", ""start"": 68, ""end"": 74}, {""label"": ""MISC"", ""text"": ""мовою"", ""start"": 99, ""end"": 104}]"
36a256bd785f22fa804388a26a8ba635298ad38f7980e5bb12664128f0b43d76,"Це єдине знаряддя , що вивищує людину над світом , робить її нездоланною в пошуках Правди і Справжності .",[],"[{""label"": ""PERS"", ""text"": ""людину"", ""start"": 31, ""end"": 37}, {""label"": ""LOC"", ""text"": ""світом"", ""start"": 42, ""end"": 48}]"
d306e45f9a5c4532fe1b741274730dfe637d1d60fe36719ae5fb1fa0f0c4fa86,Розпочинається прилучення дитини до краси рідної мови з милих бабусиних казок і материнської колискової пісні .,[],"[{""label"": ""PERS"", ""text"": ""дитини"", ""start"": 26, ""end"": 32}, {""label"": ""MISC"", ""text"": ""милих бабусиних казок"", ""start"": 56, ""end"": 77}, {""label"": ""ART"", ""text"": ""материнської колискової пісні"", ""start"": 80, ""end"": 109}]"
74c2d7d038e2c5f8cb00a730ca5705b964566ad954181c5e261f175423141f11,Кожен день дає нам уроки пізнання .,[],"[{""label"": ""PERIOD"", ""text"": ""Кожен день"", ""start"": 0, ""end"": 10}]"
365ef5eac5e1b4ce88ef59cddb3b43cdf18fcb3193116497b37912ba4532dcef,І завжди і скрізь наш найкращий учитель — рідна мова .,"[{""label"": ""JOB"", ""text"": ""учитель""}]","[{""label"": ""JOB"", ""text"": ""наш найкращий учитель"", ""start"": 18, ""end"": 39}, {""label"": ""MISC"", ""text"": ""рідна мова"", ""start"": 42, ""end"": 52}]"
aafad103a34fa5f5d3d0215f6933d657d49eedbe03521d1c7ea3d2a36e450b41,"Усі звершення наші , думи і сподівання закріплюються в мові .",[],[]
d3e042cf40aa6b39426d765827b11d6a1b0bff792f43fefc8aa78d7cb8249e33,"Мова рідна — наше найзіркіше , найнепомильніше око , наймогутніша сила .",[],"[{""label"": ""MISC"", ""text"": ""Мова рідна"", ""start"": 0, ""end"": 10}]"
a964bfada205fac3391337aa0517571b6cd0cb49979d5eb17f2599a727009bf4,"Через мову людина пізнає те , що недосяжне безпосередньому сприйманню .",[],"[{""label"": ""MISC"", ""text"": ""мову"", ""start"": 6, ""end"": 10}, {""label"": ""PERS"", ""text"": ""людина"", ""start"": 11, ""end"": 17}]"
968d0811837679463d76d1f197e4b7adf0475893d58ebcb94ab4d8e8d9f0a266,У цьому диводійному дзеркалі відображаються всі таємниці світу .,[],"[{""label"": ""ART"", ""text"": ""диводійному дзеркалі"", ""start"": 8, ""end"": 28}]"
4225182ca86feb5e0432ad4c26840bc8591022f6b92a27b2bdbc849e7c40eebb,В мові постають перед нашим зором сторінки давньої історії й очікувані здобутки прийдешнього .,[],"[{""label"": ""MISC"", ""text"": ""мові"", ""start"": 2, ""end"": 6}, {""label"": ""ART"", ""text"": ""сторінки давньої історії"", ""start"": 34, ""end"": 58}]"
a441b4389e73447047691333a2a840ba17be9c1b6c526cb890f965800903bd2e,"За допомогою мови ми проникаємо в думи і почуття , які хвилювали людей за тисячоліття до нас .","[{""label"": ""DATE"", ""text"": ""тисячоліття""}]","[{""label"": ""MISC"", ""text"": ""мови"", ""start"": 13, ""end"": 17}, {""label"": ""PERS"", ""text"": ""ми"", ""start"": 18, ""end"": 20}, {""label"": ""PERS"", ""text"": ""людей"", ""start"": 65, ""end"": 70}, {""label"": ""PERIOD"", ""text"": ""тисячоліття"", ""start"": 74, ""end"": 85}]"
f35ae38a1c8299ed967a100c4ad32d5740c0ee84dc0b52ece5675f585e35b2ed,Також можемо звернутися до далеких нащадків і передати їм у мові найсокровенніше .,[],"[{""label"": ""PERS"", ""text"": ""далеких нащадків"", ""start"": 27, ""end"": 43}, {""label"": ""MISC"", ""text"": ""найсокровенніше"", ""start"": 65, ""end"": 80}]"
d42570d6ff346fa4a926d0b3222bd757fe11e983a4311ed263b08ec57fa0d060,Мова — найвірніший посланець з минулого в сьогодення і з сьогодення у майбуття .,[],"[{""label"": ""ART"", ""text"": ""Мова"", ""start"": 0, ""end"": 4}, {""label"": ""PERIOD"", ""text"": ""минулого"", ""start"": 31, ""end"": 39}, {""label"": ""PERIOD"", ""text"": ""сьогодення"", ""start"": 42, ""end"": 52}, {""label"": ""PERIOD"", ""text"": ""сьогодення"", ""start"": 57, ""end"": 67}, {""label"": ""PERIOD"", ""text"": ""майбуття"", ""start"": 70, ""end"": 78}]"
f0fae877e691bd3a3c979c5f9a625157099f293862614c336cc2f657c711107c,Завдяки її могутності не замулюється людський досвід .,[],[]
18884368794512a2f24c8f71f74642ac1afc11eff65a1782660843088a93da41,Це схованка мудрості і невмирущості народу .,[],[]
429cf894b3a0c70e1116231fa0f69533694615d23446db6987e45e6c3907d29b,"У мові є одиниця , без вивчення якої немислиме пізнання всієї її ( мови ) будови .",[],"[{""label"": ""MISC"", ""text"": ""мові"", ""start"": 2, ""end"": 6}, {""label"": ""MISC"", ""text"": ""мови"", ""start"": 67, ""end"": 71}]"
7f587781fa03521ed211996a326b0dc65ad0a42b62c1ec9d3c722ae90c1bebff,Ця одиниця — слово .,[],[]
b0b0359196c6a47afa97d871384f436bdeb2d0a071d0f06f4e0d3ae8c942d197,"Воно постає перед нашим розумом як щось центральне , навколо якого групуються інші мовні одиниці .",[],"[{""label"": ""ART"", ""text"": ""Воно"", ""start"": 0, ""end"": 4}, {""label"": ""ART"", ""text"": ""щось центральне"", ""start"": 35, ""end"": 50}, {""label"": ""ART"", ""text"": ""інші мовні одиниці"", ""start"": 78, ""end"": 96}]"
37c9c0cded23be22213b4141ff2e7e2e23941d90b4bed22764d5d8381fbdab4c,У слові об’єднується багато властивостей .,[],[]
adf2daf989cf95971698f144f83f02c8281b4e37ba3cb6609fa6685228523d1d,"Воно багатомірне : позначає предмети та явища навколишньої дійсності , має певне емоційне забарвлення , вирізняється неповторністю своєї біографії , спеціалізується у граматичній ролі , оформляється фонетично .",[],"[{""label"": ""MISC"", ""text"": ""багатомірне"", ""start"": 5, ""end"": 16}, {""label"": ""ART"", ""text"": ""предмети та явища навколишньої дійсності"", ""start"": 28, ""end"": 68}]"
b585e0dde84ad8fa10c0de0a0e38259679db777571a49fa8264a5156d156f3b7,"Українська мова вижила попри заборони , переслідування , зневажливе ставлення , підступні дії .",[],"[{""label"": ""MISC"", ""text"": ""Українська мова"", ""start"": 0, ""end"": 15}]"
1f43cf05e01733f11ad37e59e2849834e65e1f9c050a3f67442021039e3ad053,"Як мовить наша геніальна поетеса Ліна Костенко , « О мово , ти іще жива .","[{""label"": ""JOB"", ""text"": ""поетеса""}, {""label"": ""PERS"", ""text"": ""Ліна Костенко""}]","[{""label"": ""PERS"", ""text"": ""Ліна Костенко"", ""start"": 33, ""end"": 46}]"
74867289cdbca9a5365b9be3b6fd36fd9ed0446a65bbe4111e0a80ba48c9569a,Тяжкі твої тортури .,[],"[{""label"": ""ART"", ""text"": ""Тяжкі твої тортури"", ""start"": 0, ""end"": 18}]"
0f6d3ee44d63a5ce9012abb3c3e0458efc49ea4530fbd7b8b40117bf5f4d64a8,"Колись творилися слова , тепер — абревіатури » .",[],[]
3c27f600e5fb9a138f2c6ed2694aea01bd87a1c0f17333b9d09439f91b6153b3,"Навіть у незалежній нашій Українській Державі часто рідне слово буває зневажене , безпритульне , понівечене , принижене байдужим ставленням до нього владних зверхників .","[{""label"": ""LOC"", ""text"": ""Українській Державі""}]","[{""label"": ""LOC"", ""text"": ""Українській Державі"", ""start"": 26, ""end"": 45}, {""label"": ""MISC"", ""text"": ""рідне слово"", ""start"": 52, ""end"": 63}]"
c6689ae1c7054d2ff5a245d991dc5a4f345c0f1f1ab1a3ff57bb1ba63408d254,"Тут доречно згадати проникливі міркування нашого дбайливця за розквіт рідної мови академіка Івана Дзюби про те , що « байдужувате або легковажне ставлення до мовного розвитку свого народу , долі його мови великою мірою зумовлене буває і поверховим розумінням сутності мови , зведенням її ролі , її функції до однієї — комунікативної .","[{""label"": ""JOB"", ""text"": ""академіка""}, {""label"": ""PERS"", ""text"": ""Івана Дзюби""}]","[{""label"": ""PERS"", ""text"": ""Івана Дзюби"", ""start"": 92, ""end"": 103}, {""label"": ""MISC"", ""text"": ""комунікативної"", ""start"": 318, ""end"": 332}]"
a87eaa32487c5bb3c598365b5ac0b4f0c9b132be33418993f1709ddfc39120aa,"Це справді важлива функція мови , особливо в наш час інформатизації і комп’ютеризації ...",[],"[{""label"": ""PERIOD"", ""text"": ""наш час інформатизації і комп’ютеризації"", ""start"": 45, ""end"": 85}]"
582bdd2ba8888ccbd4a5332e924d994944f66457fab336f764f5c6e91bc7de74,Але все-таки це не єдина і не головна роль мови в бутті народу .,[],"[{""label"": ""MISC"", ""text"": ""мови"", ""start"": 43, ""end"": 47}]"
98a575998fa68e269e23f7c291f6d10b7c6add17a2b743cd4ab88e9d60f72f6e,Великі мислителі людства всіх часів і народів були про мову набагато вищої думки !,[],"[{""label"": ""MISC"", ""text"": ""мову"", ""start"": 55, ""end"": 59}]"
47c6dc63ee140eb0e5e496d54f746211a68ddfd4add46055b425e259adc063e2,"Зокрема , лінгвісти , психологи , педагоги , культурологи , філософи ХІХ-ХХ ст . незмірно поглибили розуміння рідної мови як носія всієї історичної спадщини народу , всього його духовного досвіду , його світогляду , його способу мислити й відчувати ...","[{""label"": ""JOB"", ""text"": ""лінгвісти""}, {""label"": ""JOB"", ""text"": ""психологи""}, {""label"": ""JOB"", ""text"": ""педагоги""}, {""label"": ""JOB"", ""text"": ""культурологи""}, {""label"": ""JOB"", ""text"": ""філософи""}, {""label"": ""PERIOD"", ""text"": ""ХІХ-ХХ ст""}]","[{""label"": ""JOB"", ""text"": ""лінгвісти"", ""start"": 10, ""end"": 19}, {""label"": ""JOB"", ""text"": ""філософи"", ""start"": 60, ""end"": 68}, {""label"": ""PERIOD"", ""text"": ""ХІХ-ХХ ст ."", ""start"": 69, ""end"": 80}, {""label"": ""MISC"", ""text"": ""рідної мови"", ""start"": 110, ""end"": 121}]"
5c8d735ad7bdf66142b21e88dec35a6d619ad1501eae3806c346d9e0c9312959,"Нині загальновизнаним є те , що мова має і гносеологічну , і культуротворчу функції , є засобом консолідації суспільства , що кожна національна мова є унікальною загальнолюдською цінністю як неповторний спосіб пізнання світу » .",[],"[{""label"": ""MISC"", ""text"": ""мова"", ""start"": 32, ""end"": 36}, {""label"": ""MISC"", ""text"": ""мова"", ""start"": 144, ""end"": 148}]"
fe9c4d2eb70a1a4d5737de8a4b1617c3c6173c089abbc07507fdf8efe892a89f,"Так , нелегкий час переживає рідна мова і в незалежній Україні .","[{""label"": ""LOC"", ""text"": ""Україні""}]","[{""label"": ""MISC"", ""text"": ""рідна мова"", ""start"": 29, ""end"": 39}, {""label"": ""LOC"", ""text"": ""незалежній Україні"", ""start"": 44, ""end"": 62}]"
7de164d9e019a59cd85a25611ba008519ac4e97a8a65f84a7408f5a6ea6918c3,"Передовсім укажемо на деформації в Україні мовної ситуації , успадковані від колоніального минулого .","[{""label"": ""LOC"", ""text"": ""Україні""}]","[{""label"": ""LOC"", ""text"": ""Україні"", ""start"": 35, ""end"": 42}, {""label"": ""MISC"", ""text"": ""мовної ситуації"", ""start"": 43, ""end"": 58}]"
1872b64edb78ead8ef9ba116f85d01e630d0072c1eeccbe30450c779f96aff2e,"Однією з найпоказовіших деформацій є те , що російській мові вдалося витіснити й замінити українську мову на значній території у функції спілкування .",[],"[{""label"": ""MISC"", ""text"": ""російській мові"", ""start"": 45, ""end"": 60}, {""label"": ""MISC"", ""text"": ""українську мову"", ""start"": 90, ""end"": 105}, {""label"": ""LOC"", ""text"": ""значній території"", ""start"": 109, ""end"": 126}, {""label"": ""MISC"", ""text"": ""функції спілкування"", ""start"": 129, ""end"": 148}]"
6a92627fe3aa25a73304b3c67f12cdc221b06f3cd4815223a4fde41c684567db,"Ситуація , за якої нерідна мова заступає рідну у цій функції , руйнівна .",[],"[{""label"": ""MISC"", ""text"": ""нерідна мова"", ""start"": 19, ""end"": 31}, {""label"": ""JOB"", ""text"": ""рідну"", ""start"": 41, ""end"": 46}, {""label"": ""JOB"", ""text"": ""руйнівна"", ""start"": 63, ""end"": 71}]"
4541ceaa0f0fca86e08e6ccc22d503bfd56e2f2840df9ef9557f3ef7b0352cac,Деформована мовна ситуація блокує реалізацію надзвичайно важливих інших функцій національної мови — державотворчої та об’єднавчої .,[],"[{""label"": ""MISC"", ""text"": ""Деформована мовна ситуація"", ""start"": 0, ""end"": 26}, {""label"": ""MISC"", ""text"": ""державотворчої"", ""start"": 100, ""end"": 114}, {""label"": ""MISC"", ""text"": ""об’єднавчої"", ""start"": 118, ""end"": 129}]"
533d3bbfdf3df438d26b60d665f70764f5abd3c77bbe1dd59e87f4f5b46325db,У державотворчому процесі національній мові належить особливе місце .,[],"[{""label"": ""MISC"", ""text"": ""національній мові"", ""start"": 26, ""end"": 43}]"
f5d2e20cd98ca775d8123fdbce8fcce04c06edee71ae02208e2f0b2bd189ac34,"Спільна мова стає одним із головних чинників , які зумовлюють солідарність населення , а отже , стабільність держави .",[],"[{""label"": ""MISC"", ""text"": ""Спільна мова"", ""start"": 0, ""end"": 12}]"
739867ac0e80657251e2cb27b1ec2822f6a8cd15345e714ad1f6f52a8fd77215,"Відродження українців як нації і України як держави залежатиме від того , чи буде спроможне українське керівництво зупинити розкручений маховик зросійщення і надати двомовному ( українсько-російському ) розвиткові України українського напрямку . Конституція дає керівництву України право застосувати владні механізми для розширення функцій української мови .","[{""label"": ""LOC"", ""text"": ""України""}, {""label"": ""LOC"", ""text"": ""України""}, {""label"": ""ART"", ""text"": ""Конституція""}, {""label"": ""LOC"", ""text"": ""України""}]","[{""label"": ""ORG"", ""text"": ""України"", ""start"": 33, ""end"": 40}, {""label"": ""ORG"", ""text"": ""українське керівництво"", ""start"": 92, ""end"": 114}, {""label"": ""ORG"", ""text"": ""України"", ""start"": 214, ""end"": 221}, {""label"": ""ORG"", ""text"": ""керівництву України"", ""start"": 262, ""end"": 281}]"
41005d0f73fa09dd4285f72b4eb154ff5e6de70db3076e0b23ca749115ebf867,"Для цього потрібно запровадити ефективну мовнокультурну політику , зокрема обов’язкове вживання державної мови у визначальних для держави сферах : в органах управління , судочинстві , в державних закладах освіти , науки , культури , в засобах масової інформації .",[],"[{""label"": ""ORG"", ""text"": ""органах управління"", ""start"": 149, ""end"": 167}, {""label"": ""ORG"", ""text"": ""державних закладах освіти , науки , культури"", ""start"": 186, ""end"": 230}, {""label"": ""ORG"", ""text"": ""засобах масової інформації"", ""start"": 235, ""end"": 261}]"
7de2ba6619bcf9aa0056cd59239e9c285ae74ee1849637c202917e3d36328e47,"Влада повинна спрямовувати свої зусилля на відродження і піднесення престижу української мови як мови титульної нації , утвердження української мови як державної в усіх сферах суспільного життя на всій території України , посилення функцій державної мови як об’єднавчого чинника в українському суспільстві , набуття українською мовою ролі мови міжнаціонального спілкування в Україні , підвищення мовної культури громадян .","[{""label"": ""LOC"", ""text"": ""України""}, {""label"": ""LOC"", ""text"": ""Україні""}]","[{""label"": ""ORG"", ""text"": ""Влада"", ""start"": 0, ""end"": 5}, {""label"": ""MISC"", ""text"": ""усіх сферах суспільного життя"", ""start"": 164, ""end"": 193}, {""label"": ""LOC"", ""text"": ""всій території України"", ""start"": 197, ""end"": 219}]"
b2efdd4d80034dd19a448e34ee9871102a999149c5b2b8136142e3c8a05490bc,"На заваді реалізації цих завдань стоять олігархічно-кланова структура влади , усе більша соціальна поляризація суспільства та інші негативні чинники .",[],"[{""label"": ""ORG"", ""text"": ""олігархічно-кланова структура влади"", ""start"": 40, ""end"": 75}]"
b36b9abf9c162e8dc99ea98dddd7fcc17fc22b8feb96d198715978cd7e152daa,Про що розповідає ця книжка ?,[],[]
d98306faf58d9f05ce8253ab3c991bd3f704047ee32eb7fd6c35e93a196725a8,Якщо стисло висловитися — про культуру української мови .,[],"[{""label"": ""MISC"", ""text"": ""культуру української мови"", ""start"": 30, ""end"": 55}]"
d9d745bc0b9b4a4745f9267f02689a9d1d66725de8bd04ed9e14ecf3e5e1075f,"Про типові вади усного і писемного мовлення , про порушення лексичних , морфологічних , синтаксичних , словотвірних , стилістичних та інших норм сучасної української літературної мови .",[],[]
004b64be2d6ffba39a1421cf9573754d15a23a8eeeb98ef7c8dc354eb491065b,Про правописні труднощі .,[],[]
07d598c635f7f5363f532915469defeb00ec6bb8d5762ea59223c7926d59e07f,"Про вибір слів , граматичних форм , синтаксичних конструкцій , мовних варіантів для найкращого висловлення думки .",[],[]
44a618b47e0a679f430b5edbec3a34a2adf825b3fed7f4f5860c0c4388682163,"Культура мовлення відбиває рівень опанування норм усної і писемної української літературної мови , свідоме й доречне використання виражальних засобів мови залежно від мети й обставин спілкування .",[],"[{""label"": ""MISC"", ""text"": ""Культура мовлення"", ""start"": 0, ""end"": 17}]"
9a088f742b1b287cc61b6b2dfc817ca5ecea654cabe73f85d3b4a8af76dca94a,"Культуру мови спрямовано на виховання навичок літературного спілкування , на засвоєння і творче використання норм слововжитку , граматичних правил , вимови , синонімічних багатств .",[],"[{""label"": ""MISC"", ""text"": ""Культуру мови"", ""start"": 0, ""end"": 13}]"
4fa856ea92d71d111d379b025746c8958ea910e87d077fdf8f7543747d2737fb,"З низькою культурою української мови пов’язані порушення правил сполучуваності слів і речень , наголошення , написання .",[],[]
8a404209f03f903f65e1ec5a5ef8400fac3ab3eee01668758ca5eec683d82c4d,"Культура мови — це й точність , виразність , стилістична майстерність висловлювання .",[],"[{""label"": ""MISC"", ""text"": ""Культура мови"", ""start"": 0, ""end"": 13}]"
ee1baef7e2354da2ff6f49097e89bba991f582bf452114a4f99348dea5100eb2,"Мовці , які дотримуються літературних норм , уникають у мовленнєвій практиці канцеляризмів , діалектизмів , суржику .",[],"[{""label"": ""JOB"", ""text"": ""Мовці"", ""start"": 0, ""end"": 5}, {""label"": ""MISC"", ""text"": ""канцеляризмів"", ""start"": 77, ""end"": 90}, {""label"": ""MISC"", ""text"": ""діалектизмів"", ""start"": 93, ""end"": 105}, {""label"": ""MISC"", ""text"": ""суржику"", ""start"": 108, ""end"": 115}]"
5a62b563981c84ed61403a5a54e0096fefd1196c1eec6fb0bafe5f6ae248e461,"Вони досягають досконалості в усній і писемній формах мовлення , що сприяє найточнішому , найповнішому вияву висловлюваної думки , передає гармонійне поєднання змісту і форми .",[],[]
7e04519745283351dc936d2bdc9ce0742831737193018ef0002c394f3b4d7d33,"Усі захоплюються працею майстра — людини , яка віртуозно володіє відповідним знаряддям .",[],"[{""label"": ""JOB"", ""text"": ""майстра"", ""start"": 24, ""end"": 31}]"
2c9dd68779625870f34a54257f477e562711b570513da5d69f5312dedbeca3fd,"Є майстри слова , що досконало опанували найскладніше і найдивовижніше знаряддя — мову .",[],"[{""label"": ""JOB"", ""text"": ""майстри слова"", ""start"": 2, ""end"": 15}, {""label"": ""ART"", ""text"": ""мову"", ""start"": 82, ""end"": 86}]"
df65c89fc9850f4ea21831e1c837d21474dea5396ddb1a23f5f9caec9eefb28c,"Такими майстрами стають лише закохані в рідне слово , лише ті , хто щоденно шліфує його , досягає гармонії думки і слова .",[],"[{""label"": ""JOB"", ""text"": ""Такими майстрами"", ""start"": 0, ""end"": 16}]"
4a43c3486d08f56e945a0ae6c52403419fc5144c62223c3e868cee1bf14fbea5,Потрібно вирізнити ступінь мовної компетентності людей .,[],"[{""label"": ""PERS"", ""text"": ""людей"", ""start"": 49, ""end"": 54}]"
b195ef2dd56004c0d01218185e56b154e8c9bb3cffabc5d246e40a6eee5ae026,"Є особи , мовлення яких має бути взірцем для громадян нашої країни .",[],"[{""label"": ""PERS"", ""text"": ""особи"", ""start"": 2, ""end"": 7}]"
1eab3560b7b40fab8b9d68a92dd47a9f418174abb9650f88a1dde9752178855e,"Це письменники , мовознавці , учителі , працівники радіо й телебачення та інші .","[{""label"": ""JOB"", ""text"": ""письменники""}, {""label"": ""JOB"", ""text"": ""мовознавці""}, {""label"": ""JOB"", ""text"": ""учителі""}, {""label"": ""JOB"", ""text"": ""працівники радіо й телебачення""}]","[{""label"": ""JOB"", ""text"": ""письменники"", ""start"": 3, ""end"": 14}, {""label"": ""JOB"", ""text"": ""мовознавці"", ""start"": 17, ""end"": 27}, {""label"": ""JOB"", ""text"": ""учителі"", ""start"": 30, ""end"": 37}, {""label"": ""JOB"", ""text"": ""працівники радіо й телебачення"", ""start"": 40, ""end"": 70}, {""label"": ""MISC"", ""text"": ""інші"", ""start"": 74, ""end"": 78}]"
0b773b0b4219beb61762d2debb95dcb279714569e8351dd69d25c406554f0677,"До когорти носіїв зразкової української мови мають належати державні і громадські діячі , урядовці різних рангів .","[{""label"": ""JOB"", ""text"": ""урядовці""}]","[{""label"": ""JOB"", ""text"": ""державні і громадські діячі"", ""start"": 60, ""end"": 87}, {""label"": ""JOB"", ""text"": ""урядовці"", ""start"": 90, ""end"": 98}]"
17146aa0bf13bb2fea5c8bac554d28dbe8e5223ae569adc3ca7dd8fe0ea89238,"На жаль , не все гаразд з опануванням норм сучасної української літературної мови багатьма нашими зверхниками .",[],"[{""label"": ""MISC"", ""text"": ""сучасної української літературної мови"", ""start"": 43, ""end"": 81}]"
982bd86a1962404b27b5f8ac0ac3dc84559ff9058457bce42a8020b39db368ec,До того ж мовні помилки трапляються у важливих державних документах .,[],"[{""label"": ""ART"", ""text"": ""мовні помилки"", ""start"": 10, ""end"": 23}, {""label"": ""ART"", ""text"": ""важливих державних документах"", ""start"": 38, ""end"": 67}]"
3766897fdda4c49384eca6ff2593df4c82bf29a8879484dd5c4ca6857593f4aa,Низький ступінь мовної компетентності часто виявляють мовці в наголошуванні слів .,[],"[{""label"": ""PERS"", ""text"": ""мовці"", ""start"": 54, ""end"": 59}]"
2053e24695ff181289a23deb90beb28dbb7107ac9c2e558ca43d0f0a0cba73f4,"А правильне наголошування створює красу рідної мови , її музичну витонченість і легкість .",[],[]
c3c4c38b43b02c6fc882fac4856eedd8612fc95c42d0932dc565f690c67b7209,"Особливо це стосується слів основних , першорядних .",[],"[{""label"": ""MISC"", ""text"": ""основних"", ""start"": 28, ""end"": 36}, {""label"": ""MISC"", ""text"": ""першорядних"", ""start"": 39, ""end"": 50}]"
83ff8d1fbab515e04d2b0f59a9412780416e7fcf59669b042c6e0705a21ff34c,"Приміром , назви нашого народу і мови .",[],"[{""label"": ""MISC"", ""text"": ""назви нашого народу і мови"", ""start"": 11, ""end"": 37}]"
08d2b10be946525cf014797d9128af479be65675b929052c94eeb044c01d9947,"Нерідко у словах українці , українець , українка , український , по-українському порушують наголос .",[],"[{""label"": ""PERS"", ""text"": ""українець"", ""start"": 28, ""end"": 37}, {""label"": ""PERS"", ""text"": ""українка"", ""start"": 40, ""end"": 48}]"
ef0f3bb37a4b2ae45e2f3583c24c3c5b020bfa1bf75b4d3856ed5d8fd5a2df95,"Запам’ятаймо , що завжди в цих словах слід ставити наголос на літері ї .",[],[]
d79ac1b4d7f9bbe01b3b372568ef7e796097fe3f0b9252679685cbc133be8b2b,"Вони зберігають наголошування власної назви Україна . Український « глухий кут » зумовлений тим , що інституційна та управлінська криза руйнують країну зсередини .","[{""label"": ""LOC"", ""text"": ""Україна""}]","[{""label"": ""LOC"", ""text"": ""Україна"", ""start"": 44, ""end"": 51}, {""label"": ""LOC"", ""text"": ""країну"", ""start"": 145, ""end"": 151}]"
38b3d938f121e3917d7d1c8fdf8e9b304b8314dd08d2ba37122915b8276fb267,"Вибратися з цього інституційного « дна » можна , сформувавши нові « правила гри » .",[],"[{""label"": ""MISC"", ""text"": ""правила гри"", ""start"": 68, ""end"": 79}]"
5607b56858c5385919ee25192232221bfa7a68f51eef56c774f0e5c81ef66840,Так вважає аналітик Олексій Жмеренецький ( див . « Українську правду » ) .,"[{""label"": ""JOB"", ""text"": ""аналітик""}, {""label"": ""PERS"", ""text"": ""Олексій Жмеренецький""}, {""label"": ""ORG"", ""text"": ""Українську правду""}]","[{""label"": ""JOB"", ""text"": ""аналітик"", ""start"": 11, ""end"": 19}, {""label"": ""PERS"", ""text"": ""Олексій Жмеренецький"", ""start"": 20, ""end"": 40}, {""label"": ""ORG"", ""text"": ""Українську правду"", ""start"": 51, ""end"": 68}]"
abd4285e0fcf160813af9fa29471a746a5167fc2e33cf09b799aa1a839f97b04,"Він переконаний , що « якість наших інститутів – судової , податкової , правоохоронної систем та в цілому системи державного управління – на рівні відсталих африканських країн .",[],"[{""label"": ""PERS"", ""text"": ""Він"", ""start"": 0, ""end"": 3}, {""label"": ""ORG"", ""text"": ""системи державного управління"", ""start"": 106, ""end"": 135}, {""label"": ""LOC"", ""text"": ""відсталих африканських країн"", ""start"": 147, ""end"": 175}]"
e1adda48e216b6d0924b42602cc0b7ffe0113b30fbd3eb1f22e7f50fb2525cd3,"Прямим результатом цього є виродження системи « правил гри » – правил співжиття , за якими взаємодіють між собою суспільство , бізнес , держава .",[],"[{""label"": ""MISC"", ""text"": ""правил гри"", ""start"": 48, ""end"": 58}, {""label"": ""ORG"", ""text"": ""суспільство"", ""start"": 113, ""end"": 124}, {""label"": ""ORG"", ""text"": ""бізнес"", ""start"": 127, ""end"": 133}, {""label"": ""ORG"", ""text"": ""держава"", ""start"": 136, ""end"": 143}]"
0b50c938c4421ff2bb7c62d353406ced6e8c3e524a95a7b59a1025158205b2ef,"Наслідки такої ситуації очевидні на відповідних показниках конкурентоздатності , економічної свободи , умов ведення бізнесу , захисту прав власності та рівня корупції » .",[],"[{""label"": ""MISC"", ""text"": ""конкурентоздатності"", ""start"": 59, ""end"": 78}, {""label"": ""MISC"", ""text"": ""економічної свободи"", ""start"": 81, ""end"": 100}, {""label"": ""MISC"", ""text"": ""умов ведення бізнесу"", ""start"": 103, ""end"": 123}, {""label"": ""MISC"", ""text"": ""захисту прав власності"", ""start"": 126, ""end"": 148}, {""label"": ""MISC"", ""text"": ""рівня корупції"", ""start"": 152, ""end"": 166}]"
bb10ba1f1f5587e19bb0d3114948960be9d17cd35e186dd6b3bdd96a45faa4f1,"Експерт наголошує , що проблема не в конкретних особистостях чи галузевих законах , а в невизначеності основоположних правил взаємовигідного співжиття громадян , бізнесу , органів влади , управлінців на формальному та на неформальному рівнях .",[],"[{""label"": ""PERS"", ""text"": ""Експерт"", ""start"": 0, ""end"": 7}, {""label"": ""MISC"", ""text"": ""галузевих законах"", ""start"": 64, ""end"": 81}, {""label"": ""ORG"", ""text"": ""бізнесу"", ""start"": 162, ""end"": 169}, {""label"": ""ORG"", ""text"": ""органів влади"", ""start"": 172, ""end"": 185}, {""label"": ""JOB"", ""text"": ""управлінців"", ""start"": 188, ""end"": 199}]"
37c91248bbfa41d16f3982f52883ff47fdd94e538aadb117c60536ef8bcd617a,"На думку експерта , адекватні для прогресивного світу інструменти змін – планомірне реформування та вибори нових керманичів – в Україні поки що не дають позитивних результатів .","[{""label"": ""LOC"", ""text"": ""Україні""}]","[{""label"": ""PERS"", ""text"": ""експерта"", ""start"": 9, ""end"": 17}, {""label"": ""MISC"", ""text"": ""планомірне реформування"", ""start"": 73, ""end"": 96}, {""label"": ""LOC"", ""text"": ""Україні"", ""start"": 128, ""end"": 135}]"
71906c7ff5448579599d5fead506ecf4a0a623e476bd115c496c47cc988e9ef9,"« Найщиріші бажання поодиноких політичних груп та лідерів покращити ситуацію згасають , стикаючись із фундаментальними принципами старої системи , - підкреслює аналітик . - Фрагментарні реформи наштовхуються на саботаж громадян та управлінців , нівелюються шляхом використання розгалуженої системи законодавчих норм , що роками виписувалися для реалізації корупційних схем . Майдан нічого в цьому плані не змінив , та й не міг змінити за своєю суттю – не запропонував нових спільних виписаних правил та процедур співжиття , не залишив після себе механізмів запровадження й контролю за виконанням цих правил .","[{""label"": ""JOB"", ""text"": ""аналітик""}, {""label"": ""MISC"", ""text"": ""Майдан""}]","[{""label"": ""PERS"", ""text"": ""аналітик"", ""start"": 160, ""end"": 168}, {""label"": ""MISC"", ""text"": ""Фрагментарні реформи"", ""start"": 173, ""end"": 193}, {""label"": ""PERS"", ""text"": ""громадян та управлінців"", ""start"": 219, ""end"": 242}, {""label"": ""MISC"", ""text"": ""розгалуженої системи законодавчих норм"", ""start"": 277, ""end"": 315}, {""label"": ""PERIOD"", ""text"": ""роками"", ""start"": 321, ""end"": 327}, {""label"": ""ORG"", ""text"": ""Майдан"", ""start"": 375, ""end"": 381}]"
421f230238d5de5a2147005b57b1eee2c3febeaf651bd63039d1122e9405311a,Натомість знову виштовхнув нагору відпрацьований політичний матеріал » .,[],[]
0741b67ba380d4bb595ecdb50b641258c6f4529ca84c24554c8a5c57577fca3a,"Тому , вважає Жмеренецький , « утворилося нове замкнене коло – зруйнована система управління , корумповані головні керманичі , відсутні проекти змін , – а народ зневірений .","[{""label"": ""PERS"", ""text"": ""Жмеренецький""}]","[{""label"": ""PERS"", ""text"": ""Жмеренецький"", ""start"": 14, ""end"": 26}, {""label"": ""MISC"", ""text"": ""зруйнована система управління"", ""start"": 63, ""end"": 92}]"
8c933a6eb8d720b986f67291d80c85cff81ae8a2a6f428be46796bd8ac08501c,Ця ситуація веде країну до краху » .,[],"[{""label"": ""LOC"", ""text"": ""країну"", ""start"": 17, ""end"": 23}]"
daa52d595142efa33f1295234d77400a737aab04a01233c1e4646ed56fc26073,"До того ж , на його переконання , « сьогодні реванш олігархічних сил з « людським обличчям » та стан війни зменшують легітимність подібного впливу суспільства на корумповану верхівку » .",[],"[{""label"": ""PERS"", ""text"": ""його переконання"", ""start"": 15, ""end"": 31}, {""label"": ""ORG"", ""text"": ""олігархічних сил"", ""start"": 52, ""end"": 68}]"
a20a4c9c8457c3d48b05ac779a0d98927a84120bbfe374bacfea822fc5ac78f0,"« … буде це тотальний розвал чи втрата якихось територій » Політолог з РФ Георгій Чижов зазначає , що « в суспільстві зростає націоналізм , підживлений патріотичною риторикою .","[{""label"": ""JOB"", ""text"": ""Політолог""}, {""label"": ""LOC"", ""text"": ""РФ""}, {""label"": ""PERS"", ""text"": ""Георгій Чижов""}]","[{""label"": ""JOB"", ""text"": ""Політолог"", ""start"": 59, ""end"": 68}, {""label"": ""PERS"", ""text"": ""Георгій Чижов"", ""start"": 74, ""end"": 87}, {""label"": ""MISC"", ""text"": ""націоналізм"", ""start"": 126, ""end"": 137}]"
cfb31be42b07d890583b56134d59f808d0bf5d8ac66df163a9c05998fbf6e49f,"Як будівник імперії , Путін не є найпослідовнішим .","[{""label"": ""PERS"", ""text"": ""Путін""}]","[{""label"": ""ORG"", ""text"": ""імперії"", ""start"": 12, ""end"": 19}, {""label"": ""PERS"", ""text"": ""Путін"", ""start"": 22, ""end"": 27}]"
b92ac5738e6be7ceabf479db8b9358f43ce7f3e98620689a806266fc8d95687e,Є радикальніші .,[],[]
178dfd8ad063d0898476a182b09c04c76bc00283ec2c6534fa736bf16b9d691f,"Кажуть , для них іконою здатен стати Ігор Гіркін ( колишній міністр оборони самопроголошеної ДНР , російський офіцер . - Ред . ) .","[{""label"": ""PERS"", ""text"": ""Ігор Гіркін""}, {""label"": ""JOB"", ""text"": ""міністр оборони""}, {""label"": ""LOC"", ""text"": ""ДНР""}, {""label"": ""JOB"", ""text"": ""офіцер""}]","[{""label"": ""PERS"", ""text"": ""Ігор Гіркін"", ""start"": 37, ""end"": 48}, {""label"": ""JOB"", ""text"": ""колишній міністр оборони"", ""start"": 51, ""end"": 75}, {""label"": ""ORG"", ""text"": ""самопроголошеної ДНР"", ""start"": 76, ""end"": 96}, {""label"": ""JOB"", ""text"": ""російський офіцер"", ""start"": 99, ""end"": 116}]"
77934af0ca8e7a096b167844e5d3097cec1cab8483dd630a6917bdd78c88f26c,"Крім того , у Росії традиційно сильні ліві настрої .","[{""label"": ""LOC"", ""text"": ""Росії""}]","[{""label"": ""LOC"", ""text"": ""Росії"", ""start"": 14, ""end"": 19}, {""label"": ""MISC"", ""text"": ""ліві настрої"", ""start"": 38, ""end"": 50}]"
0e1d43b2c9f89360db482140b9bd1fb20089937d925be2e6357158c3bcd30b65,У поєднанні з імперськими можуть створити серйозне суспільне ядро » ( тут і далі посилаємося на « Газету по-українськи » ) .,"[{""label"": ""ORG"", ""text"": ""Газету по-українськи""}]","[{""label"": ""ORG"", ""text"": ""Газету по-українськи"", ""start"": 98, ""end"": 118}]"
c4a7cc1cb43378f1c26d345b03cf42dd9e3ef8c3a3bf8616f01c5f03d64a096e,"Він також констатує , що не все спокійно і в кількох республіках . « Чечня входить до Російської Федерації скоріше формально .","[{""label"": ""LOC"", ""text"": ""Чечня""}, {""label"": ""LOC"", ""text"": ""Російської Федерації""}]","[{""label"": ""PERS"", ""text"": ""Він"", ""start"": 0, ""end"": 3}, {""label"": ""LOC"", ""text"": ""Чечня"", ""start"": 69, ""end"": 74}, {""label"": ""LOC"", ""text"": ""Російської Федерації"", ""start"": 86, ""end"": 106}]"
e71b9740115000d154fe3746a3bec53819c422f76ea356bbee489d018fc075e5,"Під загрозою весь Північний Кавказ » , - підкреслює політолог .","[{""label"": ""LOC"", ""text"": ""Північний Кавказ""}, {""label"": ""JOB"", ""text"": ""політолог""}]","[{""label"": ""LOC"", ""text"": ""Північний Кавказ"", ""start"": 18, ""end"": 34}, {""label"": ""PERS"", ""text"": ""політолог"", ""start"": 52, ""end"": 61}]"
ac5eb03f4ee00718fe87ed30fb3dde53b35cf88963615021ed1874f41804d523,"А відтак уточнює : « Хоча еліта національних регіонів у глибині Росії - Татарстану , Башкирії - не поспішатиме .","[{""label"": ""LOC"", ""text"": ""Росії""}, {""label"": ""LOC"", ""text"": ""Татарстану""}, {""label"": ""LOC"", ""text"": ""Башкирії""}]","[{""label"": ""LOC"", ""text"": ""Татарстану , Башкирії"", ""start"": 72, ""end"": 93}]"
eeac8ceb9106a1845089ce432aec503ecc75764e0c015db910a70b0b4fb8ca9c,За умови загальної дестабілізації можуть спробувати вибудувати певний кордон із Росією .,"[{""label"": ""LOC"", ""text"": ""Росією""}]","[{""label"": ""LOC"", ""text"": ""певний кордон із Росією"", ""start"": 63, ""end"": 86}]"
3371b7da280f8699ea961aaf16956505e6b76a6cebb2d872385b7bad3f94439a,І стати островами відносної стабільності .,[],[]
b1014346a223476927d77b2cf6c296f3e9dec772d4867a6cd6f1998b6a1f066d,"У будь-який момент можуть початися сутички , наприклад , на національному ґрунті .",[],"[{""label"": ""PERIOD"", ""text"": ""У будь-який момент"", ""start"": 0, ""end"": 18}, {""label"": ""LOC"", ""text"": ""національному ґрунті"", ""start"": 60, ""end"": 80}]"
44e6947f30ede727a5b52eef823166a5772fcfea2855747a6a70908c3a83311f,Їх здатен спровокувати якийсь дрібний привід » .,[],[]
161ce63309276124a5b98b57bca033babb3741005e5c4518fcbc71f4661cbc97,"За словами аналітика , у росіян накопичилася втома від нинішньої влади . « 15 років правління - це занадто для XXI століття .","[{""label"": ""PERIOD"", ""text"": ""15 років""}, {""label"": ""DATE"", ""text"": ""XXI століття""}]","[{""label"": ""PERS"", ""text"": ""аналітика"", ""start"": 11, ""end"": 20}, {""label"": ""PERIOD"", ""text"": ""XXI століття"", ""start"": 111, ""end"": 123}]"
79e364d5627b192b5fd00722704d2c00cf5a49ba88ae41098bccc9b84a1c81be,"Тим більше , економічно активне населення відчуває брехню й тиск .",[],"[{""label"": ""PERS"", ""text"": ""економічно активне населення"", ""start"": 13, ""end"": 41}]"
aefe7da52c6292036e23e0d17cbf8f934e91ae5e856d6dfdf0eea391bf2522b8,Насамперед від місцевих чиновників і силовиків . Росія наближається до серйозних змін .,"[{""label"": ""JOB"", ""text"": ""чиновників""}, {""label"": ""JOB"", ""text"": ""силовиків""}, {""label"": ""LOC"", ""text"": ""Росія""}]","[{""label"": ""JOB"", ""text"": ""чиновників"", ""start"": 24, ""end"": 34}, {""label"": ""LOC"", ""text"": ""Росія"", ""start"": 49, ""end"": 54}]"
38ead6e7ae9d73abad2fdd31029ab92033dec2a670569919a33ce20db788594a,"Поки що не зрозуміло , буде це тотальний розвал чи втрата якихось територій » , - наголосив Георгій Чижов .","[{""label"": ""PERS"", ""text"": ""Георгій Чижов""}]","[{""label"": ""PERS"", ""text"": ""Георгій Чижов"", ""start"": 92, ""end"": 105}]"
5d06bacb2b0c1c065334bc096f46b224542d76029b865cc8314831d1982580ed,"« Треба бути готовими » Радник Президента України Олег Медведєв ( посилаємося на ranok . ictv . ua ) нагадує : нещодавно експерти і політики запевняли , що Путін піде в наступ до 9 травня .","[{""label"": ""JOB"", ""text"": ""Радник Президента""}, {""label"": ""LOC"", ""text"": ""України""}, {""label"": ""PERS"", ""text"": ""Олег Медведєв""}, {""label"": ""MISC"", ""text"": ""ranok . ictv . ua""}, {""label"": ""PERS"", ""text"": ""Путін""}, {""label"": ""DATE"", ""text"": ""9 травня""}]","[{""label"": ""JOB"", ""text"": ""Радник Президента України"", ""start"": 24, ""end"": 49}, {""label"": ""PERS"", ""text"": ""Олег Медведєв"", ""start"": 50, ""end"": 63}, {""label"": ""ORG"", ""text"": ""ranok . ictv . ua"", ""start"": 81, ""end"": 98}, {""label"": ""PERS"", ""text"": ""Путін"", ""start"": 156, ""end"": 161}, {""label"": ""DATE"", ""text"": ""9 травня"", ""start"": 179, ""end"": 187}]"
c7c179b886df74ed41a3d7c14d2fef27b1652e353a899ea82e8e8666e4a9dbab,Тепер на активізацію з боку Росії і терористів чекають у другій половині місяця .,"[{""label"": ""LOC"", ""text"": ""Росії""}]","[{""label"": ""ORG"", ""text"": ""Росії"", ""start"": 28, ""end"": 33}, {""label"": ""ORG"", ""text"": ""терористів"", ""start"": 36, ""end"": 46}, {""label"": ""PERIOD"", ""text"": ""другій половині місяця"", ""start"": 57, ""end"": 79}]"
66d3ff3b56a2df6bc6255084835b5066d5f30eb4488d6fe47e47081dcda3027c,"Недарма за останні 2 місяці з території Росії в так звані « ДНР » та « ЛНР » прибуло понад 200 танків , 70 систем залпового вогню і 900 фур з боєприпасами .","[{""label"": ""PERIOD"", ""text"": ""2 місяці""}, {""label"": ""LOC"", ""text"": ""Росії""}, {""label"": ""LOC"", ""text"": ""ДНР""}, {""label"": ""LOC"", ""text"": ""ЛНР""}]","[{""label"": ""PERIOD"", ""text"": ""останні 2 місяці"", ""start"": 11, ""end"": 27}, {""label"": ""LOC"", ""text"": ""ДНР"", ""start"": 60, ""end"": 63}, {""label"": ""LOC"", ""text"": ""ЛНР"", ""start"": 71, ""end"": 74}, {""label"": ""QUANT"", ""text"": ""200 танків"", ""start"": 91, ""end"": 101}, {""label"": ""QUANT"", ""text"": ""70"", ""start"": 104, ""end"": 106}, {""label"": ""QUANT"", ""text"": ""900"", ""start"": 132, ""end"": 135}]"
a12e558a0969d43cb1089f316989370d05d27c87cf3d34954398c0688e0e5bdf,Він стверджує : є ознаки підготовки до наступу .,[],"[{""label"": ""PERS"", ""text"": ""Він"", ""start"": 0, ""end"": 3}]"
bb6e293bc9bf5404a3d34275f6329d5e67f87e4da1c99fd3421763d864771ce5,"Розвідувальні дані України , Америки , Європи переконливо свідчать як про велику концентрацію російських військ вздовж лінії українсько-російського кордону , так і про активну роботу з постачання озброєння на територію так званих « ДНР » та « ЛНР » . « Відомо , що рушниця , яка висить на стіні , рано чи пізно вистрелить .","[{""label"": ""LOC"", ""text"": ""України""}, {""label"": ""LOC"", ""text"": ""Америки""}, {""label"": ""LOC"", ""text"": ""Європи""}, {""label"": ""LOC"", ""text"": ""ДНР""}, {""label"": ""LOC"", ""text"": ""ЛНР""}]","[{""label"": ""ART"", ""text"": ""рушниця"", ""start"": 265, ""end"": 272}]"
d7d665e4040b8c93b60804a18db170e5a18775f39df465864f054600bbf7ec7c,"Тож , загроза наступу є доволі великою .",[],[]
30837ce1bcade8ff93dfe9e035f65ed49a36c0db6421e42a52944c8f32af6796,"Щоб її мінімізувати , постійно працюють військові і дипломати , але до неї треба бути готовими і фізично , і морально » , - зазначає Медведєв .","[{""label"": ""JOB"", ""text"": ""військові""}, {""label"": ""JOB"", ""text"": ""дипломати""}, {""label"": ""PERS"", ""text"": ""Медведєв""}]","[{""label"": ""JOB"", ""text"": ""військові"", ""start"": 40, ""end"": 49}, {""label"": ""JOB"", ""text"": ""дипломати"", ""start"": 52, ""end"": 61}, {""label"": ""PERS"", ""text"": ""Медведєв"", ""start"": 133, ""end"": 141}]"
f6fe56a55e1626b09ca8445c3d774c8529eb43d1ca99a94a1229bbd581bbe237,"На його думку , оскільки Росії не вдалося роз'єднати Україну , вона вирішила змінити стратегію і обрала тактику постійного її знесилення . « Мета Кремля – постійно виснажувати її , пити кров , витягувати жили , руйнувати економіку й не дати Україні просто стати на ноги .","[{""label"": ""LOC"", ""text"": ""Росії""}, {""label"": ""LOC"", ""text"": ""Україну""}, {""label"": ""LOC"", ""text"": ""Кремля""}, {""label"": ""LOC"", ""text"": ""Україні""}]","[{""label"": ""PERS"", ""text"": ""його думку"", ""start"": 3, ""end"": 13}, {""label"": ""ORG"", ""text"": ""Росії"", ""start"": 25, ""end"": 30}, {""label"": ""LOC"", ""text"": ""Україну"", ""start"": 53, ""end"": 60}, {""label"": ""ORG"", ""text"": ""Кремля"", ""start"": 146, ""end"": 152}, {""label"": ""LOC"", ""text"": ""Україні"", ""start"": 241, ""end"": 248}]"
3119a2f4a19fffb9d31223641a12e62bc70fc4e7535bec3a7b28555d89912224,"Російська влада сподівається , що терпець українців урветься , і в Україні почнуться якісь внутрішні бунти » , - вважає радник Президента . Увечері Вероніка не вийшла до Кіри , щоб не сердити матір .","[{""label"": ""LOC"", ""text"": ""Україні""}, {""label"": ""JOB"", ""text"": ""радник Президента""}, {""label"": ""PERS"", ""text"": ""Вероніка""}, {""label"": ""PERS"", ""text"": ""Кіри""}]","[{""label"": ""ORG"", ""text"": ""Російська влада"", ""start"": 0, ""end"": 15}, {""label"": ""LOC"", ""text"": ""Україні"", ""start"": 67, ""end"": 74}, {""label"": ""JOB"", ""text"": ""радник Президента"", ""start"": 120, ""end"": 137}, {""label"": ""PERS"", ""text"": ""Вероніка"", ""start"": 148, ""end"": 156}, {""label"": ""LOC"", ""text"": ""Кіри"", ""start"": 170, ""end"": 174}]"
e2ec20cb43eedc09709cc22752cc6466a1e4c50de5feca5d3a50b48da5910b13,"Дівчина бачила , як мати зачинила вхідні двері і ключ забрала із собою . Вероніці не спалося .","[{""label"": ""PERS"", ""text"": ""Вероніці""}]","[{""label"": ""PERS"", ""text"": ""Дівчина"", ""start"": 0, ""end"": 7}, {""label"": ""PERS"", ""text"": ""мати"", ""start"": 20, ""end"": 24}, {""label"": ""ART"", ""text"": ""ключ"", ""start"": 49, ""end"": 53}, {""label"": ""PERS"", ""text"": ""Вероніці"", ""start"": 73, ""end"": 81}]"
b22f96437bd2d0ad3cc27e715b21dc86a4f493446ef8d5ee1ca1eee598da3e70,У голову лізли всякі думки .,[],[]
7d658276224f2a2350687bf7c5ad9021df37df604c1b430efd26a0ab84937457,"Вона то беззастережно вірила Захару , то сумніви починали хробаком точити душу .","[{""label"": ""PERS"", ""text"": ""Захару""}]","[{""label"": ""PERS"", ""text"": ""Вона"", ""start"": 0, ""end"": 4}, {""label"": ""PERS"", ""text"": ""Захару"", ""start"": 29, ""end"": 35}]"
ede1e03698e4f76ee0c62476351c315e06f6d06ad3d0b069fe8c24aec109f392,І раптом її осяяла думка .,[],[]
24323197215e90422f5f3a026d8dd595725712f485d1af9dbbd51c085157d6aa,Сьогодні в них немає побачення .,[],"[{""label"": ""DATE"", ""text"": ""Сьогодні"", ""start"": 0, ""end"": 8}]"
790e08f6266547f9517f56f0333e4b707319776e902aada590d3b191ef9e77da,"А що , як піти перевірити , чи на місці його « мерседес » ?","[{""label"": ""ART"", ""text"": ""мерседес""}]","[{""label"": ""ART"", ""text"": ""мерседес"", ""start"": 47, ""end"": 55}]"
70a939d9f03fdf2e1b1185006e17371ff0af72335b4a2c1749e210d44927cbde,"Двері замкнені , але навстіж відчинене вікно . Вероніка по-котячому тихо встала , накинула халатик і в кімнатних пантофлях вислизнула у вікно .","[{""label"": ""PERS"", ""text"": ""Вероніка""}]","[{""label"": ""ART"", ""text"": ""Двері"", ""start"": 0, ""end"": 5}, {""label"": ""ART"", ""text"": ""вікно"", ""start"": 39, ""end"": 44}, {""label"": ""PERS"", ""text"": ""Вероніка"", ""start"": 47, ""end"": 55}, {""label"": ""ART"", ""text"": ""халатик"", ""start"": 91, ""end"": 98}, {""label"": ""MISC"", ""text"": ""кімнатних пантофлях"", ""start"": 103, ""end"": 122}, {""label"": ""ART"", ""text"": ""вікно"", ""start"": 136, ""end"": 141}]"
a5ebd2076e071c8b2b1e5f9ff98fb2e27bc8dadb944acc397f0d68879566745e,На вулиці було тихо й свіжо .,[],"[{""label"": ""LOC"", ""text"": ""На вулиці"", ""start"": 0, ""end"": 9}]"
4cae203143ae6a07b5ad6e44ef40a4959cac0cc692412aca4451b5ba35712b4d,"Берізка завмерла в дрімоті , і нерухоме повітря не тривожило її листя .",[],"[{""label"": ""PERS"", ""text"": ""Берізка"", ""start"": 0, ""end"": 7}, {""label"": ""LOC"", ""text"": ""дрімоті"", ""start"": 19, ""end"": 26}, {""label"": ""ART"", ""text"": ""листя"", ""start"": 64, ""end"": 69}]"
71d7c8be21585e3f2b330b22b0be4a89742dad0b3e0685b4124e94816afda4e6,За звичкою Вероніка торкнулася рукою стовбура й майже побігла знайомою стежкою .,"[{""label"": ""PERS"", ""text"": ""Вероніка""}]","[{""label"": ""PERS"", ""text"": ""Вероніка"", ""start"": 11, ""end"": 19}, {""label"": ""ART"", ""text"": ""стовбура"", ""start"": 37, ""end"": 45}, {""label"": ""LOC"", ""text"": ""знайомою стежкою"", ""start"": 62, ""end"": 78}]"
f55c179e6e0a6c901d23e6902cfea1f67e31257b56cc1fbead6a949b28a3448e,"Віддихавшись , Вероніка підійшла до паркана , де вони з Кірою вперше побачили Захара .","[{""label"": ""PERS"", ""text"": ""Вероніка""}, {""label"": ""PERS"", ""text"": ""Кірою""}, {""label"": ""PERS"", ""text"": ""Захара""}]","[{""label"": ""PERS"", ""text"": ""Вероніка"", ""start"": 15, ""end"": 23}, {""label"": ""LOC"", ""text"": ""паркана"", ""start"": 36, ""end"": 43}, {""label"": ""PERS"", ""text"": ""Кірою"", ""start"": 56, ""end"": 61}, {""label"": ""PERS"", ""text"": ""Захара"", ""start"": 78, ""end"": 84}]"
0235adb598c2443906b619130bbc7a773b90998895cfd4001f1d55e761c75e71,Вона зробила крок уперед – і роса на траві обпекла їй ноги .,[],"[{""label"": ""PERS"", ""text"": ""Вона"", ""start"": 0, ""end"": 4}, {""label"": ""ART"", ""text"": ""роса на траві"", ""start"": 29, ""end"": 42}]"
e053e369625a5d5144ba4ea7d7701e48a84d573d09bcf61410b2becdfa491da3,Автомобіля Захара на звичайному місці не було .,"[{""label"": ""PERS"", ""text"": ""Захара""}]","[{""label"": ""ART"", ""text"": ""Автомобіля"", ""start"": 0, ""end"": 10}, {""label"": ""PERS"", ""text"": ""Захара"", ""start"": 11, ""end"": 17}, {""label"": ""LOC"", ""text"": ""звичайному місці"", ""start"": 21, ""end"": 37}]"
58117e8fbdf5612c7719f343b5138266e1031ee7eb224127c2460bae60552161,"Щось підказало Вероніці , що треба сходити до річки .","[{""label"": ""PERS"", ""text"": ""Вероніці""}]","[{""label"": ""PERS"", ""text"": ""Вероніці"", ""start"": 15, ""end"": 23}, {""label"": ""LOC"", ""text"": ""річки"", ""start"": 46, ""end"": 51}]"
7d42293b6a99207fb5499c8521e88e571aa780737d06ca82f400242508bf8b3b,"Навіть не знаючи навіщо , дівчина побігла вузькою доріжкою .",[],"[{""label"": ""PERS"", ""text"": ""дівчина"", ""start"": 26, ""end"": 33}, {""label"": ""LOC"", ""text"": ""вузькою доріжкою"", ""start"": 42, ""end"": 58}]"
24521d8a55ababf5c297612ab33e3377ef07e3f3ae43cb58ad2e05fe2e3af1a9,Ще здалеку вона почула голоси . Вероніка тихо йшла вперед .,"[{""label"": ""PERS"", ""text"": ""Вероніка""}]","[{""label"": ""PERS"", ""text"": ""Вероніка"", ""start"": 32, ""end"": 40}]"
d380f07528f670ffb6f964034d60bcec644498036d6eaa28ee5fb6e9d837b197,"Сміх на якийсь час стих , і вона вже була заспокоїлася , аж раптом різко зупинилася за кущами терну .",[],"[{""label"": ""PERS"", ""text"": ""Сміх"", ""start"": 0, ""end"": 4}, {""label"": ""PERS"", ""text"": ""вона"", ""start"": 28, ""end"": 32}, {""label"": ""ART"", ""text"": ""кущами терну"", ""start"": 87, ""end"": 99}]"
be126e17c188a4b9bca9085de70d47d57ffa0c6f0452f884a628138c38036428,"Там , на березі річки , горіло багаття . Вероніці треба було пройти ще трохи , щоб розгледіти двох людей біля вогню .","[{""label"": ""PERS"", ""text"": ""Вероніці""}]","[{""label"": ""LOC"", ""text"": ""березі річки"", ""start"": 9, ""end"": 21}, {""label"": ""ART"", ""text"": ""багаття"", ""start"": 31, ""end"": 38}, {""label"": ""PERS"", ""text"": ""Вероніці"", ""start"": 41, ""end"": 49}, {""label"": ""PERS"", ""text"": ""двох людей"", ""start"": 94, ""end"": 104}]"
5893eccfff6d54259989bd8245362f48cba2f8869e892b9d1a902e98db9eb700,"Серце шалено калатало в грудях , поки вона зробила кілька кроків і визирнула з за дерева .",[],"[{""label"": ""PERS"", ""text"": ""Серце"", ""start"": 0, ""end"": 5}, {""label"": ""PERS"", ""text"": ""вона"", ""start"": 38, ""end"": 42}]"
e0d22362e18e891faa5fffe1a7939c2a42b058641a6868c37233a7cd5274f9c0,Там сиділи двоє : її Захар і Люська .,"[{""label"": ""PERS"", ""text"": ""Захар""}, {""label"": ""PERS"", ""text"": ""Люська""}]","[{""label"": ""LOC"", ""text"": ""Там"", ""start"": 0, ""end"": 3}, {""label"": ""PERS"", ""text"": ""Захар"", ""start"": 21, ""end"": 26}, {""label"": ""PERS"", ""text"": ""Люська"", ""start"": 29, ""end"": 35}]"
88daaa55f79712c0c2469ee36fd244f91f1ad202383a74c5e6900de2e20937f9,На них були тільки плавки . Захар зняв із шампура шматочок м’яса і поклав у відкритий рот своєї подруги . Вероніка стояла приголомшена .,"[{""label"": ""PERS"", ""text"": ""Захар""}, {""label"": ""PERS"", ""text"": ""Вероніка""}]","[{""label"": ""ART"", ""text"": ""плавки"", ""start"": 19, ""end"": 25}, {""label"": ""PERS"", ""text"": ""Захар"", ""start"": 28, ""end"": 33}, {""label"": ""ART"", ""text"": ""шампура"", ""start"": 42, ""end"": 49}, {""label"": ""ART"", ""text"": ""шматочок м’яса"", ""start"": 50, ""end"": 64}, {""label"": ""PERS"", ""text"": ""Вероніка"", ""start"": 106, ""end"": 114}]"
23d29cd574c8e7e82a0f343dcee5498ee1b5aaa47d5c5f3d57bf104bdf72e03a,"В одну мить її казковий світ , наповнений любов’ю , розвалився , утворивши величезну прірву між нею й Захаром .","[{""label"": ""PERS"", ""text"": ""Захаром""}]","[{""label"": ""MISC"", ""text"": ""казковий світ"", ""start"": 15, ""end"": 28}, {""label"": ""PERS"", ""text"": ""нею"", ""start"": 96, ""end"": 99}, {""label"": ""PERS"", ""text"": ""Захаром"", ""start"": 102, ""end"": 109}]"
b107addb3e2128136183cb8d4544a3815ea097559d1bdf0919d3ebf54dd01358,"Раптово нахлинули сльози та застелили очі , розмиваючи фігури , які зімкнулися в одне ціле на піску , прямо біля багаття , на її із Захаром місці .","[{""label"": ""PERS"", ""text"": ""Захаром""}]","[{""label"": ""ART"", ""text"": ""фігури"", ""start"": 55, ""end"": 61}, {""label"": ""LOC"", ""text"": ""прямо біля багаття"", ""start"": 102, ""end"": 120}, {""label"": ""PERS"", ""text"": ""Захаром"", ""start"": 132, ""end"": 139}]"
1c356b60665c6e76c0b4b9a882270d2981523a1060862dddc872ced6fd9233ce,"Кусаючи від образи губи , Вероніка побігла додому .","[{""label"": ""PERS"", ""text"": ""Вероніка""}]","[{""label"": ""PERS"", ""text"": ""Вероніка"", ""start"": 26, ""end"": 34}, {""label"": ""LOC"", ""text"": ""додому"", ""start"": 43, ""end"": 49}]"
59b7f2a2577a53a854596335b3da961297efb7db1757650c59ba3d240ea8f077,"І тільки опинившись у ліжку , дала волю сльозам .",[],[]
05ec99c824f0a3d1b43db12b35127521536f513427f5c3dd3955420e361b060d,"До ранку Вероніка почувалася не тільки приниженою , а й спустошеною .","[{""label"": ""PERS"", ""text"": ""Вероніка""}]","[{""label"": ""PERIOD"", ""text"": ""До ранку"", ""start"": 0, ""end"": 8}, {""label"": ""PERS"", ""text"": ""Вероніка"", ""start"": 9, ""end"": 17}]"
db29395be165d7b408695b77263fbdae87e296276f9c256a44401d956bd23049,"Її чисту любов розтоптали ногами , змішали з брудом , залишивши на душі розчарування та нудьгу .",[],"[{""label"": ""MISC"", ""text"": ""чисту любов"", ""start"": 3, ""end"": 14}, {""label"": ""MISC"", ""text"": ""брудом"", ""start"": 45, ""end"": 51}]"
e428e0ba971d2ca56711598ab67d968ac599e4487b815b9950f9b6bdbce11872,"Але їй вдалося вимкнути емоції і включити холодний розум . Вероніка знала , що ніколи більше не побачить Захара , а якщо зустріне , то навіть не заговорить із ним .","[{""label"": ""PERS"", ""text"": ""Вероніка""}, {""label"": ""PERS"", ""text"": ""Захара""}]","[{""label"": ""PERS"", ""text"": ""Вероніка"", ""start"": 59, ""end"": 67}, {""label"": ""PERS"", ""text"": ""Захара"", ""start"": 105, ""end"": 111}]"
5234cc8c094df7cefe7111edd4f2d9dba8f5db0d79926e2ae3a830172df7d0a1,Розділ 7,[],"[{""label"": ""MISC"", ""text"": ""Розділ 7"", ""start"": 0, ""end"": 8}]"
5261a7d8539fa4c758a07756e86158842e52d4f8bf82a840bbfaa14d067844d7,"Зі шрамом на душі та джинсовими штаньми , захованими на самому дні важучої валізи , виїжджала Вероніка до міста на вступні іспити . Захара вона більше не бачила і всіляко уникала зустрічі з ним .","[{""label"": ""PERS"", ""text"": ""Вероніка""}, {""label"": ""PERS"", ""text"": ""Захара""}]","[{""label"": ""ART"", ""text"": ""джинсовими штаньми"", ""start"": 21, ""end"": 39}, {""label"": ""ART"", ""text"": ""важучої валізи"", ""start"": 67, ""end"": 81}, {""label"": ""PERS"", ""text"": ""Вероніка"", ""start"": 94, ""end"": 102}, {""label"": ""LOC"", ""text"": ""міста"", ""start"": 106, ""end"": 111}, {""label"": ""PERS"", ""text"": ""Захара"", ""start"": 132, ""end"": 138}]"
13d16644aa35868ed34b939e100339aaa2d560dc97f57025ae2d5d01a9ccce78,"Було відчуття , ніби їй плюнули в душу , але у Вероніки вистачило розуму не затаїти зла на всю сильну половину людства .","[{""label"": ""PERS"", ""text"": ""Вероніки""}]","[{""label"": ""PERS"", ""text"": ""Вероніки"", ""start"": 47, ""end"": 55}]"
db6ff627703d9089b1ab45ce624296c6d1c844d97222878cb6ab6c9446d66c7b,"Постраждавши кілька днів , вона зробила контрольну ревізію у своїй душі . Вероніка відсіяла брехню його слів , удавання , обман і зраду , залишивши собі теплі спогади .","[{""label"": ""PERS"", ""text"": ""Вероніка""}]","[{""label"": ""PERIOD"", ""text"": ""кілька днів"", ""start"": 13, ""end"": 24}, {""label"": ""PERS"", ""text"": ""Вероніка"", ""start"": 74, ""end"": 82}, {""label"": ""MISC"", ""text"": ""брехню"", ""start"": 92, ""end"": 98}, {""label"": ""MISC"", ""text"": ""удавання"", ""start"": 111, ""end"": 119}, {""label"": ""MISC"", ""text"": ""обман"", ""start"": 122, ""end"": 127}, {""label"": ""MISC"", ""text"": ""зраду"", ""start"": 130, ""end"": 135}, {""label"": ""MISC"", ""text"": ""теплі спогади"", ""start"": 153, ""end"": 166}]"
8408edd12be83e8ccca553c9db4b4e4f06e6b2212306c07136003578e7c1fba3,"Вона зрозуміла , що ніколи не забуде , та й нема чого стирати з пам’яті їхнє знайомство , потім перше побачення біля річки й зустрічі .",[],"[{""label"": ""PERS"", ""text"": ""Вона"", ""start"": 0, ""end"": 4}, {""label"": ""LOC"", ""text"": ""річки"", ""start"": 117, ""end"": 122}]"
d49a5c528f1db827036ef7704a344d35deb15c99929e4efa335804b7cce11f8c,Яким прекрасним і різнобарвним тоді був для неї весь світ !,[],"[{""label"": ""PERS"", ""text"": ""неї"", ""start"": 44, ""end"": 47}, {""label"": ""LOC"", ""text"": ""весь світ"", ""start"": 48, ""end"": 57}]"
48310f84aa7341ff439d64138204937c9182f6eaa69e11aa8f3269469e5e997c,"І як яскраво горіли на небі зірки в той день , коли вона стала жінкою й випробувала новий , незнайомий смак любові ! Захар був її першою й справжньою любов’ю , першим чоловіком , тому , хай там як , вона його ніколи не забуде .","[{""label"": ""PERS"", ""text"": ""Захар""}]","[{""label"": ""PERS"", ""text"": ""вона"", ""start"": 52, ""end"": 56}, {""label"": ""PERS"", ""text"": ""Захар"", ""start"": 117, ""end"": 122}, {""label"": ""JOB"", ""text"": ""першим чоловіком"", ""start"": 160, ""end"": 176}, {""label"": ""PERS"", ""text"": ""вона"", ""start"": 199, ""end"": 203}]"
0a982c07045a4d438be48e9c13c0319ddb97639b5fe7db92854cfaba87ae9404,"Отже , вона зробила правильно , відкинувши сміття й залишивши в пам’яті тільки приємні спогади .",[],"[{""label"": ""PERS"", ""text"": ""вона"", ""start"": 7, ""end"": 11}, {""label"": ""ART"", ""text"": ""сміття"", ""start"": 43, ""end"": 49}]"
5566fdeddd80364b51b098ee8d7ff497d5fb2ebccb4c5a3c3612359f7b2b6b97,А як інакше ?,[],[]
fb4f4c5058ad63c066363c35a3fb00667314d9cc9c52a044de31768a6267d40c,"Можливо , її теплі почуття першого кохання рознесуть натовпи людей по вулицях нетямущого міста , вони розсіються серед багатоповерхівок , крамниць , театрів і новобудов та назавжди розчиняться в гуркоті заводів ? Вероніка прийшла рано вранці на автобусну зупинку з Кірою та Данилом .","[{""label"": ""PERS"", ""text"": ""Вероніка""}, {""label"": ""PERS"", ""text"": ""Кірою""}, {""label"": ""PERS"", ""text"": ""Данилом""}]","[{""label"": ""LOC"", ""text"": ""нетямущого міста"", ""start"": 78, ""end"": 94}, {""label"": ""MISC"", ""text"": ""багатоповерхівок"", ""start"": 119, ""end"": 135}, {""label"": ""MISC"", ""text"": ""заводів"", ""start"": 203, ""end"": 210}, {""label"": ""PERS"", ""text"": ""Вероніка"", ""start"": 213, ""end"": 221}, {""label"": ""LOC"", ""text"": ""автобусну зупинку"", ""start"": 245, ""end"": 262}, {""label"": ""PERS"", ""text"": ""Кірою"", ""start"": 265, ""end"": 270}, {""label"": ""PERS"", ""text"": ""Данилом"", ""start"": 274, ""end"": 281}]"
41050aebc279c67475bc3dfe73217a9d28c0bd698f5786d358d0acf689546033,Усіх їх вийшли провести батьки .,[],"[{""label"": ""PERS"", ""text"": ""батьки"", ""start"": 24, ""end"": 30}]"
6292149c606cfe88f290f309f7615e0c09046c32920b04180010c4ca36b04d3c,"Стоячи біля важких валіз , Вероніка кинула прощальний погляд на рідне село .","[{""label"": ""PERS"", ""text"": ""Вероніка""}]","[{""label"": ""ART"", ""text"": ""важких валіз"", ""start"": 12, ""end"": 24}, {""label"": ""PERS"", ""text"": ""Вероніка"", ""start"": 27, ""end"": 35}, {""label"": ""LOC"", ""text"": ""рідне село"", ""start"": 64, ""end"": 74}]"
101abf392a8735b842ea7938af02b67e5f428ea3b26e71ec7803da7981a6e2fd,"Унизу , понад річкою , тяглися хати , що потопали в зелені садів .",[],"[{""label"": ""LOC"", ""text"": ""Унизу , понад річкою"", ""start"": 0, ""end"": 20}]"
73741c2307227c6f0c04e1752ded102df3f0f9e84d455f9c36996aa2d76ccf1b,"Здалеку будинки нагадували розірване намисто , коли намистинки-хатки розсипалися півкільцем уздовж пишної зелені біля річки .",[],"[{""label"": ""ORG"", ""text"": ""будинки"", ""start"": 8, ""end"": 15}, {""label"": ""ART"", ""text"": ""розірване намисто"", ""start"": 27, ""end"": 44}, {""label"": ""ART"", ""text"": ""намистинки-хатки"", ""start"": 52, ""end"": 68}, {""label"": ""LOC"", ""text"": ""річки"", ""start"": 118, ""end"": 123}]"
d9549d0df7ec8bbba9403c3eee307a6456b0dc5175b211c0f32edc09c8b9d673,"Жовтоголові соняшники на полі , яке пролягло від села до зупинки , повернули свої цікаві голівки в бік Вероніки й застигли в одній позі , наче не розуміючи , навіщо вона покидає цей райський куточок .","[{""label"": ""PERS"", ""text"": ""Вероніки""}]","[{""label"": ""ART"", ""text"": ""Жовтоголові соняшники"", ""start"": 0, ""end"": 21}, {""label"": ""LOC"", ""text"": ""полі"", ""start"": 25, ""end"": 29}, {""label"": ""LOC"", ""text"": ""села"", ""start"": 49, ""end"": 53}, {""label"": ""LOC"", ""text"": ""зупинки"", ""start"": 57, ""end"": 64}, {""label"": ""PERS"", ""text"": ""Вероніки"", ""start"": 103, ""end"": 111}]"
016ecdc47d9aee17b5113fa62df57b08d86868e1f5779fec7be56880526ea6f7,"Раніше Вероніці здавалося , що вона буде їхати до міста з радістю .","[{""label"": ""PERS"", ""text"": ""Вероніці""}]","[{""label"": ""PERS"", ""text"": ""Вероніці"", ""start"": 7, ""end"": 15}, {""label"": ""LOC"", ""text"": ""міста"", ""start"": 50, ""end"": 55}]"
19033c861b521f60f7b621c62f309dfc6891aeb77c1747c0fd23e0a933c160a7,Та тепер її охопила непереборна туга .,[],[]
fdf351681bbb90325d500398186a6ba6d7032f36bbe720ce278f8967cac592f5,"Вона не могла уявити , як буде жити без річки , у якій вода така прозора , що можна бачити на дні пісок і дрібні відшліфовані водою камінці .",[],"[{""label"": ""PERS"", ""text"": ""Вона"", ""start"": 0, ""end"": 4}, {""label"": ""LOC"", ""text"": ""річки"", ""start"": 40, ""end"": 45}, {""label"": ""ART"", ""text"": ""пісок"", ""start"": 98, ""end"": 103}, {""label"": ""ART"", ""text"": ""дрібні відшліфовані водою камінці"", ""start"": 106, ""end"": 139}]"
f2652ec2c6f32f032d8a661231166247742f9bf6819f0931ea3752d361b406dd,"А як обходитися без саду біля будинку , без старої яблуні з кострубатими гілками руками , без улюблениці берізки ?",[],"[{""label"": ""MISC"", ""text"": ""саду біля будинку"", ""start"": 20, ""end"": 37}, {""label"": ""ART"", ""text"": ""старої яблуні з кострубатими гілками руками"", ""start"": 44, ""end"": 87}, {""label"": ""ART"", ""text"": ""улюблениці берізки"", ""start"": 94, ""end"": 112}]"
1a9cbb2990dc627bb6adde7941020fe3a0c6f43ab0d06934aba5117ea0cbdcc4,"І як буде мамі тужливо самій у будинку зимовими вечорами ! Вероніка тільки зараз відчула на собі , як важко розлучатися з тим , що таке любе серцю .","[{""label"": ""PERS"", ""text"": ""Вероніка""}]","[{""label"": ""PERS"", ""text"": ""мамі"", ""start"": 10, ""end"": 14}, {""label"": ""LOC"", ""text"": ""будинку"", ""start"": 31, ""end"": 38}, {""label"": ""PERIOD"", ""text"": ""зимовими вечорами"", ""start"": 39, ""end"": 56}, {""label"": ""PERS"", ""text"": ""Вероніка"", ""start"": 59, ""end"": 67}]"
7a7178fe07dba63e35f636cc3142ca70889fb0cd733b3531cf7dc38eb1f97be6,Розлучатися назавжди .,[],[]
ee192ddf9808e85659ef6f837fcf304fabe69dded01fd28f44fc72bd373d1284,Вона ніколи не повернеться жити у своє село .,[],"[{""label"": ""PERS"", ""text"": ""Вона"", ""start"": 0, ""end"": 4}, {""label"": ""LOC"", ""text"": ""своє село"", ""start"": 34, ""end"": 43}]"
261326907c9b5c99ae53d9b64946b28f5666c05f39795c3285222afa467afc86,"Їй доведеться стати хамелеоном , щоб швидко адаптуватися до гучного , різноголосого , курного міста й попрощатися з дитинством . Вероніка усвідомила , що в її житті починається новий етап , де не буде поруч мами й ніколи не буде Захара . Вероніка подивилася на матір .","[{""label"": ""PERS"", ""text"": ""Вероніка""}, {""label"": ""PERS"", ""text"": ""Захара""}, {""label"": ""PERS"", ""text"": ""Вероніка""}]","[{""label"": ""PERS"", ""text"": ""Їй"", ""start"": 0, ""end"": 2}, {""label"": ""JOB"", ""text"": ""хамелеоном"", ""start"": 20, ""end"": 30}, {""label"": ""LOC"", ""text"": ""гучного , різноголосого , курного міста"", ""start"": 60, ""end"": 99}, {""label"": ""PERIOD"", ""text"": ""дитинством"", ""start"": 116, ""end"": 126}, {""label"": ""PERS"", ""text"": ""Вероніка"", ""start"": 129, ""end"": 137}, {""label"": ""PERIOD"", ""text"": ""новий етап"", ""start"": 177, ""end"": 187}, {""label"": ""PERS"", ""text"": ""Захара"", ""start"": 229, ""end"": 235}, {""label"": ""PERS"", ""text"": ""Вероніка"", ""start"": 238, ""end"": 246}, {""label"": ""PERS"", ""text"": ""матір"", ""start"": 261, ""end"": 266}]"
1bf3c3f0c6d40ce2931972b38cf7e9c3e69fe256bd50c35ccb4985cd33d73351,"Вона й не помічала , як та змарніла за останні роки .",[],"[{""label"": ""PERS"", ""text"": ""Вона"", ""start"": 0, ""end"": 4}, {""label"": ""PERS"", ""text"": ""та"", ""start"": 24, ""end"": 26}, {""label"": ""PERIOD"", ""text"": ""останні роки"", ""start"": 39, ""end"": 51}]"
c510e0a5c59aee1e96188d079c64a7830a0edf6dbe7b0797290b38bdd733850b,"Ще зовсім молода , а виглядає старенькою .",[],[]
329dc8f6c7a98f332a7c37e923daaea823afc9df310223bcf3af8e3a894b027a,"Зараз Ксенія Петрівна ледь стримувала сльози , дивлячись на доньку .","[{""label"": ""PERS"", ""text"": ""Ксенія Петрівна""}]","[{""label"": ""PERS"", ""text"": ""Ксенія Петрівна"", ""start"": 6, ""end"": 21}, {""label"": ""PERS"", ""text"": ""доньку"", ""start"": 60, ""end"": 66}]"
678805ca901a812c5a466451c569498c055dbe2ab1c51ab8787ce1d9721bd264,"Вона часто погладжувала поділ сукні , наче та зім’ята , хоча насправді була ідеально випрасувана . Вероніка серцем доньки зрозуміла , як важко зараз матері .","[{""label"": ""PERS"", ""text"": ""Вероніка""}]","[{""label"": ""ART"", ""text"": ""сукні"", ""start"": 30, ""end"": 35}, {""label"": ""PERS"", ""text"": ""Вероніка"", ""start"": 99, ""end"": 107}, {""label"": ""PERS"", ""text"": ""матері"", ""start"": 149, ""end"": 155}]"
d5f04326e7f45ee84e226069d18a0d790064f84dae96647a300a02a5e4e8bdf4,"Якоїсь миті дівчині захотілося , щоб автобус не прийшов .",[],"[{""label"": ""PERS"", ""text"": ""дівчині"", ""start"": 12, ""end"": 19}, {""label"": ""ART"", ""text"": ""автобус"", ""start"": 37, ""end"": 44}]"
808e6f047ce739f8c951e30c2b2beda102f527b7f635a0e4cc24afb669149fae,"Тоді вона схопить важкі валізи й радісно скаже : « Та хай йому грець , тому інституту !",[],"[{""label"": ""PERS"", ""text"": ""вона"", ""start"": 5, ""end"": 9}, {""label"": ""ART"", ""text"": ""важкі валізи"", ""start"": 18, ""end"": 30}, {""label"": ""ORG"", ""text"": ""інституту"", ""start"": 76, ""end"": 85}]"
ab7f6b34cc6252b1d90816fe7c65660d4b004035d6293647ffd0c4758508fce2,"Ходімо , мамо , додому ! »",[],"[{""label"": ""PERS"", ""text"": ""мамо"", ""start"": 9, ""end"": 13}]"
47270a36294763c665543ef1c62de16c739a8796e9c3e556d5b8204e52625424,Але дива не сталося .,[],"[{""label"": ""PERS"", ""text"": ""дива"", ""start"": 4, ""end"": 8}]"
a35533a6e3d41641c2043efcfeaa3df0fecbf5561b0bd60a7f6762882bf3a0ed,"Гуркочучи розбитою дорогою й залишаючи за собою хмари дорожнього пилу , підійшов старий « пазик » . Вероніка поцілувала маму в щоку .","[{""label"": ""PERS"", ""text"": ""Вероніка""}]","[{""label"": ""LOC"", ""text"": ""розбитою дорогою"", ""start"": 10, ""end"": 26}, {""label"": ""ART"", ""text"": ""хмари дорожнього пилу"", ""start"": 48, ""end"": 69}, {""label"": ""ART"", ""text"": ""пазик"", ""start"": 90, ""end"": 95}, {""label"": ""PERS"", ""text"": ""Вероніка"", ""start"": 100, ""end"": 108}, {""label"": ""PERS"", ""text"": ""маму"", ""start"": 120, ""end"": 124}]"
573094f82b7ccb534bfb1778220437d97126433b5c3ecdfa05f02516c8f688ac,"Скільки смутку було у втомлених маминих очах ! Бабуся Улита зачудовано дивиться на онука , ще наче вчора говорити не вміло , а це вже тобі щедрує , тішиться з того й тато , ворушить білими од паморозі бровами й вусами , а Степанко вже поглядає на скриню , що стоїть у кутку бабиної хати .","[{""label"": ""PERS"", ""text"": ""Улита""}, {""label"": ""PERS"", ""text"": ""Степанко""}]","[{""label"": ""PERS"", ""text"": ""Бабуся Улита"", ""start"": 47, ""end"": 59}, {""label"": ""PERS"", ""text"": ""онука"", ""start"": 83, ""end"": 88}, {""label"": ""PERS"", ""text"": ""тато"", ""start"": 166, ""end"": 170}, {""label"": ""PERS"", ""text"": ""Степанко"", ""start"": 222, ""end"": 230}, {""label"": ""ART"", ""text"": ""скриню"", ""start"": 247, ""end"": 253}, {""label"": ""LOC"", ""text"": ""кутку бабиної хати"", ""start"": 268, ""end"": 286}]"
2229cf12e96f68298859d2e935f4a1f0a16df2c922407c8149d734fbee6c5ce9,"Та стара червона скриня завжди манила до себе й відлякувала , йому ніколи не вдавалося зазирнути до неї , лиш одного разу , коли бабуся підняла віко , на нього звідти повіяло незнайомим духом , якимсь несусвітнім , такого Степанко ніде й ніколи не чув .","[{""label"": ""PERS"", ""text"": ""Степанко""}]","[{""label"": ""ART"", ""text"": ""стара червона скриня"", ""start"": 3, ""end"": 23}, {""label"": ""PERS"", ""text"": ""бабуся"", ""start"": 129, ""end"": 135}, {""label"": ""PERS"", ""text"": ""Степанко"", ""start"": 222, ""end"": 230}]"
3a246799dac9def36597d3c2899527a927c1e4f8b4e8ffdae3ac68cdf271f623,"Приказуючи щедрівку , якої недавно навчила його матуся , малий дивився на скриню , і йому уявлялося , що ось зараз підніметься віко і звідти вийде Щедрик ( бо до кого ж оце він звертається — « Щедрик-ведрик … » ) , вийде такий маленький та добрий чоловічок з макітеркою масних пузатих вареників і з кільцем ковбаски , такої пахучої , що Степанкові вже лоскотало в носі й котилася слинка .","[{""label"": ""PERS"", ""text"": ""Щедрик""}, {""label"": ""PERS"", ""text"": ""Щедрик-ведрик""}, {""label"": ""PERS"", ""text"": ""Степанкові""}]","[{""label"": ""ART"", ""text"": ""щедрівку"", ""start"": 11, ""end"": 19}, {""label"": ""PERS"", ""text"": ""матуся"", ""start"": 48, ""end"": 54}, {""label"": ""PERS"", ""text"": ""малий"", ""start"": 57, ""end"": 62}, {""label"": ""LOC"", ""text"": ""віко"", ""start"": 127, ""end"": 131}, {""label"": ""PERS"", ""text"": ""маленький та добрий чоловічок"", ""start"": 227, ""end"": 256}, {""label"": ""ART"", ""text"": ""макітеркою масних пузатих вареників"", ""start"": 259, ""end"": 294}, {""label"": ""ART"", ""text"": ""кільцем ковбаски"", ""start"": 299, ""end"": 315}, {""label"": ""PERS"", ""text"": ""Степанкові"", ""start"": 337, ""end"": 347}]"
79fe98d7c5e91863f60f0397ba2703b3dca703f86c36ae8c9f71439ad23f5fd7,"Бабуся гладила Степанка по голові , напихала йому в кишені горішків , цукерок , а Щедрик не з’являвся , і Степанко стояв розгублений і розчарований : навіщо ж оце він так виспівував та випрошував , якщо той не з’явився .","[{""label"": ""PERS"", ""text"": ""Степанка""}, {""label"": ""PERS"", ""text"": ""Щедрик""}, {""label"": ""PERS"", ""text"": ""Степанко""}]","[{""label"": ""PERS"", ""text"": ""Бабуся"", ""start"": 0, ""end"": 6}, {""label"": ""PERS"", ""text"": ""Степанка"", ""start"": 15, ""end"": 23}, {""label"": ""ART"", ""text"": ""горішків"", ""start"": 59, ""end"": 67}, {""label"": ""ART"", ""text"": ""цукерок"", ""start"": 70, ""end"": 77}, {""label"": ""PERS"", ""text"": ""Щедрик"", ""start"": 82, ""end"": 88}, {""label"": ""PERS"", ""text"": ""Степанко"", ""start"": 106, ""end"": 114}]"
a69233aab52939826e51c33167ee4f97506330f21059c2617e41fe20dfdd91a3,"То вже пізніше , коли розпитував у бабусі Улити про Щедрика ( більше нікому не казав про нього , бо й так хлопці сміялися , що Степанкова баба — відьма ) , вона пояснила , що так і має бути , Щедрикові не можна показуватися людям на очі , не треба цього хотіти , бо коли хтось побачить його , тоді Щедрик помре .","[{""label"": ""PERS"", ""text"": ""Улити""}, {""label"": ""PERS"", ""text"": ""Щедрика""}, {""label"": ""PERS"", ""text"": ""Степанкова""}, {""label"": ""PERS"", ""text"": ""Щедрикові""}, {""label"": ""PERS"", ""text"": ""Щедрик""}]","[{""label"": ""PERS"", ""text"": ""бабусі Улити"", ""start"": 35, ""end"": 47}, {""label"": ""PERS"", ""text"": ""Щедрика"", ""start"": 52, ""end"": 59}, {""label"": ""PERS"", ""text"": ""Степанкова баба"", ""start"": 127, ""end"": 142}, {""label"": ""PERS"", ""text"": ""Щедрикові"", ""start"": 192, ""end"": 201}, {""label"": ""PERS"", ""text"": ""Щедрик"", ""start"": 298, ""end"": 304}]"
5fe712107e7c29488d013984847c2043ce35dca347f7ab6ec4e87657d2909b79,"Він робить добро чужими руками , навертає людей на приязнь та щедрість , тому й звертаються так до нього на Різдво , а бачити його зась .","[{""label"": ""MISC"", ""text"": ""Різдво""}]","[{""label"": ""PERS"", ""text"": ""Він"", ""start"": 0, ""end"": 3}, {""label"": ""PERS"", ""text"": ""нього"", ""start"": 99, ""end"": 104}, {""label"": ""DATE"", ""text"": ""Різдво"", ""start"": 108, ""end"": 114}]"
a57e977ab1863a2b4f24d909ce4931ef4f329fb7660dd4e2bfa7ae9cea4d7f59,Не смій цього хотіти .,[],[]
5672c76eb426f753726dffbfd3022b65d093ee4f3d38df4989d201702b66e9df,"І не в скрині живе він , Щедрику вільно ходити де хоче , бо народився із волі , у пралісі він народився і там найчастіше буває .","[{""label"": ""PERS"", ""text"": ""Щедрику""}]","[{""label"": ""ART"", ""text"": ""скрині"", ""start"": 7, ""end"": 13}, {""label"": ""PERS"", ""text"": ""Щедрику"", ""start"": 25, ""end"": 32}, {""label"": ""LOC"", ""text"": ""пралісі"", ""start"": 82, ""end"": 89}]"
da9da4527cfca412b8445f55ffdb8b4a6c54a69ba20d0f4e713160f50118898f,"Якось Степанко ходив у ліщину по горішки , але хтось уже обібрав кущі , то мусив вертатися додому з порожнім козубцем .","[{""label"": ""PERS"", ""text"": ""Степанко""}]","[{""label"": ""PERS"", ""text"": ""Степанко"", ""start"": 6, ""end"": 14}, {""label"": ""LOC"", ""text"": ""ліщину"", ""start"": 23, ""end"": 29}, {""label"": ""MISC"", ""text"": ""горішки"", ""start"": 33, ""end"": 40}, {""label"": ""MISC"", ""text"": ""кущі"", ""start"": 65, ""end"": 69}, {""label"": ""ART"", ""text"": ""порожнім козубцем"", ""start"": 100, ""end"": 117}]"
d0241e98deb94ff70928dd94205b9dde1e3b35a42fbe45f184be4c5decd99ce2,"Лиш на землі де-не-де завалявся горішок , та й той був із дірочкою , і чимало присохлих коронок лежало в траві — таки ж добре вродили цього року , та пізно Степанко прийшов — обтрусили , обірвали , вилущили з коронок горіхи , і більш не шукай .","[{""label"": ""PERS"", ""text"": ""Степанко""}]","[{""label"": ""ART"", ""text"": ""горішок"", ""start"": 32, ""end"": 39}, {""label"": ""ART"", ""text"": ""присохлих коронок"", ""start"": 78, ""end"": 95}, {""label"": ""PERS"", ""text"": ""Степанко"", ""start"": 156, ""end"": 164}, {""label"": ""ART"", ""text"": ""горіхи"", ""start"": 217, ""end"": 223}]"
25135bed3a8aac64a1eef1ab851e3dfe3f8206599f6bdda46fa15b8fc030f8a1,"Так то й так , Степанко ще пошукає грибів і піде додому , аж раптом побачив таке , що став як укопаний .","[{""label"": ""PERS"", ""text"": ""Степанко""}]","[{""label"": ""PERS"", ""text"": ""Степанко"", ""start"": 15, ""end"": 23}, {""label"": ""ART"", ""text"": ""грибів"", ""start"": 35, ""end"": 41}, {""label"": ""LOC"", ""text"": ""додому"", ""start"": 49, ""end"": 55}]"
65e952c52ed8f7a2156508b96dedec6d4bdc48bf2f692fda51bde8a01be668cc,"На круглому пеньку , порослому зеленим мохом , лежала добра пригірщ ліскових горіхів — великих , чистих , дорідних .",[],"[{""label"": ""LOC"", ""text"": ""круглому пеньку"", ""start"": 3, ""end"": 18}, {""label"": ""MISC"", ""text"": ""ліскових горіхів"", ""start"": 68, ""end"": 84}, {""label"": ""MISC"", ""text"": ""великих , чистих , дорідних"", ""start"": 87, ""end"": 114}]"
62e5bf49e1df2a85e4cc66265b7b9e2ee4b874839d88815310359bd1480477da,"І найдужче приголомшило Степанка те , що добре ж пам’ятає , як відпочивав на цьому пеньку , коли тільки-но прийшов до горішника , сидів на ньому й нічого не бачив , ніщо ж не муляло йому , от де заковика .","[{""label"": ""PERS"", ""text"": ""Степанка""}]","[{""label"": ""PERS"", ""text"": ""Степанка"", ""start"": 24, ""end"": 32}, {""label"": ""ART"", ""text"": ""горішника"", ""start"": 118, ""end"": 127}]"
a21101a23484e45dd40c5f70e4441c4c463c53ef159e39169333295ea4cebee8,"Нікого не було тут з людей , хто міг би покласти їх і забути , не чув нічиїх голосів , ніякого шуму , і ось тобі маєш .",[],"[{""label"": ""LOC"", ""text"": ""тут"", ""start"": 15, ""end"": 18}, {""label"": ""PERS"", ""text"": ""людей"", ""start"": 21, ""end"": 26}]"
daf434068e22404869cac3a61bb98426139a072616b16050be53e699396e4315,З неба впали ?,[],[]
2c6aa3578bdb6ca440eff36443b7e2bb26241463ffacf8d73f9645cea37a9742,"Та ж ні , це …",[],[]
acba6ea3b6b928879fcfa9969c1f4eb2ff974dbc829f71eccf1958baf5c7622e,"І раптом здогад остудив його всього , знав , що Щедрик не лихий , а от злякався на смерть , боявся кроку ступити , не те щоб узяти горішки , і коли щось шурхнуло в кущі , лиш на мить туди кинув оком і відразу ж заплющився , хоч здалося , уздрів таки щось червоне чи лишень його тінь , але ні , ні ! — його не можна бачити , то тільки привиділося так від страху , йому ще й не таке ввижалося , коли дуже лякався .","[{""label"": ""PERS"", ""text"": ""Щедрик""}]","[{""label"": ""PERS"", ""text"": ""Щедрик"", ""start"": 48, ""end"": 54}, {""label"": ""ART"", ""text"": ""горішки"", ""start"": 131, ""end"": 138}, {""label"": ""LOC"", ""text"": ""кущі"", ""start"": 164, ""end"": 168}]"
2ce1d1e92ea7797aeb7904e5f16f301fcd95018f8b62351ea17c8845a228930c,"А тоді Степанко так набрався страху , що не посмів і торкнутися тих горішків , не пам’ятає , як опинився за лісом , як біг і галуззя шмагало його по обличчю , і тільки зупинившись перед селом , відсапуючись , раптом відчув ще один страх , не такий гострий , як перший , не такий наглий , а якийсь повільний , розмірений , такий , що неквапом пробирав усе його тіло до нігтика , пронизував кожну волосинку . Степанко раптом подумав , що це ж Щедрик для нього так старався , збирав по однесенькому горішку на обчухраній ліщині й складав на пеньок , аби Степанко не йшов додому з порожнім козубцем , бо не можна йти впорожні з їхнього щедрого пралісу ; він так старався , цей Щедрик , що з обнесених кущів нарвав ще он скільки горіхів ( мабуть , жоден не сховався від нього у листі ) , а Степанко не взяв їх і дременув світ за очі , ніби погребував .","[{""label"": ""PERS"", ""text"": ""Степанко""}, {""label"": ""PERS"", ""text"": ""Степанко""}, {""label"": ""PERS"", ""text"": ""Щедрик""}, {""label"": ""PERS"", ""text"": ""Степанко""}, {""label"": ""PERS"", ""text"": ""Щедрик""}, {""label"": ""PERS"", ""text"": ""Степанко""}]","[{""label"": ""PERS"", ""text"": ""Степанко"", ""start"": 7, ""end"": 15}, {""label"": ""LOC"", ""text"": ""селом"", ""start"": 186, ""end"": 191}, {""label"": ""PERS"", ""text"": ""Степанко"", ""start"": 407, ""end"": 415}, {""label"": ""PERS"", ""text"": ""Щедрик"", ""start"": 441, ""end"": 447}, {""label"": ""LOC"", ""text"": ""обчухраній ліщині"", ""start"": 507, ""end"": 524}, {""label"": ""PERS"", ""text"": ""Степанко"", ""start"": 551, ""end"": 559}, {""label"": ""PERS"", ""text"": ""Щедрик"", ""start"": 673, ""end"": 679}, {""label"": ""PERS"", ""text"": ""Степанко"", ""start"": 785, ""end"": 793}]"
905f01e3cb828b9318786492520815f061fb1bc88f30b7b1db095f636afb7dbc,"Та ж він образив Щедрика , більшої образи і бути не може , коли до тебе з добром , а ти повертаєшся спиною , кому ж це таке сподобається .","[{""label"": ""PERS"", ""text"": ""Щедрика""}]","[{""label"": ""PERS"", ""text"": ""він"", ""start"": 5, ""end"": 8}, {""label"": ""PERS"", ""text"": ""Щедрика"", ""start"": 17, ""end"": 24}]"
67a020caffa4af740237c3eeadb64bec41ca5db97090da553dde031af7834da9,"Треба якось загладити цю вину , треба піти й забрати горішки .",[],"[{""label"": ""MISC"", ""text"": ""горішки"", ""start"": 53, ""end"": 60}]"
994039ec576dc5dec16d0c55a9e821c61f4a8f0057b0dff43911ae12730c0544,"Цей другий страх був дужчим за перший , бо Степанко таки вернувся назад .","[{""label"": ""PERS"", ""text"": ""Степанко""}]","[{""label"": ""PERS"", ""text"": ""Степанко"", ""start"": 43, ""end"": 51}]"
40b335b09cdbcb82e031964fc3220b84376736b80dd8a7c400fa1a84adab49f3,"Ішов поволеньки лісом , здригався на кожен подув вітру у верховітті , на хрускіт галузки , на стукотіння дятла , кожне дерево , кущик ворушились у нього в очах , і треба було зупинитись , аби й вони зупинилися , не перебігали йому дороги .",[],"[{""label"": ""LOC"", ""text"": ""лісом"", ""start"": 16, ""end"": 21}, {""label"": ""LOC"", ""text"": ""верховітті"", ""start"": 57, ""end"": 67}, {""label"": ""ART"", ""text"": ""галузки"", ""start"": 81, ""end"": 88}, {""label"": ""ART"", ""text"": ""дятла"", ""start"": 105, ""end"": 110}, {""label"": ""ART"", ""text"": ""кожне дерево"", ""start"": 113, ""end"": 125}, {""label"": ""ART"", ""text"": ""кущик"", ""start"": 128, ""end"": 133}]"
b576dec633e0958927ef060032226ad4d798f9b9ec691d68d39639706335d9d3,"Темні присмерки ворушкими тінями коливалися між стовбурів , він знав , що , коли темніє , у лісі завжди мариться , наче хтось ходить за деревами , бо сутінки сюди запливають нерівномірно , в гущавинах вони гуснуть швидше , на галявинах повільніше , і через те так здається ; Степанко це знав , однак після всього , що сталося , не міг погамувати в собі мерзенний холод , як не міг і вернутися до села .","[{""label"": ""PERS"", ""text"": ""Степанко""}]","[{""label"": ""ART"", ""text"": ""Темні присмерки"", ""start"": 0, ""end"": 15}, {""label"": ""LOC"", ""text"": ""лісі"", ""start"": 92, ""end"": 96}, {""label"": ""LOC"", ""text"": ""гущавинах"", ""start"": 191, ""end"": 200}, {""label"": ""LOC"", ""text"": ""галявинах"", ""start"": 226, ""end"": 235}, {""label"": ""PERS"", ""text"": ""Степанко"", ""start"": 275, ""end"": 283}, {""label"": ""LOC"", ""text"": ""села"", ""start"": 396, ""end"": 400}]"
f4b187f31454a326497c44d9693c150aa85481dab5f7fe788b9e359107d22b48,"Попереду його чекав ще один струс , до якого він зовсім не був готовий , та якби й підозрював про таке , все одно йшов би далі , бо мусив те побачити на власні очі , аби якось збагнути його і пояснити собі .",[],"[{""label"": ""MISC"", ""text"": ""струс"", ""start"": 28, ""end"": 33}, {""label"": ""PERS"", ""text"": ""він"", ""start"": 45, ""end"": 48}]"
a80af2d26983e9ce1606b93375f1e46f66868a815999eca2f0c15c0300bf0060,"Струсонуло Степанком біля того-таки пенька , до якого він дійшов ще завидна , дійшов і знову приріс до землі ні живий ні мертвий .","[{""label"": ""PERS"", ""text"": ""Степанком""}]","[{""label"": ""PERS"", ""text"": ""Степанком"", ""start"": 11, ""end"": 20}, {""label"": ""ART"", ""text"": ""пенька"", ""start"": 36, ""end"": 42}]"
4a25800a26e300d9a85037d4aba4eabfc4907b082cf10ae3eacf6635484ce661,Горіхів на пеньку не було .,[],[]
be850cce80fc2c726cc1dc70de9ba3493069c904d0000aca6bf80303f3cd1541,"Від них не лишилося й сліду , хоча , без сумніву , це був той самий пеньок , гладенький прикорінь товстого дуба , якого зрізали давно , вже й мохом зеленим поріс ; Степанко не міг помилитися , он же поруч той розлогий ліщиновий кущ , у якому , здалося , він угледів червону тінь , злякався й заплющив очі , переконуючи себе , що нічого не бачив .","[{""label"": ""PERS"", ""text"": ""Степанко""}]","[{""label"": ""ART"", ""text"": ""пеньок"", ""start"": 68, ""end"": 74}, {""label"": ""ART"", ""text"": ""гладенький прикорінь товстого дуба"", ""start"": 77, ""end"": 111}, {""label"": ""PERS"", ""text"": ""Степанко"", ""start"": 164, ""end"": 172}, {""label"": ""ART"", ""text"": ""розлогий ліщиновий кущ"", ""start"": 209, ""end"": 231}]"
694f7b8e03e084e64d57fb3ff5f0873dcb2e1b7a1ac43995d7bd5fbf828a89d7,« Бачив ?,[],"[{""label"": ""PERS"", ""text"": ""Бачив ?"", ""start"": 2, ""end"": 9}]"
1ca99cad4cb0ce8b3af930ee1f36d48a7e25a7961efd6f5b9280cbc7e735ad39,"Не бачив ? » — ця сліпа думка весь час щеміла йому в грудях , та він сахався її , проганяв з усіх сил , бо не можна було й припустити такого , що він бачив Щедрика , адже тоді той помер би .","[{""label"": ""PERS"", ""text"": ""Щедрика""}]","[{""label"": ""PERS"", ""text"": ""він"", ""start"": 65, ""end"": 68}, {""label"": ""PERS"", ""text"": ""він"", ""start"": 146, ""end"": 149}, {""label"": ""PERS"", ""text"": ""Щедрика"", ""start"": 156, ""end"": 163}]"
78725155fff4376b8d5e7e75f868b73b45a99be02c673bbdcebc440bc6dd9ba0,« Ні !,[],[]
95a59532dcabd663730f48c0f171cfffe4582abc018ef4c9ccfcb1fff88b3006,"Ні ! » — казав собі Степанко і тепер , стоячи біля спорожнілого пенька , зненацька відчув , як щось обпекло йому серце , мабуть , то була блискавка , яка , обпікаючи , водночас осяяла його зсередини , випалила там сумніви й освітила єдину думку .","[{""label"": ""PERS"", ""text"": ""Степанко""}]","[{""label"": ""PERS"", ""text"": ""Степанко"", ""start"": 20, ""end"": 28}, {""label"": ""LOC"", ""text"": ""спорожнілого пенька"", ""start"": 51, ""end"": 70}, {""label"": ""ART"", ""text"": ""блискавка"", ""start"": 138, ""end"": 147}]"
30479823ac967d35c290f872ea8151764b2f6d2349d9349c266b05ab9789d30c,"Ні , не бачив Степанко Щедрика , це точно , тому що Щедрик живий , ось же він забрав із пенька горішки , побачив , що Степанко не взяв їх , і визбирав , ніхто , крім нього , не міг це зробити .","[{""label"": ""PERS"", ""text"": ""Степанко""}, {""label"": ""PERS"", ""text"": ""Щедрика""}, {""label"": ""PERS"", ""text"": ""Щедрик""}, {""label"": ""PERS"", ""text"": ""Степанко""}]","[{""label"": ""PERS"", ""text"": ""Степанко Щедрика"", ""start"": 14, ""end"": 30}, {""label"": ""MISC"", ""text"": ""пенька"", ""start"": 88, ""end"": 94}, {""label"": ""ART"", ""text"": ""горішки"", ""start"": 95, ""end"": 102}]"
f5d68648cb4497dad999e177b5b583db592a0b0245e86b3b3d94c2730f5dc3b3,"То не біда , що він образився , Щедрик добрий і все зрозуміє , він же бачить , що Степанко вернувся по горішки , спершу злякався , з ким не буває , а тепер от знову прийшов , Щедрик же бачить .","[{""label"": ""PERS"", ""text"": ""Щедрик""}, {""label"": ""PERS"", ""text"": ""Степанко""}, {""label"": ""PERS"", ""text"": ""Щедрик""}]","[{""label"": ""PERS"", ""text"": ""Щедрик"", ""start"": 32, ""end"": 38}, {""label"": ""PERS"", ""text"": ""Степанко"", ""start"": 82, ""end"": 90}, {""label"": ""ART"", ""text"": ""горішки"", ""start"": 103, ""end"": 110}, {""label"": ""PERS"", ""text"": ""Щедрик"", ""start"": 175, ""end"": 181}]"
36b7fa014a94f15a4f5494b0814408073da595e78f1a505bd09a56fdca3df0b8,"Це все пусте , перебудеться , головне , що він живий , Степанко таки не побачив його , то Щедрик тільки подав йому знак , що він є на світі .","[{""label"": ""PERS"", ""text"": ""Степанко""}, {""label"": ""PERS"", ""text"": ""Щедрик""}]","[{""label"": ""PERS"", ""text"": ""Степанко"", ""start"": 55, ""end"": 63}, {""label"": ""PERS"", ""text"": ""Щедрик"", ""start"": 90, ""end"": 96}]"
99e29e15f882ce07b1fddb805528dd273a3bcdad7c8f882dd167f36db3907ae5,"І це не від страху заходиться серце , Степанко страх поборов ще тоді , як вернувся до лісу , це від радості серцю стало тісно у грудях . Щедрик жив !","[{""label"": ""PERS"", ""text"": ""Степанко""}, {""label"": ""PERS"", ""text"": ""Щедрик""}]","[{""label"": ""PERS"", ""text"": ""Степанко"", ""start"": 38, ""end"": 46}, {""label"": ""LOC"", ""text"": ""лісу"", ""start"": 86, ""end"": 90}, {""label"": ""PERS"", ""text"": ""Щедрик"", ""start"": 137, ""end"": 143}]"
7f897b973c9acd9f8952d11f322eb70adabeaf9a14e81490f4fcd4c4a456e355,"Він ще не раз давав знати про себе , і найчастіше тоді , коли Степанкові було непереливки .","[{""label"": ""PERS"", ""text"": ""Степанкові""}]","[{""label"": ""PERS"", ""text"": ""Він"", ""start"": 0, ""end"": 3}, {""label"": ""PERS"", ""text"": ""Степанкові"", ""start"": 62, ""end"": 72}]"
e8a59ff564779f788b641cb4324adc87e892eba67f4f100b85229ad77d9b4fc6,"Тут мушу взяти слово я , Щедрик , щоб пролити світло на деякі події , до яких мав певне відношення , власне , й не я , а Степан , але через мене .","[{""label"": ""PERS"", ""text"": ""Щедрик""}, {""label"": ""PERS"", ""text"": ""Степан""}]","[{""label"": ""PERS"", ""text"": ""Щедрик"", ""start"": 25, ""end"": 31}, {""label"": ""PERS"", ""text"": ""я"", ""start"": 115, ""end"": 116}, {""label"": ""PERS"", ""text"": ""Степан"", ""start"": 121, ""end"": 127}]"
d14b03ef298e6377b06d2d0535b2201abfb9dadacfdb9c200888771b98315b90,"Може , я й не гідний того , щоб мене вислухали , примарний чоловічок без плоті , не всяк із людей захоче такого слухати , та все-таки жадаю дещо прояснити , а то вже справа кожного зокрема — вірити мені чи ні .",[],"[{""label"": ""PERS"", ""text"": ""я"", ""start"": 7, ""end"": 8}, {""label"": ""PERS"", ""text"": ""мене"", ""start"": 32, ""end"": 36}]"
2eb03f14a56f99085f9aedde4ae7453e32e994c6a0cd52708098b51ee5ff9a77,"Мушу сказати це слово передовсім заради Степана , бо в декого може скластися про нього непевне враження як про чоловіка забобонного або , що гірше , людину з хворобливою уявою , здатну до перебільшень .","[{""label"": ""PERS"", ""text"": ""Степана""}]","[{""label"": ""PERS"", ""text"": ""Степана"", ""start"": 40, ""end"": 47}]"
354c807f5cc9710fd2534d7350ceecd37822006286427e73795bbb67c1f99c9a,"Єдине , що перебільшує Степан , — це мою всемогутність , та ще помиляється в тому , що я народився у пралісі .","[{""label"": ""PERS"", ""text"": ""Степан""}]","[{""label"": ""PERS"", ""text"": ""Степан"", ""start"": 23, ""end"": 29}, {""label"": ""LOC"", ""text"": ""пралісі"", ""start"": 101, ""end"": 108}]"
3ac3a57ebd95238a3115d0f51ab0957aa53255d90e2a593aa44882bdd62333f0,"Насправді ж я народився в його уяві і можу жити доти , поки живе Степан , не стане його — не буде й мене , Щедрика , хіба , може , хтось іще повірить у мене і тоді житиму далі .","[{""label"": ""PERS"", ""text"": ""Степан""}, {""label"": ""PERS"", ""text"": ""Щедрика""}]","[{""label"": ""PERS"", ""text"": ""я"", ""start"": 12, ""end"": 13}, {""label"": ""PERS"", ""text"": ""Степан"", ""start"": 65, ""end"": 71}, {""label"": ""PERS"", ""text"": ""Щедрика"", ""start"": 107, ""end"": 114}, {""label"": ""PERS"", ""text"": ""мене"", ""start"": 152, ""end"": 156}]"
bdb99b8d4c642770d900ee3c50ea9072bbdc1791e410f94d633fad84b1a2ff32,"Отже , я є дитиною Степанової душі і спроможний тільки на те , на що вистачає його власної волі , сили і духу , хоча здогадуюся , що Степанова віра в мене зміцнює ту його волю , силу і дух .","[{""label"": ""PERS"", ""text"": ""Степанової""}, {""label"": ""PERS"", ""text"": ""Степанова""}]","[{""label"": ""PERS"", ""text"": ""я"", ""start"": 7, ""end"": 8}]"
e8b34123e3ea4cd736cb7f5eafdd80177ff954cdc1db5f2fc433a12290292d22,Оце й уся моя могуть .,[],[]
1d41f14e98a3eece8acdc1110f5c49831389e3ae750173bf80da259de864a78f,"Щодо тих незбагненних і загадкових подій , які відбулися зі Степаном у пралісі й відбуватимуться ще не раз у його житті , то в них не було ані крихти чогось незвичайного , надприродного , пояснюються вони дуже просто , хоч люди й не люблять простеньких тлумачень , за якими часто приходить пісне розчарування .","[{""label"": ""PERS"", ""text"": ""Степаном""}]","[{""label"": ""PERS"", ""text"": ""Степаном"", ""start"": 60, ""end"": 68}, {""label"": ""LOC"", ""text"": ""пралісі"", ""start"": 71, ""end"": 78}]"
63010ce49b6a5716a9278bd1a623129a980dcea0bb20a05d5227ae4cc830b177,"Хіба не розчарувався б Степанко , якби , наприклад , якийсь дорослий мудрець розсудливо , за всіма законами логіки пояснив йому , що немає й не може бути ніякого Щедрика , то білка збирала горіхи на пеньок , щоб потім перенести їх у дупло про зиму .","[{""label"": ""PERS"", ""text"": ""Степанко""}, {""label"": ""PERS"", ""text"": ""Щедрика""}]","[{""label"": ""PERS"", ""text"": ""Степанко"", ""start"": 23, ""end"": 31}, {""label"": ""ART"", ""text"": ""Щедрика"", ""start"": 162, ""end"": 169}, {""label"": ""ART"", ""text"": ""білка"", ""start"": 175, ""end"": 180}, {""label"": ""MISC"", ""text"": ""горіхи"", ""start"": 189, ""end"": 195}, {""label"": ""ART"", ""text"": ""пеньок"", ""start"": 199, ""end"": 205}, {""label"": ""LOC"", ""text"": ""дупло"", ""start"": 233, ""end"": 238}]"
127e34b76e226b20f01f26e004612bf89ff8c729a7a3437834a9f651b36a0730,"То вона шелеснула у ліщині , Степанко глянув туди і встиг , мабуть , угледіти її червонястого хвостика й заплющив очі , злякавшись , що то майнув мій капелюшок .","[{""label"": ""PERS"", ""text"": ""Степанко""}]","[{""label"": ""PERS"", ""text"": ""вона"", ""start"": 3, ""end"": 7}, {""label"": ""LOC"", ""text"": ""ліщині"", ""start"": 20, ""end"": 26}, {""label"": ""PERS"", ""text"": ""Степанко"", ""start"": 29, ""end"": 37}]"
032dc6327a907d660333e0e6e17042573ad7060be56a56f0a0b49864aee011d9,"А до того часу , коли Степанко , пересиливши страх , повернувся до пенька , білка вже встигла перенести горіхи в дупло , так що дива тут ніякого ; проте чи принесла б втіху малому така правда ?","[{""label"": ""PERS"", ""text"": ""Степанко""}]","[{""label"": ""PERIOD"", ""text"": ""А до того часу"", ""start"": 0, ""end"": 14}, {""label"": ""PERS"", ""text"": ""Степанко"", ""start"": 22, ""end"": 30}, {""label"": ""LOC"", ""text"": ""пенька"", ""start"": 67, ""end"": 73}, {""label"": ""PERS"", ""text"": ""білка"", ""start"": 76, ""end"": 81}, {""label"": ""ART"", ""text"": ""горіхи"", ""start"": 104, ""end"": 110}, {""label"": ""LOC"", ""text"": ""дупло"", ""start"": 113, ""end"": 118}]"
498ec72c959530aa006af7c55b0f9e7fc767e7e6d78d2415a63bc7d60e17a6ea,"Або якби дізнався він , що з хати Пилипа Затірки сніпки позривав не я , а вітер , чи мав би радість від такої випадковості ?","[{""label"": ""PERS"", ""text"": ""Пилипа Затірки""}]","[{""label"": ""PERS"", ""text"": ""Пилипа Затірки"", ""start"": 34, ""end"": 48}]"
d690ef13d95dcbd6cb686aead987c70463010e909abbf87fb9d5cc494cabe80a,"Адже в тому й сіль уся , що зло неодмінно має бути покараним і покараним не через якийсь там збіг обставин , ні , воно зазнає кари по справедливості , негайно , і саме в діях моїх і бачив малий десницю справедливості .",[],"[{""label"": ""MISC"", ""text"": ""зло"", ""start"": 28, ""end"": 31}]"
adf7cd35bb81959cbc984219851cae29e598f1dcac6607cd6acf557793024a4d,"Так було і з Пилипом Затіркою . Степанко любив бігати з хлопцями на колгоспне дворище і найдужче — до кузні , де все так цікаво : сліпучий жар у горні , величезний міх , який хукає на вогонь , дядько Свирид таке виробляє молотком , що розпечене залізо вигинається , наче віск , пирскаючи на всі боки червоними іскрами — не підходь .","[{""label"": ""PERS"", ""text"": ""Пилипом Затіркою""}, {""label"": ""PERS"", ""text"": ""Степанко""}, {""label"": ""PERS"", ""text"": ""Свирид""}]","[{""label"": ""PERS"", ""text"": ""Пилипом Затіркою"", ""start"": 13, ""end"": 29}, {""label"": ""PERS"", ""text"": ""Степанко"", ""start"": 32, ""end"": 40}, {""label"": ""LOC"", ""text"": ""колгоспне дворище"", ""start"": 68, ""end"": 85}, {""label"": ""LOC"", ""text"": ""кузні"", ""start"": 102, ""end"": 107}, {""label"": ""ART"", ""text"": ""величезний міх"", ""start"": 153, ""end"": 167}, {""label"": ""PERS"", ""text"": ""дядько Свирид"", ""start"": 193, ""end"": 206}, {""label"": ""ART"", ""text"": ""розпечене залізо"", ""start"": 235, ""end"": 251}]"
19782ad3f935e7b9fc0b20c8219debdb7c54c6539294f43a1bd597d423bcaf4b,"Вони й не підходили близько , товпилися біля широких , як брама , дверей кузні , зачаровано стежили за дійством дядька Свирида , який незлостиво покрикував на них , щоб не застували світла ; трохи розступалися і знову сходилися докупи , наслухаючи веселе дзінь-дзень , вдихаючи крутий дух , який стояв тільки в кузні , а більше ніде .","[{""label"": ""PERS"", ""text"": ""Свирида""}]","[{""label"": ""LOC"", ""text"": ""кузні"", ""start"": 73, ""end"": 78}, {""label"": ""PERS"", ""text"": ""дядька Свирида"", ""start"": 112, ""end"": 126}, {""label"": ""LOC"", ""text"": ""кузні"", ""start"": 311, ""end"": 316}]"
cd657e79382a50295c200c0c8a1814743f4e38f008f9b683930a3780c5fa600e,"Дядько Свирид покрикував на них , однак ніколи б не зробив такого , як Пилип Затірка , хоч би як йому докучали .","[{""label"": ""PERS"", ""text"": ""Свирид""}, {""label"": ""PERS"", ""text"": ""Пилип Затірка""}]","[{""label"": ""PERS"", ""text"": ""Дядько Свирид"", ""start"": 0, ""end"": 13}, {""label"": ""PERS"", ""text"": ""Пилип Затірка"", ""start"": 71, ""end"": 84}]"
eda2db2e81b58843c264ab6c8ef98b5bb5e24507e36fd6092923779077080fff,"А той нудився якось у кузні , поки Свирид зробить йому щось нагальне до воза , нудився і з дурного ума придумав таке , що бодай рука йому всохла .","[{""label"": ""PERS"", ""text"": ""Свирид""}]","[{""label"": ""PERS"", ""text"": ""А той"", ""start"": 0, ""end"": 5}, {""label"": ""LOC"", ""text"": ""кузні"", ""start"": 22, ""end"": 27}, {""label"": ""PERS"", ""text"": ""Свирид"", ""start"": 35, ""end"": 41}, {""label"": ""ART"", ""text"": ""воза"", ""start"": 72, ""end"": 76}]"
e8f556728845eb5abca4b946583c0236a18fbb809011de61199c9b8d57615376,"Розпік у горні маленьку шайбочку до білого і нишком підкинув її туди , де тупцяли босоногі хлопчаки , щоб котрийсь наступив та посмішив Затірку .","[{""label"": ""PERS"", ""text"": ""Затірку""}]","[{""label"": ""ART"", ""text"": ""маленьку шайбочку до білого"", ""start"": 15, ""end"": 42}, {""label"": ""PERS"", ""text"": ""Затірку"", ""start"": 136, ""end"": 143}]"
3532b867b5f367b471eada5dd121ddeedbb8469832201a1885df00699b2c13fc,"Вони ж і не туди , роти пороззявляли й дивляться на старання дядька Свирида , і тут на всю кузню верескнув Степанко .","[{""label"": ""PERS"", ""text"": ""Свирида""}, {""label"": ""PERS"", ""text"": ""Степанко""}]","[{""label"": ""PERS"", ""text"": ""дядька Свирида"", ""start"": 61, ""end"": 75}, {""label"": ""LOC"", ""text"": ""кузню"", ""start"": 91, ""end"": 96}, {""label"": ""PERS"", ""text"": ""Степанко"", ""start"": 107, ""end"": 115}]"
60c1fd6b8f5b9d45e476921ef5227f3f136a2d6686687679f848db5860d326b3,"Кричить не своїм голосом , стрибає на одній нозі , й ніхто нічого не розбере , що це причинилось хлопцеві . Свирид спершу подумав , що іскра далеко відлетіла й Степанко наступив , але бачить — ні , іскра впекла б , і все , а тут якась більша біда .","[{""label"": ""PERS"", ""text"": ""Свирид""}, {""label"": ""PERS"", ""text"": ""Степанко""}]","[{""label"": ""PERS"", ""text"": ""Свирид"", ""start"": 108, ""end"": 114}, {""label"": ""ART"", ""text"": ""іскра"", ""start"": 135, ""end"": 140}, {""label"": ""PERS"", ""text"": ""Степанко"", ""start"": 160, ""end"": 168}, {""label"": ""ART"", ""text"": ""іскра"", ""start"": 198, ""end"": 203}]"
3087ed99ea9d927100ae0c4523e4939e68e8a0c95ea67e86a77895d0902b1c76,"І тільки тоді , як Степанко покотився по долівці , дриґаючи ногою , Свирид підбіг до нього і все зрозумів .","[{""label"": ""PERS"", ""text"": ""Степанко""}, {""label"": ""PERS"", ""text"": ""Свирид""}]","[{""label"": ""PERS"", ""text"": ""Степанко"", ""start"": 19, ""end"": 27}, {""label"": ""PERS"", ""text"": ""Свирид"", ""start"": 68, ""end"": 74}]"
ef7392597c669f40a648e7141efa774b2c052ceb0cb23a4d2b3599d54103d689,"Хлопець наступив п’ятою на розпечену шайбу і спершу не почув болю , бо п’ята зашкарубла , як підошва , потім залізо , пропікши товсту затверділу шкіру , в’їлося в тіло і пекло чимдалі дужче . Свирид притримав Степанка за ногу , насилу сколупнув твердим нігтем шайбу , потім узяв на поличці якусь білу мазь і приклав її до глибоко випеченої рани .","[{""label"": ""PERS"", ""text"": ""Свирид""}, {""label"": ""PERS"", ""text"": ""Степанка""}]","[{""label"": ""PERS"", ""text"": ""Хлопець"", ""start"": 0, ""end"": 7}, {""label"": ""ART"", ""text"": ""шайбу"", ""start"": 37, ""end"": 42}, {""label"": ""ART"", ""text"": ""залізо"", ""start"": 109, ""end"": 115}, {""label"": ""PERS"", ""text"": ""Свирид"", ""start"": 192, ""end"": 198}, {""label"": ""PERS"", ""text"": ""Степанка"", ""start"": 209, ""end"": 217}, {""label"": ""ART"", ""text"": ""шайбу"", ""start"": 260, ""end"": 265}]"
04ea4d415c7e2152dfba534c163ea25ffbec65eb7147296de1b297ccbbe04b9d,"Мазь не могла так швидко подіяти , але вона приємно холодила опік , Степанко перестав кричати , тільки ламкий стогін повз йому із грудей .","[{""label"": ""PERS"", ""text"": ""Степанко""}]","[{""label"": ""PERS"", ""text"": ""Степанко"", ""start"": 68, ""end"": 76}]"
86c2991cf4170d015618663f6194927246dd05544909b00dd4047f873f0adb38,"Очі заслала каламуть , проте не виступило ні сльозини , такий біль пронизав Степанка , що не зміг і заплакати , аби його притлумити . Парламент має намір спростити процедуру реєстрації підприємців .","[{""label"": ""PERS"", ""text"": ""Степанка""}, {""label"": ""ORG"", ""text"": ""Парламент""}]","[{""label"": ""PERS"", ""text"": ""Степанка"", ""start"": 76, ""end"": 84}, {""label"": ""ORG"", ""text"": ""Парламент"", ""start"": 134, ""end"": 143}]"
f20a1e828cff00dfd09e2369054fdf101904802302c4cd5f35d76c818f8cc479,Минулого тижня депутати прийняли за основу підготовлений Мінфіном проект відповідних правок до Податкового кодексу ( законопроект № 2029 ) .,"[{""label"": ""JOB"", ""text"": ""депутати""}, {""label"": ""ORG"", ""text"": ""Мінфіном""}, {""label"": ""ART"", ""text"": ""Податкового кодексу""}, {""label"": ""DOC"", ""text"": ""законопроект № 2029""}]","[{""label"": ""PERIOD"", ""text"": ""Минулого тижня"", ""start"": 0, ""end"": 14}, {""label"": ""PERS"", ""text"": ""депутати"", ""start"": 15, ""end"": 23}, {""label"": ""ORG"", ""text"": ""Мінфіном"", ""start"": 57, ""end"": 65}]"
74f1bcf09b69aa84cafb138f48afb7a049a72d3e2d83eb5b8ecd7da45fb559eb,"Документ дозволяє платникам податків , які уклали з органом Державної податкової служби договір про визнання електронних документів , подавати заяву про добровільну реєстрацію платником ПДВ в електронній формі .","[{""label"": ""ORG"", ""text"": ""Державної податкової служби""}]","[{""label"": ""ART"", ""text"": ""Документ"", ""start"": 0, ""end"": 8}, {""label"": ""ORG"", ""text"": ""Державної податкової служби"", ""start"": 60, ""end"": 87}, {""label"": ""ART"", ""text"": ""договір про визнання електронних документів"", ""start"": 88, ""end"": 131}]"
592693f99fb1eae8342318979e40378835baf46612acffaab479c094ec2e35b0,Віртуально зареєструватися платником ПДВ можна буде і через державного реєстратора - для цього йому необхідно відіслати додаток до реєстраційної карти з відповідною інформацією .,[],"[{""label"": ""ORG"", ""text"": ""платником ПДВ"", ""start"": 27, ""end"": 40}, {""label"": ""ART"", ""text"": ""додаток до реєстраційної карти"", ""start"": 120, ""end"": 150}]"
887bb64ae97cf4dd7b914addba58853169ffe99ac9bb21d2e0edbe32037f073b,Реєстратор повинен передати відскановані копії документів до податкової разом із даними з реєстраційної карти .,[],"[{""label"": ""PERS"", ""text"": ""Реєстратор"", ""start"": 0, ""end"": 10}, {""label"": ""ART"", ""text"": ""відскановані копії документів"", ""start"": 28, ""end"": 57}, {""label"": ""ORG"", ""text"": ""податкової"", ""start"": 61, ""end"": 71}, {""label"": ""ART"", ""text"": ""реєстраційної карти"", ""start"": 90, ""end"": 109}]"
989930ecdffb3aeb1b9f24138e2dd4180a9c16032932a5bb24baa2ede283fbd7,"« Платники податків , які добровільно реєструються як платники ПДВ , зможуть подати заяву на свій розсуд або держреєстратору , або до податкової .",[],"[{""label"": ""JOB"", ""text"": ""держреєстратору"", ""start"": 109, ""end"": 124}, {""label"": ""ORG"", ""text"": ""податкової"", ""start"": 134, ""end"": 144}]"
232c96e105ee35181906afb468ee30c4158704c4773f14f0b51fe42a4df50771,"Підприємства , які за законом зобов'язані реєструватися як платники ПДВ , повинні відправляти документи тільки до податкової служби » , - пояснила юрист АТ « АГ « Солодко і Партнери » Олена ТУРСЬКА .","[{""label"": ""ORG"", ""text"": ""податкової служби""}, {""label"": ""ORG"", ""text"": ""АТ « АГ « Солодко і Партнери »""}, {""label"": ""PERS"", ""text"": ""Олена ТУРСЬКА""}]","[{""label"": ""DOC"", ""text"": ""документи"", ""start"": 94, ""end"": 103}, {""label"": ""JOB"", ""text"": ""юрист"", ""start"": 147, ""end"": 152}, {""label"": ""ORG"", ""text"": ""АТ « АГ « Солодко і Партнери »"", ""start"": 153, ""end"": 183}, {""label"": ""PERS"", ""text"": ""Олена ТУРСЬКА"", ""start"": 184, ""end"": 197}]"
d454fa732621a28c95961085ae681a9cc1080d7ac6a0a343cce15d72d8a69d6b,Аналогічні можливості змінити свій бізнес-статус через Інтернет надаються і приватним підприємцям .,"[{""label"": ""MISC"", ""text"": ""Інтернет""}]","[{""label"": ""ORG"", ""text"": ""бізнес-статус"", ""start"": 35, ""end"": 48}, {""label"": ""PERS"", ""text"": ""приватним підприємцям"", ""start"": 76, ""end"": 97}]"
92166f062c8d03aa5535e74eac764d982358e54a1ccaea15778e52a4ba2508f4,Вони зможуть електронкою подати заяву про перехід на єдиний податок або в іншу групу « спрощенців » ( платники єдиного податку розділені на шість груп залежно від річного обороту і кількості штатних співробітників ) .,[],"[{""label"": ""MISC"", ""text"": ""єдиний податок"", ""start"": 53, ""end"": 67}, {""label"": ""MISC"", ""text"": ""спрощенців"", ""start"": 87, ""end"": 97}, {""label"": ""QUANT"", ""text"": ""кількості штатних співробітників"", ""start"": 181, ""end"": 213}]"
7dee0b9af27eed871ba9e8bd5c985e97c0fb7837d5048f8919deaa23f989838a,"Якщо зміни будуть прийняті , процедура первинної реєстрації юридичних осіб та фізичних осіб-підприємців стане набагато простішою .",[],"[{""label"": ""ORG"", ""text"": ""юридичних осіб та фізичних осіб-підприємців"", ""start"": 60, ""end"": 103}]"
e228ad1df90e527d03298c3c15c46b2a675e2fa31d096efe6bc34f57754f597e,"Зараз платники податків повинні звертатися до податкової служби в обов'язковому порядку , інформуючи їх про обрану систему оподаткування .","[{""label"": ""ORG"", ""text"": ""податкової служби""}]","[{""label"": ""PERIOD"", ""text"": ""Зараз"", ""start"": 0, ""end"": 5}, {""label"": ""ORG"", ""text"": ""податкової служби"", ""start"": 46, ""end"": 63}]"
a0b4da5afbecf9e41dbdbd7507710c65edc82e30ba8713164d1975c78c124bd2,Тільки після цього вони можуть розраховувати на отримання свідоцтва платника єдиного податку або платника ПДВ .,[],"[{""label"": ""DOC"", ""text"": ""свідоцтва платника єдиного податку"", ""start"": 58, ""end"": 92}, {""label"": ""DOC"", ""text"": ""платника ПДВ"", ""start"": 97, ""end"": 109}]"
95d63709912eb2afb725dad71d235ae3b845c8f4098c6022b41ab6b43fcace08,"Однак юристи не виключають , що добрі наміри законодавців можуть обернутися для підприємств зайвим головним болем , а податківцям дадуть ще один привід для застосування санкцій .","[{""label"": ""JOB"", ""text"": ""юристи""}, {""label"": ""JOB"", ""text"": ""податківцям""}]","[{""label"": ""ORG"", ""text"": ""юристи"", ""start"": 6, ""end"": 12}, {""label"": ""ORG"", ""text"": ""підприємств"", ""start"": 80, ""end"": 91}, {""label"": ""ORG"", ""text"": ""податківцям"", ""start"": 118, ""end"": 129}]"
4d3a50890d9599d8391015311992169e6158048c9851c646e1e0880d7c83c24c,"« Уже зараз в адміністративних судах розглядається чимало суперечок , що виникли через збої електронної системи подання податкової звітності .",[],"[{""label"": ""ORG"", ""text"": ""адміністративних судах"", ""start"": 14, ""end"": 36}, {""label"": ""MISC"", ""text"": ""електронної системи подання податкової звітності"", ""start"": 92, ""end"": 140}]"
93088f4c28ef7bc69636dc58e135c334fd44d8d652b8eb31ce4ea8869ac24021,З прийняттям цього закону їх число може збільшитися .,[],[]
8eb309ea562608fc3e56c7f062c025d1b47a762f3bbcaeb21382421263163b13,"Хоча наскільки вдало буде реалізована технічна частина запланованих нововведень , покаже тільки практика » , - вважає Олена Турська .","[{""label"": ""PERS"", ""text"": ""Олена Турська""}]","[{""label"": ""MISC"", ""text"": ""технічна частина"", ""start"": 38, ""end"": 54}, {""label"": ""MISC"", ""text"": ""практика"", ""start"": 96, ""end"": 104}, {""label"": ""PERS"", ""text"": ""Олена Турська"", ""start"": 118, ""end"": 131}]"
9c7716405bb5ad788bbb549237db72e626a671c0b5d33189b867ef3dc748d761,"Складнощі можуть виникнути і через те , що мінфінівський законопроект не передбачив змін до Закону « Про державну реєстрацію юридичних осіб та фізичних осіб-підприємців » , тому платникам податків варто побоюватися каверз з боку реєстраторів . На перших порах режисери ставили класику . Лесь Курбас інсценізував « Гайдамаки » Шевченка , поставив п'єси « Цар Едіп » Софокла , « Макбет » Шекспіра , « Джіммі Хіггінс » Сінклера , « Газ » Кайзера тощо .","[{""label"": ""DOC"", ""text"": ""Закону « Про державну реєстрацію юридичних осіб та фізичних осіб-підприємців »""}, {""label"": ""PERS"", ""text"": ""Лесь Курбас""}, {""label"": ""ART"", ""text"": ""Гайдамаки""}, {""label"": ""PERS"", ""text"": ""Шевченка""}, {""label"": ""ART"", ""text"": ""Цар Едіп""}, {""label"": ""PERS"", ""text"": ""Софокла""}, {""label"": ""ART"", ""text"": ""Макбет""}, {""label"": ""PERS"", ""text"": ""Шекспіра""}, {""label"": ""ART"", ""text"": ""Джіммі Хіггінс""}, {""label"": ""PERS"", ""text"": ""Сінклера""}, {""label"": ""ART"", ""text"": ""Газ""}, {""label"": ""PERS"", ""text"": ""Кайзера""}]","[{""label"": ""PERS"", ""text"": ""Лесь Курбас"", ""start"": 287, ""end"": 298}, {""label"": ""ART"", ""text"": ""Цар Едіп"", ""start"": 354, ""end"": 362}, {""label"": ""ART"", ""text"": ""Макбет"", ""start"": 377, ""end"": 383}, {""label"": ""ART"", ""text"": ""Газ"", ""start"": 429, ""end"": 432}]"
a75aab177e197af5e05ac00921aeebd588ff4e74a4c462105e81121dd34597ed,"Вперше герої світової класики заговорили українською мовою , адже в Російській імперії не дозволялося ставити п'єси світових драматургів у перекладі українською .","[{""label"": ""LOC"", ""text"": ""Російській імперії""}, {""label"": ""JOB"", ""text"": ""драматургів""}]","[{""label"": ""LOC"", ""text"": ""Російській імперії"", ""start"": 68, ""end"": 86}]"
c877b1bc510b8923a5ff1a9534e88c0f58d407dd00ca34791fa668bafaf22f7c,Національна драматургія в театрі Курбаса була представлена реалістичною драмою Винниченка ( « Чорна Пантера і Білий Медвідь » ) та символістськими етюдами Олександра Олеся .,"[{""label"": ""ORG"", ""text"": ""театрі Курбаса""}, {""label"": ""PERS"", ""text"": ""Винниченка""}, {""label"": ""ART"", ""text"": ""Чорна Пантера і Білий Медвідь""}, {""label"": ""PERS"", ""text"": ""Олександра Олеся""}]","[{""label"": ""ART"", ""text"": ""Національна драматургія"", ""start"": 0, ""end"": 23}, {""label"": ""ORG"", ""text"": ""театрі Курбаса"", ""start"": 26, ""end"": 40}, {""label"": ""PERS"", ""text"": ""Винниченка"", ""start"": 79, ""end"": 89}, {""label"": ""ART"", ""text"": ""Чорна Пантера і Білий Медвідь"", ""start"": 94, ""end"": 123}, {""label"": ""PERS"", ""text"": ""Олександра Олеся"", ""start"": 155, ""end"": 171}]"
1d98ca1d0807227b6f560aa85cb147909559433b7937c214e66daf97cbe14a56,"Широко побутувала агітп'єса , але вона не мала художньої цінності .",[],"[{""label"": ""ART"", ""text"": ""агітп'єса"", ""start"": 18, ""end"": 27}, {""label"": ""ART"", ""text"": ""художньої цінності"", ""start"": 47, ""end"": 65}]"
febd18784406b84799050391676974cd88234aba88ebb5307697d3590d192694,"Незабаром виникла соціально-психологічна драма ( « 97 » Миколи Куліша ) , документально-реалістична ( « Бунтар » , « Дванадцять » Мирослава Ірчана ) і символістсько-романтична п'єса ( « Коли народ визволяється » , « Батальйон мертвих » Якова Мамонтова ) . Мирослав Ірчан ( 1897 — 1937 ) у річищі експресіонізму написав найкращу свою п'єсу « Родина щіткарів » ( 1923 ) . Фабулу для твору він взяв із замітки в німецькій газеті , де розповідалося , як єдиний видющий син у сліпій родині щіткаря і музиканта повернувся з фронту Першої світової війни осліплений газами .","[{""label"": ""ART"", ""text"": ""97""}, {""label"": ""PERS"", ""text"": ""Миколи Куліша""}, {""label"": ""ART"", ""text"": ""Бунтар""}, {""label"": ""ART"", ""text"": ""Дванадцять""}, {""label"": ""PERS"", ""text"": ""Мирослава Ірчана""}, {""label"": ""ART"", ""text"": ""Коли народ визволяється""}, {""label"": ""ART"", ""text"": ""Батальйон мертвих""}, {""label"": ""PERS"", ""text"": ""Якова Мамонтова""}, {""label"": ""PERS"", ""text"": ""Мирослав Ірчан""}, {""label"": ""PERIOD"", ""text"": ""1897 — 1937""}, {""label"": ""ART"", ""text"": ""Родина щіткарів""}, {""label"": ""DATE"", ""text"": ""1923""}, {""label"": ""MISC"", ""text"": ""Першої світової війни""}]","[{""label"": ""ART"", ""text"": ""соціально-психологічна драма"", ""start"": 18, ""end"": 46}, {""label"": ""PERS"", ""text"": ""Миколи Куліша"", ""start"": 56, ""end"": 69}, {""label"": ""ART"", ""text"": ""Бунтар"", ""start"": 104, ""end"": 110}, {""label"": ""PERS"", ""text"": ""Мирослава Ірчана"", ""start"": 130, ""end"": 146}, {""label"": ""ART"", ""text"": ""Батальйон мертвих"", ""start"": 216, ""end"": 233}, {""label"": ""PERS"", ""text"": ""Якова Мамонтова"", ""start"": 236, ""end"": 251}, {""label"": ""PERS"", ""text"": ""Мирослав Ірчан"", ""start"": 256, ""end"": 270}, {""label"": ""ORG"", ""text"": ""німецькій газеті"", ""start"": 409, ""end"": 425}]"
3c2df17077e1345788bdf11a735883ff06301215af5d85e3cf5de909f763e020,"Конфлікт будується на протиставленні двох родин — щіткаря і фабриканта зброї , професора й винахідника отруйних газів .",[],"[{""label"": ""JOB"", ""text"": ""щіткаря"", ""start"": 50, ""end"": 57}, {""label"": ""JOB"", ""text"": ""фабриканта зброї"", ""start"": 60, ""end"": 76}, {""label"": ""JOB"", ""text"": ""професора"", ""start"": 79, ""end"": 88}, {""label"": ""JOB"", ""text"": ""винахідника отруйних газів"", ""start"": 91, ""end"": 117}]"
61bc52f5a3eac0601770499a0d3deb8253534864dcab88e4ad2cd65e6b82cc44,"Долі родин перехрещуються : діти дружили ще в дитинстві , а пізніше їхні дороги розійшлися .",[],"[{""label"": ""PERS"", ""text"": ""діти"", ""start"": 28, ""end"": 32}]"
5c981ea8b2ff972578bb02c7c83632ded4f0de8a6c915c132f1db88b284d5903,"Син капіталіста Боб тяжко кривдить сліпу Єву , а винайдені підприємцем гази на фронті позбавляють зору Івана , якого родина щіткарів називала своїми єдиними очима .","[{""label"": ""PERS"", ""text"": ""Боб""}, {""label"": ""PERS"", ""text"": ""Єву""}, {""label"": ""PERS"", ""text"": ""Івана""}]","[{""label"": ""JOB"", ""text"": ""капіталіста"", ""start"": 4, ""end"": 15}, {""label"": ""PERS"", ""text"": ""Боб"", ""start"": 16, ""end"": 19}, {""label"": ""PERS"", ""text"": ""Єву"", ""start"": 41, ""end"": 44}, {""label"": ""LOC"", ""text"": ""фронті"", ""start"": 79, ""end"": 85}, {""label"": ""PERS"", ""text"": ""Івана"", ""start"": 103, ""end"": 108}, {""label"": ""ORG"", ""text"": ""родина щіткарів"", ""start"": 117, ""end"": 132}]"
7f02093b743a5d378c95794f5dad3798e7116a7ef35b51b776e7ce97ff15d9e5,"Для бідняка війна — велике горе , для багатія — час нечуваної наживи .",[],"[{""label"": ""MISC"", ""text"": ""війна"", ""start"": 12, ""end"": 17}, {""label"": ""PERS"", ""text"": ""багатія"", ""start"": 38, ""end"": 45}, {""label"": ""PERIOD"", ""text"": ""час нечуваної наживи"", ""start"": 48, ""end"": 68}]"
10a6c5b57c5820e8d269e61b96cf9ee59dcc3521cf66e233b8f71131ceef8e79,Такий сюжет у дусі поетики експресіонізму дав змогу драматургові зображуване піднести до символічності .,[],"[{""label"": ""PERS"", ""text"": ""драматургові"", ""start"": 52, ""end"": 64}, {""label"": ""ART"", ""text"": ""зображуване"", ""start"": 65, ""end"": 76}]"
35689f0dcff91f252454b254e593fbae72bca39b99d9e8fcaa08946af68d2cc2,"Така символічність наявна в самій художній ідеї твору , в похмурості поетичного колориту , уповільненості драматичного ритму п'єси , пильній увазі до настроїв героїв , до підтексту . Мирослав Ірчан На поетиці символізму будували п'єси Яків Мамонтов та Іван Кочерга .","[{""label"": ""PERS"", ""text"": ""Мирослав Ірчан""}, {""label"": ""PERS"", ""text"": ""Яків Мамонтов""}, {""label"": ""PERS"", ""text"": ""Іван Кочерга""}]","[{""label"": ""ART"", ""text"": ""п'єси"", ""start"": 125, ""end"": 130}, {""label"": ""PERS"", ""text"": ""Мирослав Ірчан"", ""start"": 183, ""end"": 197}, {""label"": ""ART"", ""text"": ""п'єси"", ""start"": 229, ""end"": 234}, {""label"": ""PERS"", ""text"": ""Яків Мамонтов"", ""start"": 235, ""end"": 248}, {""label"": ""PERS"", ""text"": ""Іван Кочерга"", ""start"": 252, ""end"": 264}]"
fb48a8d141fbcce5cf53a582e99831e409ca04ab555532aaa6a7a2ea69744f37,У драмах Івани Кочерги ( 1881 — 1952 ) велику роль відіграють символи як семантичні ключі до розуміння змісту його творів .,"[{""label"": ""PERS"", ""text"": ""Івани Кочерги""}, {""label"": ""PERIOD"", ""text"": ""1881 — 1952""}]","[{""label"": ""ART"", ""text"": ""драмах"", ""start"": 2, ""end"": 8}, {""label"": ""PERS"", ""text"": ""Івани Кочерги"", ""start"": 9, ""end"": 22}, {""label"": ""ART"", ""text"": ""символи"", ""start"": 62, ""end"": 69}]"
2e71cb313887ebc7192e09471732fb5860c9d64d08c3bf1337e2a78c829ffaf7,"У них обігруються символи часу ( « Майстри часу » ) , глухого кута ( « Марко в пеклі » ) , світла ( « Свіччине весілля » ) , млинового жорна й алмазу ( » Алмазне жорно » ) .","[{""label"": ""ART"", ""text"": ""Майстри часу""}, {""label"": ""ART"", ""text"": ""Марко в пеклі""}, {""label"": ""ART"", ""text"": ""Свіччине весілля""}, {""label"": ""ART"", ""text"": ""Алмазне жорно""}]","[{""label"": ""JOB"", ""text"": ""Майстри часу"", ""start"": 35, ""end"": 47}, {""label"": ""MISC"", ""text"": ""Свіччине весілля"", ""start"": 102, ""end"": 118}, {""label"": ""ART"", ""text"": ""млинового жорна"", ""start"": 125, ""end"": 140}, {""label"": ""ART"", ""text"": ""Алмазне жорно"", ""start"": 154, ""end"": 167}]"
6a16b96130b7308886039528145cd9e66a278169d011342903a8b651642ff77e,"Твори цих митців попереджували про небезпеку , що наступає , якщо розбуджувати у масах руйнівні інстинкти . Іван Кочерга Спираючись на гуманістичні цінності драматургії XIX століття , молоді митці зосереджували увагу на людині .","[{""label"": ""PERS"", ""text"": ""Іван Кочерга""}, {""label"": ""DATE"", ""text"": ""XIX століття""}]","[{""label"": ""ART"", ""text"": ""Твори цих митців"", ""start"": 0, ""end"": 16}, {""label"": ""PERS"", ""text"": ""Іван Кочерга"", ""start"": 108, ""end"": 120}, {""label"": ""PERIOD"", ""text"": ""XIX століття"", ""start"": 169, ""end"": 181}]"
c9ad856f4636deb765e445ba64e18c7a04cab08a9fe583e087006ea206fb79e2,"У драмі « 97 » Микола Куліш поставив питання про людське життя як найвищу цінність , висвітливши взаємини особи і радянської влади .","[{""label"": ""ART"", ""text"": ""97""}, {""label"": ""PERS"", ""text"": ""Микола Куліш""}]","[{""label"": ""PERS"", ""text"": ""Микола Куліш"", ""start"": 15, ""end"": 27}, {""label"": ""ORG"", ""text"": ""радянської влади"", ""start"": 114, ""end"": 130}]"
833a8cc2821d29d36a8be282bb8021947acd3ecb4a9735432c051e1d32eff5db,"У першій редакції п'єси порушувалась ідея гуманності влади , що мала б стати на захист людини .",[],"[{""label"": ""ORG"", ""text"": ""першій редакції"", ""start"": 2, ""end"": 17}, {""label"": ""PERS"", ""text"": ""людини"", ""start"": 87, ""end"": 93}]"
f2ef423a496b743d77ccde10a20cf074f3174677f53b5ba3f0f2180cb45d643a,"Проте ця влада не захистила незаможників , прирікши їх на смерть .",[],"[{""label"": ""PERS"", ""text"": ""незаможників"", ""start"": 28, ""end"": 40}]"
58c25f4da41e0f98793970440bf07a2b6299ffe461cc5eb0f22ef1cde40375ad,"Антигуманна влада також приречена на загибель . В неділю , 20 жовтня , в житомирському спорткомплексі « Динамо » відбулось святкове відкриття та перші поєдинки чемпіонату Житомира з міні-футболу .","[{""label"": ""DATE"", ""text"": ""В неділю""}, {""label"": ""DATE"", ""text"": ""20 жовтня""}, {""label"": ""ORG"", ""text"": ""Динамо""}, {""label"": ""LOC"", ""text"": ""Житомира""}]","[{""label"": ""ORG"", ""text"": ""Антигуманна влада"", ""start"": 0, ""end"": 17}, {""label"": ""DATE"", ""text"": ""неділю , 20 жовтня"", ""start"": 50, ""end"": 68}, {""label"": ""ORG"", ""text"": ""Динамо"", ""start"": 104, ""end"": 110}, {""label"": ""MISC"", ""text"": ""чемпіонату Житомира з міні-футболу"", ""start"": 160, ""end"": 194}]"
1a0a5f23f71841bcbe483e88f0f9f19f071cf2c9330a57c5d840fef9e8f29c9a,На старті сезону у вищій лізі « Медик » розгромив « Візаж » 8 : 2 .,"[{""label"": ""ORG"", ""text"": ""Медик""}, {""label"": ""ORG"", ""text"": ""Візаж""}]","[{""label"": ""PERIOD"", ""text"": ""старті сезону"", ""start"": 3, ""end"": 16}, {""label"": ""ORG"", ""text"": ""Медик"", ""start"": 32, ""end"": 37}, {""label"": ""ORG"", ""text"": ""Візаж"", ""start"": 52, ""end"": 57}, {""label"": ""TIME"", ""text"": ""8 : 2"", ""start"": 60, ""end"": 65}]"
6d7230fdc32a243d8cab9744742e1189149f7ba2bf41fe4f4143a9879ab42e33,Автором першого забитого голу в сезоні став капітан « Медика » Роман Трохліб .,"[{""label"": ""ORG"", ""text"": ""Медика""}, {""label"": ""PERS"", ""text"": ""Роман Трохліб""}]","[{""label"": ""JOB"", ""text"": ""капітан"", ""start"": 44, ""end"": 51}, {""label"": ""ORG"", ""text"": ""Медика"", ""start"": 54, ""end"": 60}, {""label"": ""PERS"", ""text"": ""Роман Трохліб"", ""start"": 63, ""end"": 76}]"
a8c430aeaaaed05a81d811fa6ea152824aafc99345c6c9c637c3bd56e763b9b6,"Окрім того , в цей день відбулось ще три зустрічі .",[],"[{""label"": ""TIME"", ""text"": ""в цей день"", ""start"": 13, ""end"": 23}]"
f4bd698fd45999870f5ca6325823f7462ed449dbdec582596d499af4836d5c04,Повноцінно змагання розпочнуться вже наступними вихідними .,[],"[{""label"": ""MISC"", ""text"": ""Повноцінно змагання"", ""start"": 0, ""end"": 19}, {""label"": ""DATE"", ""text"": ""наступними вихідними"", ""start"": 37, ""end"": 57}]"
f616811b5da6dc97ce1e9f9b569a48dc21ceaab3828fbd1050f1e411feb54229,А фінішує турнір 16 березня .,"[{""label"": ""DATE"", ""text"": ""16 березня""}]","[{""label"": ""DATE"", ""text"": ""16 березня"", ""start"": 17, ""end"": 27}]"
e2440215e44a1255eb34a89b5e786aa58c4fb8b845b9b27355713127ce155baf,Футзальний сезон в Житомирі розпочався з урочистого відкриття Чемпіонату міста з футзалу .,"[{""label"": ""LOC"", ""text"": ""Житомирі""}, {""label"": ""ORG"", ""text"": ""Чемпіонату міста з футзалу""}]","[{""label"": ""LOC"", ""text"": ""Житомирі"", ""start"": 19, ""end"": 27}, {""label"": ""ORG"", ""text"": ""Чемпіонату міста з футзалу"", ""start"": 62, ""end"": 88}]"
bb1ff747f0b610ff3d20449433f26aa5dc8f307c3cb5e1661896b3b4d0113d5c,"У ньому взяли участь Сергій Бабіков , голова комітету студентського , аматорського та масового футзалу Асоціації міні-футболу України ; Віктор Таран , в . о . голови Федерації футзалу ( міні-футболу ) міста Житомира ; Петро Білий , голова Житомирської обласної федерації футболу та головний суддя чемпіонату Житомира ; Томаш Сицинский , відповідальний секретар федерації футзалу Житомирської області .","[{""label"": ""PERS"", ""text"": ""Сергій Бабіков""}, {""label"": ""ORG"", ""text"": ""Асоціації міні-футболу України""}, {""label"": ""PERS"", ""text"": ""Віктор Таран""}, {""label"": ""JOB"", ""text"": ""в . о . голови""}, {""label"": ""ORG"", ""text"": ""Федерації футзалу ( міні-футболу ) міста Житомира""}, {""label"": ""PERS"", ""text"": ""Петро Білий""}, {""label"": ""JOB"", ""text"": ""голова""}, {""label"": ""ORG"", ""text"": ""Житомирської обласної федерації футболу""}, {""label"": ""JOB"", ""text"": ""головний суддя""}, {""label"": ""LOC"", ""text"": ""Житомира""}, {""label"": ""PERS"", ""text"": ""Томаш Сицинский""}, {""label"": ""JOB"", ""text"": ""відповідальний секретар""}, {""label"": ""ORG"", ""text"": ""федерації футзалу Житомирської області""}]","[{""label"": ""PERS"", ""text"": ""Сергій Бабіков"", ""start"": 21, ""end"": 35}, {""label"": ""JOB"", ""text"": ""голова комітету студентського , аматорського та масового футзалу"", ""start"": 38, ""end"": 102}, {""label"": ""ORG"", ""text"": ""Асоціації міні-футболу України"", ""start"": 103, ""end"": 133}, {""label"": ""PERS"", ""text"": ""Віктор Таран"", ""start"": 136, ""end"": 148}, {""label"": ""JOB"", ""text"": ""в . о . голови"", ""start"": 151, ""end"": 165}, {""label"": ""ORG"", ""text"": ""Федерації футзалу ( міні-футболу ) міста Житомира"", ""start"": 166, ""end"": 215}, {""label"": ""PERS"", ""text"": ""Петро Білий"", ""start"": 218, ""end"": 229}, {""label"": ""ORG"", ""text"": ""Житомирської обласної федерації футболу"", ""start"": 239, ""end"": 278}, {""label"": ""JOB"", ""text"": ""головний суддя чемпіонату Житомира"", ""start"": 282, ""end"": 316}, {""label"": ""PERS"", ""text"": ""Томаш Сицинский"", ""start"": 319, ""end"": 334}, {""label"": ""ORG"", ""text"": ""федерації футзалу Житомирської області"", ""start"": 361, ""end"": 399}]"
52d204e9d868a84cf478b7447af59f1a1187d73aa7138e47a702a9c780d804d1,"Всі урочистості відбулись швидко і без зайвого пафосу - традиційний парад команд , підняття прапору , привітання від гостей та організаторів , два танцювальні номери і вже за півгодини на майданчик вийшли « Візаж » та « Медик » .","[{""label"": ""ORG"", ""text"": ""Візаж""}, {""label"": ""ORG"", ""text"": ""Медик""}]","[{""label"": ""ART"", ""text"": ""два танцювальні номери"", ""start"": 143, ""end"": 165}, {""label"": ""PERIOD"", ""text"": ""півгодини"", ""start"": 175, ""end"": 184}, {""label"": ""LOC"", ""text"": ""майданчик"", ""start"": 188, ""end"": 197}, {""label"": ""ORG"", ""text"": ""Візаж"", ""start"": 207, ""end"": 212}, {""label"": ""ORG"", ""text"": ""Медик"", ""start"": 220, ""end"": 225}]"
7227b4402d57138b877890791165e88ad694dab8114fddcd3707743120476f04,"Першим м'яч в гру ввів Сергій Бабіков , а далі розпочалось запекле протистояння , яке закінчилось розгромною перемогою « Медика » з рахунком 8 : 2 .","[{""label"": ""PERS"", ""text"": ""Сергій Бабіков""}, {""label"": ""ORG"", ""text"": ""Медика""}]","[{""label"": ""PERS"", ""text"": ""Сергій Бабіков"", ""start"": 23, ""end"": 37}, {""label"": ""ORG"", ""text"": ""Медика"", ""start"": 121, ""end"": 127}, {""label"": ""QUANT"", ""text"": ""8 : 2"", ""start"": 141, ""end"": 146}]"
d04f60af854f89cbf7022792e6dbd94b87972a9111d609b383e1039953daf772,В іншому матчі вищої ліги « Дасна-Кофеджіо » обіграла новачка турніру « Брейн » 5 : 1 .,"[{""label"": ""ORG"", ""text"": ""Дасна-Кофеджіо""}, {""label"": ""ORG"", ""text"": ""Брейн""}]","[{""label"": ""ORG"", ""text"": ""Дасна-Кофеджіо"", ""start"": 28, ""end"": 42}, {""label"": ""PERS"", ""text"": ""Брейн"", ""start"": 72, ""end"": 77}]"
715d5a350776cb3b3f5615985fd6a793122687648a4120bd09efd3bb3ba27f95,І до наступного тижня лідером вищої ліги чемпіонату стає « Медик » .,"[{""label"": ""DATE"", ""text"": ""наступного тижня""}, {""label"": ""ORG"", ""text"": ""Медик""}]","[{""label"": ""DATE"", ""text"": ""наступного тижня"", ""start"": 5, ""end"": 21}, {""label"": ""ORG"", ""text"": ""вищої ліги чемпіонату"", ""start"": 30, ""end"": 51}, {""label"": ""JOB"", ""text"": ""Медик"", ""start"": 59, ""end"": 64}]"
2197d001745699f4d26f7149ad6be105c8f0f1aa44d5dd38565b792494c15067,В матчах першої ліги « Молокія » змогла вирвати перемогу в « ІнБеву-2 » 5 : 4 . « Галант-МТС » обіграв « Корбутівку » з рахунком 6 : 4,"[{""label"": ""ORG"", ""text"": ""Молокія""}, {""label"": ""ORG"", ""text"": ""ІнБеву-2""}, {""label"": ""ORG"", ""text"": ""Галант-МТС""}, {""label"": ""ORG"", ""text"": ""Корбутівку""}]","[{""label"": ""ORG"", ""text"": ""Молокія"", ""start"": 23, ""end"": 30}, {""label"": ""ORG"", ""text"": ""ІнБеву-2"", ""start"": 61, ""end"": 69}, {""label"": ""ORG"", ""text"": ""« Галант-МТС"", ""start"": 80, ""end"": 92}, {""label"": ""ORG"", ""text"": ""Корбутівку"", ""start"": 105, ""end"": 115}]"
13d16a5f457427dc799bbaee0357c6d8398942c0eafcf20f4a685634444c58a0,"Нагадаймо , що цього року турнір стане відбірковим ( регіональним ) етапом Аматорської футзальної ліги України . Житомир став п'ятим містом в Україні , де стартували відбіркові ігри аматорської ліги .","[{""label"": ""ORG"", ""text"": ""Аматорської футзальної ліги України""}, {""label"": ""LOC"", ""text"": ""Житомир""}, {""label"": ""LOC"", ""text"": ""Україні""}]","[{""label"": ""ORG"", ""text"": ""Аматорської футзальної ліги України"", ""start"": 75, ""end"": 110}, {""label"": ""LOC"", ""text"": ""Житомир"", ""start"": 113, ""end"": 120}]"
47cda94c24488f1ef0fbabef81b7254d0552cd80d556d84cff08c87d53f83279,"На змагання вже заявилось 30 команд , але їх кількість найближчим часом може зрости .",[],"[{""label"": ""QUANT"", ""text"": ""30"", ""start"": 26, ""end"": 28}, {""label"": ""PERIOD"", ""text"": ""найближчим часом"", ""start"": 55, ""end"": 71}]"
250c886a57606f1bceb1bfe1a7af87042de5b70e0318379e4de76bd36b2d85d7,"Окрім житомирян , вперше у чемпіонаті візьмуть участь команди з інших міст області . Кароліна Кужвій приїхала тоді на знімальний майданчик бліда й тиха , як осінній ранок , у який , власне , все й відбувалось ; вийшла з авто не в гуморі , уникаючи розмов і навіть поглядів .","[{""label"": ""PERS"", ""text"": ""Кароліна Кужвій""}]","[{""label"": ""ORG"", ""text"": ""команди з інших міст області"", ""start"": 54, ""end"": 82}, {""label"": ""PERS"", ""text"": ""Кароліна Кужвій"", ""start"": 85, ""end"": 100}, {""label"": ""LOC"", ""text"": ""знімальний майданчик"", ""start"": 118, ""end"": 138}, {""label"": ""PERIOD"", ""text"": ""осінній ранок"", ""start"": 157, ""end"": 170}]"
ca109d7ffac4d318ba64c4e19c3acc2e4d8c8523b759637c70ebc08371591705,"Але щойно запрацювала камера , невидима сила торкнулась її чола , актриса стала вищою , обличчя спалахнуло і вона — відповідно до ролі — узялася впевнено й насмішкувато закручувати навколо себе енергетику вибухового епізоду .","[{""label"": ""JOB"", ""text"": ""актриса""}]","[{""label"": ""ART"", ""text"": ""камера"", ""start"": 22, ""end"": 28}, {""label"": ""PERS"", ""text"": ""актриса"", ""start"": 66, ""end"": 73}, {""label"": ""PERS"", ""text"": ""вона"", ""start"": 109, ""end"": 113}]"
391e7b7ff4d8801c676bedaee0927e95ae89140dd773cc1f4e8d7735caeee463,"Одного з найкращих у фільмі епізодів , як виявилось згодом .",[],[]
375cb7842484f6a7ff9421f1a325189c27357b38020c88a314060838423bb2ba,"Відпрацювала своє , погляд згас , зіщулилась , прошепотіла щось , нахилившись до режисера , загорнулась у поданий кимось жовто-помаранчевий палантин — тільки її й бачили .",[],"[{""label"": ""JOB"", ""text"": ""режисера"", ""start"": 81, ""end"": 89}, {""label"": ""ART"", ""text"": ""жовто-помаранчевий палантин"", ""start"": 121, ""end"": 148}]"
76d4ff678989845ce38a7ec95a5bb3d8dcc7c47c36c687274f9cc609f1572ea4,"Зараз , якщо Кароліна Кужвій погодиться на запропоновану роль , вони працюватимуть над спільною картиною …","[{""label"": ""PERS"", ""text"": ""Кароліна Кужвій""}]","[{""label"": ""PERS"", ""text"": ""Кароліна Кужвій"", ""start"": 13, ""end"": 28}, {""label"": ""JOB"", ""text"": ""запропоновану роль"", ""start"": 43, ""end"": 61}, {""label"": ""MISC"", ""text"": ""спільною картиною"", ""start"": 87, ""end"": 104}]"
c010abd9ccf15770e3ec66fdf9e5d5d2c6bf6d13c294978ece311c68e73f9f84,"Помічниця режисера знайшла господиню за невеличким ошатним будинком , у зеленій садовій альтанці .",[],"[{""label"": ""JOB"", ""text"": ""Помічниця режисера"", ""start"": 0, ""end"": 18}, {""label"": ""PERS"", ""text"": ""господиню"", ""start"": 27, ""end"": 36}, {""label"": ""LOC"", ""text"": ""зеленій садовій альтанці"", ""start"": 72, ""end"": 96}]"
7520c85af10f7408e3f0a92dd14e72c76dfbac5bb46921f3c1bd352630459f56,Стіни альтанки утворило коло щільно висаджених один попри одного кущів ялівцю .,[],"[{""label"": ""ART"", ""text"": ""Стіни альтанки"", ""start"": 0, ""end"": 14}, {""label"": ""ART"", ""text"": ""кущів ялівцю"", ""start"": 65, ""end"": 77}]"
50058325ef30780bbf1f83d13ae0ef61f148a7151980403e84db41e7bc0245ca,"Дашок , укритий сосновою ґонтою за давньою технологією , тримався на кількох високих стовпах , нижня половина яких губилась у густих заростях вічнозелених рослин .",[],"[{""label"": ""PERS"", ""text"": ""Дашок"", ""start"": 0, ""end"": 5}, {""label"": ""ART"", ""text"": ""високих стовпах"", ""start"": 77, ""end"": 92}, {""label"": ""ART"", ""text"": ""густих заростях вічнозелених рослин"", ""start"": 126, ""end"": 161}]"
c8c5f72f2261ff15fec0613930993657c999201a9d42e47129a07fc4ed071958,"На підлозі з кругляків міцного дерева , за столиком , плетеним з лози , у такому ж ажурному легкому кріслі сиділа господиня — в ароматах розігрітого під сонцем ялівцю .",[],"[{""label"": ""LOC"", ""text"": ""На підлозі з кругляків міцного дерева"", ""start"": 0, ""end"": 37}, {""label"": ""ART"", ""text"": ""столиком , плетеним з лози"", ""start"": 43, ""end"": 69}, {""label"": ""JOB"", ""text"": ""господиня"", ""start"": 114, ""end"": 123}]"
e9da5435063554e376da1e93aff5211a98901907998e5c6817b47b1494a1ac2a,"Підвелася гості назустріч , відклавши книжку .",[],"[{""label"": ""PERS"", ""text"": ""гості"", ""start"": 10, ""end"": 15}, {""label"": ""ART"", ""text"": ""книжку"", ""start"": 38, ""end"": 44}]"
da41f6be5fe25cd27e898049cd78ce7e17d5a812744b5128d3929921c4125ee8,"Уся у сіро-білому , жодних прикрас , обличчя без косметики , пишне волосся заколоте на потилиці , привітний погляд сумних очей .",[],"[{""label"": ""ART"", ""text"": ""Уся у сіро-білому"", ""start"": 0, ""end"": 17}, {""label"": ""ART"", ""text"": ""жодних прикрас"", ""start"": 20, ""end"": 34}, {""label"": ""ART"", ""text"": ""обличчя без косметики"", ""start"": 37, ""end"": 58}, {""label"": ""ART"", ""text"": ""пишне волосся"", ""start"": 61, ""end"": 74}]"
b71c82ce096e1f9007d77be6c7de708407591abe1e6bf323a4d31e0e9c9de9be,На екрані вона виглядає значно молодшою .,[],[]
ae7230d3d97199ed21fe20cfaa5e81f62582e62e997416f15e0d21ac8d3ed6f5,"А зблизька — жінка як жінка , нехай не п’ятдесяти , але точно сорока років . Кароліна теж встигла роздивитись свою гостю , її юне веснянкувате обличчя , худі руки , вкриті ластовинням , дивакувате вбрання , без сумніву , власного дизайнерського втілення .","[{""label"": ""PERS"", ""text"": ""Кароліна""}]","[{""label"": ""PERS"", ""text"": ""жінка як жінка"", ""start"": 13, ""end"": 27}, {""label"": ""PERS"", ""text"": ""Кароліна"", ""start"": 77, ""end"": 85}, {""label"": ""PERS"", ""text"": ""гостю"", ""start"": 115, ""end"": 120}, {""label"": ""ART"", ""text"": ""худі руки"", ""start"": 153, ""end"": 162}, {""label"": ""ART"", ""text"": ""дивакувате вбрання"", ""start"": 186, ""end"": 204}]"
0ff3d7f05228b6f87ac515427aa03b2dd5caa30f1bc9e4e8c9acdbf705f237da,Остання мода така — завдяки новітнім можливостям за п’ять хвилин перетворювати основу готового одягу на припасовану до свого смаку та фігури індивідуальну модель .,"[{""label"": ""PERIOD"", ""text"": ""п’ять хвилин""}]","[{""label"": ""PERIOD"", ""text"": ""п’ять хвилин"", ""start"": 52, ""end"": 64}, {""label"": ""ART"", ""text"": ""основу готового одягу"", ""start"": 79, ""end"": 100}]"
48383044be745190461c1d388c5cd63da244337b0df82558c4ecbdedefbda286,Бавляться діти …,[],[]
56875ebbe841c7eda554b0aadc3bcb1dd2925c6cc29c3ef0fe7696db5f9372a4,"— Уперше привожу сценарій , — усміхнулась руденька після обміну привітаннями .",[],"[{""label"": ""ART"", ""text"": ""сценарій"", ""start"": 17, ""end"": 25}, {""label"": ""PERS"", ""text"": ""руденька"", ""start"": 42, ""end"": 50}]"
276689ba24de64490adc0eeb1c7d27f802c65802a7bf7cef1ade9b0b5d00591b,Подала прозору теку зі стосом паперу .,[],"[{""label"": ""QUANT"", ""text"": ""стосом паперу"", ""start"": 23, ""end"": 36}]"
bb444cf014c5213587735c69e7d2a6465c69d79d916b74957e8bbf246a68c3d6,"Оце « вперше привожу » додала з ввічливості , вирішивши , що кілька привітних слів не зашкодить .",[],[]
606cd822ded3c4840f8af201be8474cf5cf973c06cabadff2da45a59539a4018,"Але щойно сказала , як одразу відчула двозначність вимовленого .",[],[]
0b9b2b61e88f5e07e53382864b7fa1eff0e90b550ec0bd4435b121edd796fb6a,"Як ніби уїдливо дорікнула : не було , мовляв , іншої роботи для помічника режисера , окрім — як її ? — кур’єрської .",[],"[{""label"": ""JOB"", ""text"": ""помічника режисера"", ""start"": 64, ""end"": 82}, {""label"": ""MISC"", ""text"": ""кур’єрської"", ""start"": 103, ""end"": 114}]"
756827ea5be0b9604c9e4b4845b01dd3585347f54bdce2527d33e18bb889f15b,"Похопившись , спробувала виправитись :",[],[]
c96af19e7064dd6ddeafa430bd7c5ee5bdd6234921773afdef71db2c13520dde,"— Я не те маю на увазі , що ви не хотіли , як усі … а те , що … не звикла , що хтось на папері читає …",[],"[{""label"": ""PERS"", ""text"": ""Я"", ""start"": 2, ""end"": 3}, {""label"": ""PERS"", ""text"": ""ви"", ""start"": 28, ""end"": 30}, {""label"": ""MISC"", ""text"": ""папері"", ""start"": 88, ""end"": 94}]"
e325201a56ddb9a84692df8e7fb71cabf027329bc07ea0b60da97495f3d9ed33,Руденька остаточно заплуталась і почервоніла .,[],"[{""label"": ""PERS"", ""text"": ""Руденька"", ""start"": 0, ""end"": 8}]"
c686230d0335c143d39d616adf5577d690260cec437188bc03d9966c5f6f58c8,"Її волосся медово світилось у навскісних променях сонця , Кароліна помітила це ще тоді , як вона наближалась до альтанки , а зараз бачила зворушливу дитячість світлих вій та злегка відстовбурчені вуха , які додавали цій дівчинці особливої привабливості .","[{""label"": ""PERS"", ""text"": ""Кароліна""}]","[{""label"": ""PERS"", ""text"": ""Кароліна"", ""start"": 58, ""end"": 66}, {""label"": ""LOC"", ""text"": ""альтанки"", ""start"": 112, ""end"": 120}]"
a6b757146cd44f63bd98a0cc21da439dc5732988799c70b1c2c89c63c667b468,Усміхнулась :,[],[]
117192bef530a38952c10909b74224bebe69c21654b43cfd701144d7f3676d8d,"— У кожного свої слабкості , — і потягнулась до пачки з цигарками . — Сподіваюсь , ви мене вибачите за зайвий клопіт .",[],"[{""label"": ""ART"", ""text"": ""пачки з цигарками"", ""start"": 48, ""end"": 65}]"
a4e7b5871b8b7c28893d025175a42f373f1c2888b2817d773ce4ec7700d9fc3c,— Та що ви !,[],[]
ee560a886e0cfc9d4d1583fa3970b1c0d69121e3961c90a6631f44bbb81f3dc0,Який клопіт !,[],[]
8e6dd97433ba626a3a933659f7861abf788b4067a320fa181d8454ead1a8ac8d,Я ж розумію .,[],"[{""label"": ""PERS"", ""text"": ""Я ж розумію"", ""start"": 0, ""end"": 11}]"
e69835f46e1839ea8c4be74e0964affb1fe5a3268afbbc7f9213bc272aa1233c,"Ви он і книжки паперові читаєте , як моя мама …",[],"[{""label"": ""PERS"", ""text"": ""Ви"", ""start"": 0, ""end"": 2}, {""label"": ""ART"", ""text"": ""книжки паперові"", ""start"": 8, ""end"": 23}, {""label"": ""PERS"", ""text"": ""моя мама"", ""start"": 37, ""end"": 45}]"
c2229c0dc79c4516ca563ec9b53c68bbcb80410968127aad5ccdba0b08bd0091,— А вам особисто — як цей сценарій ?,[],[]
5c34ff1b0e01aa837d7922f71679c4753853561c52f4f3cc828321264c6b09cb,— Дуже ! — гаряче запевнила дівчина . — Мені — дуже !,[],"[{""label"": ""PERS"", ""text"": ""дівчина"", ""start"": 28, ""end"": 35}, {""label"": ""PERS"", ""text"": ""Мені"", ""start"": 40, ""end"": 44}]"
f127b0219cc021f2dc2dbc20cfe1a8232d2b4627d40601c3d88e719b28647d40,І ваша роль подобається .,[],"[{""label"": ""PERS"", ""text"": ""ваша роль"", ""start"": 2, ""end"": 11}]"
0f9de22fee8280b7263041d2db13bde8e5d7dad86715446787e681fe9e025ccd,"Там є одна сцена — не уявляю , як її можна зіграти .",[],"[{""label"": ""MISC"", ""text"": ""Там"", ""start"": 0, ""end"": 3}, {""label"": ""ART"", ""text"": ""сцена"", ""start"": 11, ""end"": 16}]"
172b9440564f318f92094fe39970ccd4edbdaad4979b8e0370a4df4a3e32c93c,"А це , біля ставочка , купальницю посаджено ? Кароліна повернула голову туди , де за пучечками гостроверхого дикого ірису , ближче до води , жовтів килимок із кульчастих квіток .","[{""label"": ""PERS"", ""text"": ""Кароліна""}]","[{""label"": ""LOC"", ""text"": ""біля ставочка"", ""start"": 7, ""end"": 20}, {""label"": ""ART"", ""text"": ""купальницю"", ""start"": 23, ""end"": 33}, {""label"": ""PERS"", ""text"": ""Кароліна"", ""start"": 46, ""end"": 54}, {""label"": ""ART"", ""text"": ""пучечками гостроверхого дикого ірису"", ""start"": 85, ""end"": 121}, {""label"": ""ART"", ""text"": ""килимок із кульчастих квіток"", ""start"": 148, ""end"": 176}]"
b7c8f86f58f783ae8db021b250372b1eed0ad5247564d2204ee3a90f35c0afd3,"— Так , це купальниця .",[],"[{""label"": ""JOB"", ""text"": ""купальниця"", ""start"": 11, ""end"": 21}]"
0ca4cb024120b97f51cb4f31ccbfaf6057fdfbbb9438674faf81207d81abeede,Але вона тут сама виросла .,[],[]
db0c093298101ab5bbbe3001b5e0ee7d26a5bcff913e4433f9262d3e0422c4ea,"Або хтось мені її таємно підсадив , — усміхнулась , — без мого відома .",[],"[{""label"": ""PERS"", ""text"": ""хтось"", ""start"": 4, ""end"": 9}]"
19547136279a75511235293a34117a8eec1423470573c3caf22e9afb098fda6a,"Вони ще поговорять про якісь необов’язкові речі , дівчина подивується , якою відкритою , виявляється , може бути ця жінка , та й піде доріжкою , гравій сухо захрумтить під її кроками . Кароліна розгорне скріплений стос паперів , прочитає навмання кілька абзаців .","[{""label"": ""PERS"", ""text"": ""Кароліна""}]","[{""label"": ""PERS"", ""text"": ""дівчина"", ""start"": 50, ""end"": 57}, {""label"": ""PERS"", ""text"": ""жінка"", ""start"": 116, ""end"": 121}, {""label"": ""PERS"", ""text"": ""Кароліна"", ""start"": 185, ""end"": 193}, {""label"": ""ART"", ""text"": ""скріплений стос паперів"", ""start"": 203, ""end"": 226}]"
90e22141f29c9644fe14388c70d4299bdab177c4daacee136b25a725809bf6dc,Звичка починати знайомство з новим текстом з випадкового уривка залишиться незмінною .,[],[]
0b2a00be1f389a8f42f492cd03f1787ded37163fd5df46d28f84f1d1e6e4c8a5,Тоді почне спочатку й зануриться у читання .,[],[]
5aad095254771fd03f462bbfca24611977895033a0dd51ca78e412147ae8adb1,… Зіграти жінку у віці від тридцяти років і до глибокої старості .,[],"[{""label"": ""PERS"", ""text"": ""жінку"", ""start"": 10, ""end"": 15}]"
4e7c91331657911ca49f150e71053bd34733f33973b23bc23f37066b2e246aa7,"Ця пропозиція виявиться вчасною , вона ще відчуватиме в собі сили для того , аби бути на екрані молодою і знатиме , як це зробити .",[],"[{""label"": ""PERS"", ""text"": ""вона"", ""start"": 34, ""end"": 38}]"
78dc7bbb1d9b42d1802759fb9abff19ea4636398515e387a9081881054e5e954,"Бо далі життя готуватиме для неї інші ролі ; найкращі ролі згодом діставатимуться іншим , але інші , можливо , й зіграють їх краще .",[],"[{""label"": ""PERIOD"", ""text"": ""далі життя"", ""start"": 3, ""end"": 13}, {""label"": ""MISC"", ""text"": ""інші ролі"", ""start"": 33, ""end"": 42}, {""label"": ""PERS"", ""text"": ""інші"", ""start"": 94, ""end"": 98}]"
5db040f5e6604dce04c08cc4a3f5d8ed74b67c6c1c0fcc6c41d382caee2427c1,На той момент Кароліна буде вже добре знайомою з невідворотністю однозначного запізно .,"[{""label"": ""PERS"", ""text"": ""Кароліна""}]","[{""label"": ""LOC"", ""text"": ""Кароліна"", ""start"": 14, ""end"": 22}]"
79ce385a700b122f4021faa4382e5290de6875d4c2dd04b829a3c793b9a609ed,"Це слово поблискуватиме металевим холодом давнього срібного перстеника-квітки , яке вона ніколи не носитиме , всупереч словам Роберта про те , що все до нас приходить саме тоді , коли має прийти .","[{""label"": ""PERS"", ""text"": ""Роберта""}]","[{""label"": ""ART"", ""text"": ""давнього срібного перстеника-квітки"", ""start"": 42, ""end"": 77}, {""label"": ""PERS"", ""text"": ""Роберта"", ""start"": 126, ""end"": 133}, {""label"": ""ART"", ""text"": ""все"", ""start"": 146, ""end"": 149}]"
2eaf0ea0aaa45b088791e927be52db13f45484dc7deb39557466972b9f03a63c,"В минулому залишиться багато ніколи , одне з них — яка була б із неї мати , бо коли наважилась на дитину , було вже запізно .",[],"[{""label"": ""PERIOD"", ""text"": ""В минулому"", ""start"": 0, ""end"": 10}, {""label"": ""PERS"", ""text"": ""мати"", ""start"": 69, ""end"": 73}, {""label"": ""PERS"", ""text"": ""дитину"", ""start"": 98, ""end"": 104}]"
6caf3e5f23e04f3de00f8a50bac761b4c6d683a356bef1d10ff78b6c5e275159,"Коли виникла потреба дізнатись більше про дідусів та бабусь , то вже не було кого розпитати .",[],"[{""label"": ""PERS"", ""text"": ""дідусів та бабусь"", ""start"": 42, ""end"": 59}]"
dbd15aee958546a18de88b3a1d611549f8ad92ed260367ac541e3d341be735f9,"Намагалась заповнити білі плями з історії роду за допомогою брата , але й він тут , на диво , виявився не на висоті . Кароліна згорне сценарій , притримає верхні сторінки , рятуючи їх від подмуху вітру .","[{""label"": ""PERS"", ""text"": ""Кароліна""}]","[{""label"": ""PERS"", ""text"": ""брата"", ""start"": 60, ""end"": 65}, {""label"": ""PERS"", ""text"": ""Кароліна"", ""start"": 118, ""end"": 126}]"
be5f59d0ad87fd8ad0fbc67d2912a31cfb53721bf38c9d4820bb96db03a391cf,"Цю роль , якщо доля дозволить , вона зіграє так , як вміє , бо ще не вечір .",[],"[{""label"": ""PERS"", ""text"": ""вона"", ""start"": 32, ""end"": 36}]"
62e92f59a3c9bc5a0de884e1706df8125723be1f56df8bab47b018f68c45dfe2,"Вона і далі вчитиметься розрізняти уявні запізно від справжніх , долати перші та смиренно приймати другі .",[],"[{""label"": ""PERS"", ""text"": ""Вона"", ""start"": 0, ""end"": 4}, {""label"": ""MISC"", ""text"": ""уявні"", ""start"": 35, ""end"": 40}]"
1d669dc99ccdb9e9a6a15dd005401a9fecb547f32967c0e3ab651edd595752d4,"Це ж не слабкості , з якими можна легко порозумітись . І попливли дні , як купчасті хмари серед небес .",[],[]
51dcf7dd99ae6f224d651f7d26c67e83782320f88b6f9ccf6117f2c12033dcdf,"Дні перестали сльозити , а небо в просвітах здобуло тієї прегарної сумовитої яскравості , яка буває лише восени .",[],"[{""label"": ""PERIOD"", ""text"": ""Дні"", ""start"": 0, ""end"": 3}, {""label"": ""LOC"", ""text"": ""небо в просвітах"", ""start"": 27, ""end"": 43}, {""label"": ""PERIOD"", ""text"": ""восени"", ""start"": 105, ""end"": 111}]"
58edff0d2805301416a595c73c938132e23718275550a2d5818c47049b5b25ed,Тоді крихітні павучки й випускають з ротів лискучі й легкі нитки і ті повільно пливуть .,[],"[{""label"": ""ART"", ""text"": ""лискучі й легкі нитки"", ""start"": 43, ""end"": 64}]"
b640c5c233db994b7b183bdb892f9316e654190cedf34da18ffac913379f372c,"Саме ці дні розтопили каміння , так густо накидане в підозріливе нутро Івана Василевського Аркадієм Пастухом .","[{""label"": ""PERS"", ""text"": ""Івана Василевського""}, {""label"": ""PERS"", ""text"": ""Аркадієм Пастухом""}]","[{""label"": ""PERIOD"", ""text"": ""Саме ці дні"", ""start"": 0, ""end"": 11}, {""label"": ""ART"", ""text"": ""каміння"", ""start"": 22, ""end"": 29}, {""label"": ""PERS"", ""text"": ""Івана Василевського"", ""start"": 71, ""end"": 90}, {""label"": ""PERS"", ""text"": ""Аркадієм Пастухом"", ""start"": 91, ""end"": 108}]"
e34804b78f05afbb538e5aa6ffec56139f5795a3e7bdcb195581180a921a21e4,"Хлопець жив за усталеним розпорядком , відтак у домі утворилася не одна , а дві Сфери : він був у своїй , а господарі — у своїй .",[],"[{""label"": ""PERS"", ""text"": ""Хлопець"", ""start"": 0, ""end"": 7}, {""label"": ""LOC"", ""text"": ""домі"", ""start"": 48, ""end"": 52}, {""label"": ""MISC"", ""text"": ""Сфери"", ""start"": 80, ""end"": 85}, {""label"": ""PERS"", ""text"": ""він"", ""start"": 88, ""end"": 91}, {""label"": ""LOC"", ""text"": ""своїй"", ""start"": 98, ""end"": 103}, {""label"": ""LOC"", ""text"": ""своїй"", ""start"": 122, ""end"": 127}]"
9fe78cdb1a5296030a711582cde3d173700a4d68f0082c0c10839c2cff56b5f1,"Щось вони там робили , тобто до Іванових вух часом добивалися якісь звуки : щось гупало , дзенькало , текло , розвіювалися кухонні запахи , інколи спалахували короткі суперечки , як далекий перегук кулеметів , — суперечки , як правило , були між Таїсією Іванівною і Аркадієм Петровичем . Людмили ж у домі наче й не було .","[{""label"": ""PERS"", ""text"": ""Іванових""}, {""label"": ""PERS"", ""text"": ""Таїсією Іванівною""}, {""label"": ""PERS"", ""text"": ""Аркадієм Петровичем""}, {""label"": ""PERS"", ""text"": ""Людмили""}]","[{""label"": ""MISC"", ""text"": ""кухонні запахи"", ""start"": 123, ""end"": 137}, {""label"": ""MISC"", ""text"": ""далекий перегук кулеметів"", ""start"": 182, ""end"": 207}, {""label"": ""PERS"", ""text"": ""Таїсією Іванівною"", ""start"": 246, ""end"": 263}, {""label"": ""PERS"", ""text"": ""Аркадієм Петровичем"", ""start"": 266, ""end"": 285}]"
4998eb04c47409b623d2d2d3a7f2b4c7178cba274de2e6c3380c1cd45fb5dc99,"Інколи промигувала перед очима принагідно , але не робила спроб наблизитися до нього , одне — завжди всміхалася : гарно й яскраво .",[],[]
b32e32c0b8f00b30a6653e389cfabaa2dd0a27fb00663a515c2cf2eca915c503,І така усмішка робила диво з її обличчям — воно розквітало .,[],"[{""label"": ""PERS"", ""text"": ""її обличчям"", ""start"": 29, ""end"": 40}]"
02b2ab7ef63e79c8ec5d8a78f602ff77c5cccf3355b0e2a82fc8817c5501bc4d,"Тоді броня , якою себе оточив Іван Василевський , раптово й спалахово тріскалася і він чув , що серце його здригається .","[{""label"": ""PERS"", ""text"": ""Іван Василевський""}]","[{""label"": ""ART"", ""text"": ""броня"", ""start"": 5, ""end"": 10}, {""label"": ""PERS"", ""text"": ""Іван Василевський"", ""start"": 30, ""end"": 47}]"
f647d4079200a0de70b886be187ffa2ca32dc160fa9dc1ee987c1e1ab91e5942,"Але миттю гасив спалаха , бо вслід за тим у мозкові починав поколювати гвіздок , забитий Аркадієм Петровичем про жіночу магію .","[{""label"": ""PERS"", ""text"": ""Аркадієм Петровичем""}]","[{""label"": ""ART"", ""text"": ""спалаха"", ""start"": 16, ""end"": 23}, {""label"": ""ART"", ""text"": ""гвіздок"", ""start"": 71, ""end"": 78}, {""label"": ""PERS"", ""text"": ""Аркадієм Петровичем"", ""start"": 89, ""end"": 108}, {""label"": ""ART"", ""text"": ""жіночу магію"", ""start"": 113, ""end"": 125}]"
5f18c04b58de6145d2ef61c5e439f8912b5782f35fa0468563751a97c000409e,"В одному ж залишався безсилий : коли на Людмилиних вустах спалахував той справді чарівний усміх , Іванові гемби , незалежно від його волі , розсувалися й імітували Людмилин .","[{""label"": ""PERS"", ""text"": ""Людмилиних""}, {""label"": ""PERS"", ""text"": ""Іванові""}, {""label"": ""PERS"", ""text"": ""Людмилин""}]","[{""label"": ""PERS"", ""text"": ""Людмилиних"", ""start"": 40, ""end"": 50}, {""label"": ""PERS"", ""text"": ""Людмилин"", ""start"": 164, ""end"": 172}]"
431044600a7c28b86262715be4e36a73e1614a2f631d0324ab2f74f0cd8c6f04,"Але миттю спохоплювався , і це було вчинити зовсім не важко , бо й вона при таких зустрічах миттю зникала . Таїсія Іванівна на нього уваги не звертала тим більше , вони лише віталися , хоч одного разу він вловив від неї пильного позира , який йому не сподобався . Аркадій же Петрович цього місяця хоч і випивав , але не аж так , щоб збурити їхній мир , проте роботу ( « временну » , за його висловом ) увіч покинув .","[{""label"": ""PERS"", ""text"": ""Таїсія Іванівна""}, {""label"": ""PERS"", ""text"": ""Аркадій же Петрович""}]","[{""label"": ""PERS"", ""text"": ""Таїсія Іванівна"", ""start"": 108, ""end"": 123}, {""label"": ""PERS"", ""text"": ""Аркадій же Петрович"", ""start"": 264, ""end"": 283}, {""label"": ""MISC"", ""text"": ""временну"", ""start"": 370, ""end"": 378}]"
ef207c49585f4a6898f67a98ba85ec7d51cfd9a1e90c961a201ce107c5723139,"Принаймні Людмила вранці щоразу виходила з дому , а приходила ввечері , а він , хоч і покидав обійстя , але нерегулярно ; щось часом на дворі робив , наприклад лагодив паркана чи збивав собачу буду , яка чомусь розсипалася , чи ганяв голубів , яких тримав .","[{""label"": ""PERS"", ""text"": ""Людмила""}]","[{""label"": ""PERS"", ""text"": ""Людмила"", ""start"": 10, ""end"": 17}, {""label"": ""PERIOD"", ""text"": ""вранці"", ""start"": 18, ""end"": 24}, {""label"": ""LOC"", ""text"": ""дому"", ""start"": 43, ""end"": 47}, {""label"": ""PERIOD"", ""text"": ""ввечері"", ""start"": 62, ""end"": 69}, {""label"": ""MISC"", ""text"": ""обійстя"", ""start"": 94, ""end"": 101}, {""label"": ""LOC"", ""text"": ""на дворі"", ""start"": 133, ""end"": 141}, {""label"": ""ART"", ""text"": ""паркана"", ""start"": 168, ""end"": 175}, {""label"": ""ART"", ""text"": ""собачу буду"", ""start"": 186, ""end"": 197}, {""label"": ""MISC"", ""text"": ""голубів"", ""start"": 234, ""end"": 241}]"
f40af16da12b73b5de2ecefce9f19ed020a09059ba0df505ed5890604912f6d6,"Часом до нього сходилися голуб'ятники , відтак вели галасливі голуб'ятницькі розмови , цілком , сказати б , професійні .",[],"[{""label"": ""PERIOD"", ""text"": ""Часом"", ""start"": 0, ""end"": 5}]"
313c54c85f9fab6c5582fb6e2fdd1d6e3454ff3ee6f65b6744833f673718f9d8,"При зустрічах з Іваном Пастух загадково всміхався , ніби вони були пов'язані особливою таємницею .","[{""label"": ""PERS"", ""text"": ""Іваном""}, {""label"": ""PERS"", ""text"": ""Пастух""}]","[{""label"": ""PERS"", ""text"": ""Іваном Пастух"", ""start"": 16, ""end"": 29}]"
203443d8fd5fb5005e6f84e3eda3f008847a9aa6e0a464a7e27abb846d9f506b,"Часом перекидався принагідним словом , але в довші балачки не заходив .",[],[]
2883773e311657ca54c9daaecbe230128774cc420ccf0bf3f2f9e58b76018dcc,"Оце й усе , що з'єднувало їхні Сфери , а загалом вони ніби розкошували в мирі , що його принесло до обійстя павутиння бабиного літа . Іван часом приходив пізно , вночі , але не тому , що завів дівчину , а через кіна , які таки відвідував на останньому сеансі .","[{""label"": ""PERS"", ""text"": ""Іван""}]","[{""label"": ""PERIOD"", ""text"": ""бабиного літа"", ""start"": 118, ""end"": 131}, {""label"": ""PERS"", ""text"": ""Іван"", ""start"": 134, ""end"": 138}, {""label"": ""PERS"", ""text"": ""дівчину"", ""start"": 193, ""end"": 200}, {""label"": ""ART"", ""text"": ""кіна"", ""start"": 211, ""end"": 215}]"
d5b6952bd945ddc326d29293e077130595a7ecfb277db3645ba928782109f1d9,"Пес на нього вже давно не гавкав , тому Іван припинив підгодовувати його ковбасою , відтак тварина часом дивилася на нього з печальним розумінням , у якому можна було прочитати й м'якого докора .","[{""label"": ""PERS"", ""text"": ""Іван""}]","[{""label"": ""PERS"", ""text"": ""Пес"", ""start"": 0, ""end"": 3}, {""label"": ""PERS"", ""text"": ""Іван"", ""start"": 40, ""end"": 44}, {""label"": ""ART"", ""text"": ""ковбасою"", ""start"": 73, ""end"": 81}]"
518feef732de2170691baf5d71b35dd537f4903b0df18908b8a4da1aaff9ffe4,"Але , попри все , напруження , яке відчув у перші дні свого тут перебування , не зникало .",[],"[{""label"": ""PERIOD"", ""text"": ""перші дні"", ""start"": 44, ""end"": 53}]"
3295630ee3173030bf8a3d687b5293530e4283931babae98afc758dc758e1454,"Це було щось тонке , майже непримітне , тому здобутий мир нагадував усе-таки спокій передгроззя .",[],"[{""label"": ""ART"", ""text"": ""здобутий мир"", ""start"": 45, ""end"": 57}]"
797ac1ac01d2f3ccce134f4d2e038fe71ad6b4127ec536e846ada15dbc264ac3,"Не раз Іван Василевський признавався собі , що чогось очікує , бо його сторожові пункти лишалися невідпружені .","[{""label"": ""PERS"", ""text"": ""Іван Василевський""}]","[{""label"": ""PERS"", ""text"": ""Іван Василевський"", ""start"": 7, ""end"": 24}, {""label"": ""LOC"", ""text"": ""сторожові пункти"", ""start"": 71, ""end"": 87}]"
34986aee4d354752dcdb747bb33b3fa654b1186695351a99120e70e5a14fdf23,"З одного боку , це турбувало , з другого , творило затамований інтерес , менший , як при мисливському вогнику , але чіпкий .",[],[]
0eab9f1704e033d9fb6914dbe81151210b3f5c01ba9d3af057b765d639cb77cb,"За одного з передсонь признався собі ще в одному : йому хотілося розгадати таємниці цього дому , а що вони існували , не сумнівався .",[],[]
b2e6b5f303150ccd2aa15f3e258f22eb7caa9d990c65a1ff2f588359245b20b3,"З Федьом Салом більше не розмовляв , але часом відчував на собі його погляд — той ніби стежив за ним ; він сам стежив за господарями , вони стежили за ним і одне за одним , отже , свої Сфери , хоч і на позірному рівні , з'єднували .","[{""label"": ""PERS"", ""text"": ""Федьом Салом""}]","[{""label"": ""PERS"", ""text"": ""Федьом Салом"", ""start"": 2, ""end"": 14}, {""label"": ""MISC"", ""text"": ""Сфери"", ""start"": 185, ""end"": 190}]"
280695840dd71bb81ab56e05167ee71414266364a05f3b3d089e5b9252a17b4a,"І він силою змислів , які в нього не були затуплені на противагу розумові , відчував , що війна таки має початися , відтак у ньому спалахувало ( що дивувало ) незбагненне завзяття : всі вони , всі , всі — господар із господинею , і Людмила з ним , і навіть Федьо Сало , який ніби цілком вийшов із цієї Сфери , — до чогось готувалися , причому на рівні , можна сказати , прочуттєвому .","[{""label"": ""PERS"", ""text"": ""Людмила""}, {""label"": ""PERS"", ""text"": ""Федьо Сало""}]","[{""label"": ""PERS"", ""text"": ""господар"", ""start"": 205, ""end"": 213}, {""label"": ""JOB"", ""text"": ""господинею"", ""start"": 217, ""end"": 227}, {""label"": ""PERS"", ""text"": ""Людмила"", ""start"": 232, ""end"": 239}, {""label"": ""PERS"", ""text"": ""Федьо Сало"", ""start"": 257, ""end"": 267}, {""label"": ""LOC"", ""text"": ""Сфери"", ""start"": 302, ""end"": 307}]"
7014a6a5cbb7baac9963c073965a40d45918d1f37728d7f237899ba68600717d,"Неділями , при яскравому сонці , Людмила виходила у двір із мольбертом , галетою , фарбами , розташовувалася якраз проти Іванового вікна й малювала осінні пейзажі .","[{""label"": ""PERS"", ""text"": ""Людмила""}, {""label"": ""PERS"", ""text"": ""Іванового""}]","[{""label"": ""PERIOD"", ""text"": ""Неділями"", ""start"": 0, ""end"": 8}, {""label"": ""PERS"", ""text"": ""Людмила"", ""start"": 33, ""end"": 40}, {""label"": ""LOC"", ""text"": ""двір"", ""start"": 52, ""end"": 56}, {""label"": ""ART"", ""text"": ""мольбертом"", ""start"": 60, ""end"": 70}, {""label"": ""ART"", ""text"": ""галетою , фарбами"", ""start"": 73, ""end"": 90}, {""label"": ""LOC"", ""text"": ""Іванового вікна"", ""start"": 121, ""end"": 136}]"
6261eec6e0cc92ff0e89d4da48b253f0be83162e44e6ef1ec9f6b32b0cbf6b5e,"Хлопець стояв на деякій відстані від вікна й дивився . Людмила уваги на те не звертала , захоплена творенням , але йому здавалося , що це зумисна демонстрація і що вона чудово знає , що з дому він за нею стежить .","[{""label"": ""PERS"", ""text"": ""Людмила""}]","[{""label"": ""PERS"", ""text"": ""Хлопець"", ""start"": 0, ""end"": 7}, {""label"": ""LOC"", ""text"": ""вікна"", ""start"": 37, ""end"": 42}, {""label"": ""PERS"", ""text"": ""Людмила"", ""start"": 55, ""end"": 62}, {""label"": ""MISC"", ""text"": ""творенням"", ""start"": 99, ""end"": 108}, {""label"": ""LOC"", ""text"": ""дому"", ""start"": 188, ""end"": 192}]"
ad069b24e9da43c1b67d0c1900563350058ac648f6e52b1c9f8e89c0f03e3a30,"І він стежив , хоча напередодні щоразу давав зарік цього не чинити .",[],"[{""label"": ""PERS"", ""text"": ""він"", ""start"": 2, ""end"": 5}]"
b38e5b1b5ac19a9da91c5b3aeeae8dd61b08383243b4633370c99faf21842cbf,"Допомагали їй Пес та Кіт : Пес улягався поблизу й пильно дивився , тільки вряди-годи відриваючись до своїх бліх ; Кіт же сідав на ґанку й палив до неї очима .",[],"[{""label"": ""PERS"", ""text"": ""Пес"", ""start"": 14, ""end"": 17}, {""label"": ""PERS"", ""text"": ""Кіт"", ""start"": 21, ""end"": 24}, {""label"": ""PERS"", ""text"": ""Пес"", ""start"": 27, ""end"": 30}, {""label"": ""PERS"", ""text"": ""Кіт"", ""start"": 114, ""end"": 117}, {""label"": ""LOC"", ""text"": ""ґанку"", ""start"": 130, ""end"": 135}]"
dfad70ed0d38dd2d2940a32a3edbec33d2b7a099b143ee041565a5c409120efe,"Інколи ставав нахабніший , стрімко збігав зі сходинок , перебігав двір і стрибав їй на плече .",[],"[{""label"": ""LOC"", ""text"": ""двір"", ""start"": 66, ""end"": 70}]"
015c8e8e8f6f6fb79e765e5f813faa9f0c8492fd91db345dcd17253d37ec3de5,"Тоді Людмила сміялася , повертаючи в Іванів бік того профіля ( в кожної людини їх два різні ) , який був у неї привабливіший .","[{""label"": ""PERS"", ""text"": ""Людмила""}, {""label"": ""PERS"", ""text"": ""Іванів""}]","[{""label"": ""PERS"", ""text"": ""Людмила"", ""start"": 5, ""end"": 12}, {""label"": ""PERS"", ""text"": ""Іванів"", ""start"": 37, ""end"": 43}]"
5a70429149cf13ec3a37d9c37463899c8a724e199951fcdb903a8a39d66e06ed,І це видиво розсміяної дівчини з чорним котом на плечі захоплювало й жахало Івана Василевського ...,"[{""label"": ""PERS"", ""text"": ""Івана Василевського""}]","[{""label"": ""PERS"", ""text"": ""Івана Василевського"", ""start"": 76, ""end"": 95}]"
74940bb121bf7f00d6f1a2abe1801b01da232ebf0150e36804256acd09d5b751,"Водночас остережні пункти в ньому не дрімали , він добре знав ( бо відчував ) , що магія супроти нього таки твориться , і тут Аркадій Пастух мав повну рацію .","[{""label"": ""PERS"", ""text"": ""Аркадій Пастух""}]","[{""label"": ""MISC"", ""text"": ""магія"", ""start"": 83, ""end"": 88}, {""label"": ""PERS"", ""text"": ""Аркадій Пастух"", ""start"": 126, ""end"": 140}]"
9668160ba8d665d9201929f476921ebb382e3100c5b75516e3c6acab8e64fc2d,"Відтак риштунки на його грудях миттю замикалися , а на вуста лягала зневажлива всмішка .",[],"[{""label"": ""ART"", ""text"": ""риштунки"", ""start"": 7, ""end"": 15}]"
96fd8b1efce11039d1bf46b9a152a2621e35b2538fb45093509121bffe12ef5b,"І Людмила завжди відчувала зміну його стану , бо стривожено напівоберталася в його бік , нагадуючи лякливу лань . Таїсія Іванівна ніколи не підходила подивитися на доччине малювання .","[{""label"": ""PERS"", ""text"": ""Людмила""}, {""label"": ""PERS"", ""text"": ""Таїсія Іванівна""}]","[{""label"": ""PERS"", ""text"": ""Людмила"", ""start"": 2, ""end"": 9}, {""label"": ""PERS"", ""text"": ""Таїсія Іванівна"", ""start"": 114, ""end"": 129}, {""label"": ""ART"", ""text"": ""доччине малювання"", ""start"": 164, ""end"": 181}]"
9221f6bf06275ce5d58087269b871a4cd36a32d8dda056072d63dd84d74ac5e2,"На працю не ходила , але з раннього ранку до пізнього вечора товклась у домі : всі звуки , які чув , долинали від того порядкування : прибирання , совання меблею , дзвін посуду й каструль , глухе поторохкування відра , звуки від прання , звуки вогню та води , шипіння закипілого і збіглого .",[],"[{""label"": ""PERIOD"", ""text"": ""пізнього вечора"", ""start"": 45, ""end"": 60}, {""label"": ""LOC"", ""text"": ""домі"", ""start"": 72, ""end"": 76}, {""label"": ""MISC"", ""text"": ""прибирання"", ""start"": 134, ""end"": 144}, {""label"": ""MISC"", ""text"": ""совання меблею"", ""start"": 147, ""end"": 161}, {""label"": ""ART"", ""text"": ""посуду й каструль"", ""start"": 170, ""end"": 187}, {""label"": ""ART"", ""text"": ""відра"", ""start"": 211, ""end"": 216}, {""label"": ""MISC"", ""text"": ""прання"", ""start"": 229, ""end"": 235}]"
d950c9e382f92e1572b1349477bfe3fde122ab6c12802767dd03f2ab15d803f4,"Випране потім вивішувалося на шнуркові , що тягся через двір .",[],"[{""label"": ""ART"", ""text"": ""Випране"", ""start"": 0, ""end"": 7}, {""label"": ""ART"", ""text"": ""шнуркові"", ""start"": 30, ""end"": 38}, {""label"": ""LOC"", ""text"": ""двір"", ""start"": 56, ""end"": 60}]"
16d17d6d70a12534411bc486b7627ca9359eb2bdbc466b002fedd1032df836f7,"Кіт на той час покидав Людмилу й бігав за старшою господинею , невідь-чому відчуваючи й виявляючи незвичне збудження .","[{""label"": ""PERS"", ""text"": ""Людмилу""}]","[{""label"": ""PERS"", ""text"": ""Кіт"", ""start"": 0, ""end"": 3}, {""label"": ""PERS"", ""text"": ""Людмилу"", ""start"": 23, ""end"": 30}, {""label"": ""PERS"", ""text"": ""старшою господинею"", ""start"": 42, ""end"": 60}]"
5bb87a30d479cfa872d52d8d1ec9ded06ebbfb9169a6a0704e9dcf6bf3db1e86,"Для Людмили Таїсія Іванівна завжди залишала просвіт , щоб не затуляти їй краєвиду , інколи на наказ дочки щось перевішувала — оце й була вся її увага до доччиного захоплення . Аркадій Петрович чинив інакше . Проте помста селян полягала в іншому .","[{""label"": ""PERS"", ""text"": ""Людмили""}, {""label"": ""PERS"", ""text"": ""Таїсія Іванівна""}, {""label"": ""PERS"", ""text"": ""Аркадій Петрович""}]","[{""label"": ""PERS"", ""text"": ""Таїсія Іванівна"", ""start"": 12, ""end"": 27}, {""label"": ""LOC"", ""text"": ""краєвиду"", ""start"": 73, ""end"": 81}, {""label"": ""PERS"", ""text"": ""Аркадій Петрович"", ""start"": 176, ""end"": 192}]"
e9d02a850981ca22293c2686513a62d7fbb8eca51e52d49da44365f2ebc8974d,Вони просто не вийшли на роботу .,[],"[{""label"": ""PERS"", ""text"": ""Вони"", ""start"": 0, ""end"": 4}]"
91c5d953a637bc60aad01e9d000639b3a693ce99b22adad5928d08cd0dc94fe7,"І якщо пшениця могла й почекати , то худоба залишилася без належного догляду .",[],"[{""label"": ""MISC"", ""text"": ""пшениця"", ""start"": 7, ""end"": 14}, {""label"": ""MISC"", ""text"": ""худоба"", ""start"": 37, ""end"": 43}]"
fcbcc9d71c019dcd1e901aab4820235e63a10d53012dd7a5ad996e844cefa50b,І п'ятдесят невидоєних корів зчинили по всій околиці страшний лемент .,[],"[{""label"": ""QUANT"", ""text"": ""І п'ятдесят невидоєних корів"", ""start"": 0, ""end"": 28}, {""label"": ""LOC"", ""text"": ""околиці"", ""start"": 45, ""end"": 52}]"
2193d38bd9a1d9667678a6ee32b3f91a88469c83a96f6230c8e2b86e1ed2b958,"Жінки затуляли вуха й плакали , рвалися допомогти нещасним тваринам .",[],"[{""label"": ""PERS"", ""text"": ""Жінки"", ""start"": 0, ""end"": 5}]"
b177072b5e0c3b13c5609e8db618e7f25a04096e9e65353ece47567bf3305b41,Але чоловіки були невблаганними : нехай мучаться !,[],"[{""label"": ""PERS"", ""text"": ""чоловіки"", ""start"": 4, ""end"": 12}]"
1314583137acb63e95115bde6dfb449bb45fadd37b664ee17f8d5df2f9a2d234,"Нехай віднині сам пан їх і доїть , якщо вміє !",[],"[{""label"": ""PERS"", ""text"": ""пан"", ""start"": 18, ""end"": 21}]"
27d5447051e50d61677dc5b2f830e37700234b84f314376a9735a3daf8563bc6,І ось з цієї події й розпочалася історія сходження родини Макара .,"[{""label"": ""PERS"", ""text"": ""Макара""}]","[{""label"": ""PERS"", ""text"": ""Макара"", ""start"": 58, ""end"": 64}]"
d58daf0bb064a7d878b96ca79ac50f2327cff805dcc966eacfe21466d57b670e,Тоді йому було десять чи одинадцять років .,[],"[{""label"": ""PERS"", ""text"": ""йому"", ""start"": 5, ""end"": 9}, {""label"": ""PERIOD"", ""text"": ""десять чи одинадцять років"", ""start"": 15, ""end"": 41}]"
34465084f8f5a3c91fc0dcb31ccd3d05c46aef0985f2f66e1bdf582a78f937ee,"Два дні хлопець плакав , накривши голову подушками .",[],"[{""label"": ""PERIOD"", ""text"": ""Два дні"", ""start"": 0, ""end"": 7}, {""label"": ""PERS"", ""text"": ""хлопець"", ""start"": 8, ""end"": 15}, {""label"": ""ART"", ""text"": ""подушками"", ""start"": 41, ""end"": 50}]"
b0515cb47ddb2935ce5bcd0f0af6026347d78fbfa7c102926bace04c287f2606,"Але й через гусяче пір'я до нього долинали плачі нещасних « рябух » , яких він пас і яких знав поіменно .",[],"[{""label"": ""PERS"", ""text"": ""нього"", ""start"": 28, ""end"": 33}, {""label"": ""PERS"", ""text"": ""він"", ""start"": 75, ""end"": 78}]"
279ecb97ff857fb8bde07c3493c23c3d150098a4c182e95fb6f03c2d75387ead,"Малий Макар не розумів , який стосунок має лютий пан до цих бідолашних тварин .","[{""label"": ""PERS"", ""text"": ""Макар""}]","[{""label"": ""PERS"", ""text"": ""Малий Макар"", ""start"": 0, ""end"": 11}, {""label"": ""PERS"", ""text"": ""лютий пан"", ""start"": 43, ""end"": 52}, {""label"": ""MISC"", ""text"": ""бідолашних тварин"", ""start"": 60, ""end"": 77}]"
c6b18e90b2dd237fecd8da04b7ef52ac9b091528a71e29ee15b8e77d87ac5ec6,І чому вони мусять мучитися …,[],[]
ced0b5c299dfa1aeeaec7380c0cb5c49ff3589a7624ec7a8b48022cd7dd0a58e,"На третю ніч , дочекавшись , коли батьки заснуть , Макар виліз із ліжка й побіг до панської стайні .","[{""label"": ""PERS"", ""text"": ""Макар""}]","[{""label"": ""PERIOD"", ""text"": ""На третю ніч"", ""start"": 0, ""end"": 12}, {""label"": ""PERS"", ""text"": ""Макар"", ""start"": 51, ""end"": 56}, {""label"": ""LOC"", ""text"": ""панської стайні"", ""start"": 83, ""end"": 98}]"
3c582c4844fc685d0b7df2e5d33c0b25ec198455ba0f7a4170f64d5e96e814c5,Відкинув засув і занімів від жаху та жалю : п'ятдесят пар великих коров’ячих очей дивилися на нього з людським болем .,[],"[{""label"": ""QUANT"", ""text"": ""п'ятдесят пар великих коров’ячих очей"", ""start"": 44, ""end"": 81}]"
bb4487045a888b9a562c9d3ac820346a22b0b18a415978dc3b38a9fb7db3f0d0,Тварини навіть припинили кричати — просто дивилися з докором .,[],"[{""label"": ""MISC"", ""text"": ""Тварини"", ""start"": 0, ""end"": 7}]"
3681cdd80cc03e765f2ae3af45fdacf38f1fe7e7c3a46161ee4411d8dafffe21,І Макар узявся до роботи .,"[{""label"": ""PERS"", ""text"": ""Макар""}]","[{""label"": ""PERS"", ""text"": ""І Макар"", ""start"": 0, ""end"": 7}, {""label"": ""JOB"", ""text"": ""роботи"", ""start"": 18, ""end"": 24}]"
0567bf84b3ca5e81922f5fb104439469a89a75075035fc58abe6642dcc89e072,Цілу ніч і півранку він доїв корів просто на землю .,[],"[{""label"": ""PERIOD"", ""text"": ""Цілу ніч і півранку"", ""start"": 0, ""end"": 19}, {""label"": ""PERS"", ""text"": ""він"", ""start"": 20, ""end"": 23}, {""label"": ""MISC"", ""text"": ""корів"", ""start"": 29, ""end"": 34}, {""label"": ""LOC"", ""text"": ""землю"", ""start"": 45, ""end"": 50}]"
012ac659e92a4eff2def4903941e690948c6f9af1e541cec5b6be0449f99f192,"Його пальці заніміли , а вся земля була просякнута піною і запахом свіжого молока .",[],"[{""label"": ""LOC"", ""text"": ""земля"", ""start"": 29, ""end"": 34}, {""label"": ""ART"", ""text"": ""піною"", ""start"": 51, ""end"": 56}]"
1a7914f366a19268ce1a8483b49443da6261cad703bb2885f7fe879ef7146a61,"Але коли перші промені сонця освітили крони дерев , мукання стихло й село поринуло в довгоочікувану тишу .",[],"[{""label"": ""ART"", ""text"": ""крони дерев"", ""start"": 38, ""end"": 49}, {""label"": ""LOC"", ""text"": ""село"", ""start"": 69, ""end"": 73}]"
96dc0be1ea7f02fd40079f6f865df78210643fc627dffb6c298ccf073e234d26,Друга « серія » цієї родинної легенди почалася того ж ранку .,[],"[{""label"": ""TIME"", ""text"": ""того ж ранку"", ""start"": 47, ""end"": 59}]"
75d5a9f62228b32a5c82a390f1597402e0e1234785b52ac3ef0f64073ba59f67,"До стайні , в якій уже спокійно спали звільнені від тягаря тварини , заглянула юна панночка .",[],"[{""label"": ""LOC"", ""text"": ""стайні"", ""start"": 3, ""end"": 9}, {""label"": ""PERS"", ""text"": ""юна панночка"", ""start"": 79, ""end"": 91}]"
ff3f0bb664f0db9b2ef4e9890401bac58c0dc9a79f6662f76ed6338608fa5698,"Треба сказати , що це було допитливе і геть не схоже на свого суворого татуся створіння .",[],[]
3e33fdc9eee54379b0944e41b36abd6e26578d62c547a006c0ec34ddf667092a,"В селі подейкували , що дев’ять років тому народила її циганка , в яку був закоханий пан Островершенко .","[{""label"": ""DATE"", ""text"": ""дев’ять років тому""}, {""label"": ""PERS"", ""text"": ""Островершенко""}]","[{""label"": ""LOC"", ""text"": ""селі"", ""start"": 2, ""end"": 6}, {""label"": ""PERIOD"", ""text"": ""дев’ять років тому"", ""start"": 24, ""end"": 42}, {""label"": ""PERS"", ""text"": ""пан Островершенко"", ""start"": 85, ""end"": 102}]"
b01471e3dfecf4d92e2732324e69c7b5515777724d17c014275aa653b9dfd29f,"Відтак циганка втекла з табором , підкинувши панові його маленьку донечку .",[],"[{""label"": ""PERS"", ""text"": ""циганка"", ""start"": 7, ""end"": 14}, {""label"": ""ORG"", ""text"": ""табором"", ""start"": 24, ""end"": 31}, {""label"": ""PERS"", ""text"": ""панові"", ""start"": 45, ""end"": 51}]"
2280ad3eaeff2d658429ee03f72c0b6b82dc9b48742066674a68c24a84b38eb1,Пан назвав її Марією .,"[{""label"": ""PERS"", ""text"": ""Марією""}]","[{""label"": ""PERS"", ""text"": ""Пан"", ""start"": 0, ""end"": 3}, {""label"": ""PERS"", ""text"": ""Марією"", ""start"": 14, ""end"": 20}]"
9d84393dbbcfc9cd5d90167ca1cc7d116e25458a4b1e112a48b1619079b5c83d,Виписав для неї зі столиці купу гувернанток і вчителів .,"[{""label"": ""JOB"", ""text"": ""вчителів""}]","[{""label"": ""LOC"", ""text"": ""столиці"", ""start"": 19, ""end"": 26}, {""label"": ""JOB"", ""text"": ""гувернанток і вчителів"", ""start"": 32, ""end"": 54}]"
73f666ba5fe75adf8e3730d08a8e0075eb581ecea3d11afa01595f6e82abdaa1,"Але ті просто не знали , що з нею робити .",[],"[{""label"": ""PERS"", ""text"": ""ті"", ""start"": 4, ""end"": 6}]"
04830c870a4fa265013f951fc4b2726e05f234d2f186faca2c98c42b3a830364,"Адже , як сказали б зараз , Марія була доволі « проблемною » дитиною .","[{""label"": ""PERS"", ""text"": ""Марія""}]","[{""label"": ""PERS"", ""text"": ""Марія"", ""start"": 28, ""end"": 33}]"
1aab0d52294ce9fe5d493f5df39f5142f9c89372749c857f722d08413deb882b,"Цілими днями дівчинка ганяла по ланах з місцевою дітлашнею , роздаровувала дівчаткам свої мереживні сукні або вимінювала їх на полотняні запаски і вишиті сорочки .",[],"[{""label"": ""PERIOD"", ""text"": ""Цілими днями"", ""start"": 0, ""end"": 12}, {""label"": ""PERS"", ""text"": ""дівчинка"", ""start"": 13, ""end"": 21}, {""label"": ""LOC"", ""text"": ""ланах"", ""start"": 32, ""end"": 37}, {""label"": ""ORG"", ""text"": ""місцевою дітлашнею"", ""start"": 40, ""end"": 58}, {""label"": ""ART"", ""text"": ""мереживні сукні"", ""start"": 90, ""end"": 105}, {""label"": ""ART"", ""text"": ""полотняні запаски"", ""start"": 127, ""end"": 144}, {""label"": ""ART"", ""text"": ""вишиті сорочки"", ""start"": 147, ""end"": 161}]"
146404b448c4be9a6de9577d891e484a1d89bafb46d24c10c567993b50a4cb57,"Часто можна було побачити , як вона скаче через усе село на своєму маленькому поні , яке тато виписав їй з Англії , або сидить на розлогому вітті старого дуба і читає книжку .","[{""label"": ""LOC"", ""text"": ""Англії""}]","[{""label"": ""PERS"", ""text"": ""вона"", ""start"": 31, ""end"": 35}, {""label"": ""LOC"", ""text"": ""село"", ""start"": 52, ""end"": 56}, {""label"": ""ART"", ""text"": ""маленькому поні"", ""start"": 67, ""end"": 82}, {""label"": ""PERS"", ""text"": ""тато"", ""start"": 89, ""end"": 93}, {""label"": ""LOC"", ""text"": ""Англії"", ""start"": 107, ""end"": 113}, {""label"": ""MISC"", ""text"": ""розлогому вітті старого дуба"", ""start"": 130, ""end"": 158}, {""label"": ""ART"", ""text"": ""книжку"", ""start"": 167, ""end"": 173}]"
dca7b7041cc276cbf1e7d946c7f266a96e95a0cb63ea1d985f0f5a823bac0623,"Або , втікши від своїх няньок , купається в ставку .",[],"[{""label"": ""PERS"", ""text"": ""Або"", ""start"": 0, ""end"": 3}]"
ca7c0ddcfc76b41623ad4e851b548adbf99f9dd2d25a62bf4b80f591a7a44e0c,"Цього ранку дівчисько , як завжди , вистрибнуло з вікна своєї спальні просто в мокру від роси траву .",[],"[{""label"": ""PERS"", ""text"": ""дівчисько"", ""start"": 12, ""end"": 21}, {""label"": ""ART"", ""text"": ""мокру від роси траву"", ""start"": 79, ""end"": 99}]"
9a50ed98a6c916cdf51ff63e473634980a35805331e0fef9d42e43d1a41c906c,"Їй конче було необхідно дізнатися , чому замовкли корови .",[],"[{""label"": ""PERS"", ""text"": ""Їй"", ""start"": 0, ""end"": 2}, {""label"": ""MISC"", ""text"": ""корови"", ""start"": 50, ""end"": 56}]"
0d5ac368005c925827da38889883682f121a5b243c2cea95159aa58bcec8680a,"Адже до того всі няньки та гувернантки ходили з головним болем , обв’язавши вуха хустками і позатикавши їх шматочками корпії — так називалася тоді вата .","[{""label"": ""JOB"", ""text"": ""няньки""}]","[{""label"": ""JOB"", ""text"": ""гувернантки"", ""start"": 27, ""end"": 38}, {""label"": ""ART"", ""text"": ""хустками"", ""start"": 81, ""end"": 89}, {""label"": ""ART"", ""text"": ""шматочками корпії"", ""start"": 107, ""end"": 124}, {""label"": ""ART"", ""text"": ""вата"", ""start"": 147, ""end"": 151}]"
5d9c02e69eca80d3855fcc67e09a459b8767dd866006478aadd0202a1b127032,"У вранішній тиші нарешті було чутно , як співають пташки .",[],"[{""label"": ""ART"", ""text"": ""пташки"", ""start"": 50, ""end"": 56}]"
32140117afd77a7ac72fce9aebaab490e0ecc498e2bef5ef10197fe54f13db34,"Усі в маєтку спали міцним сном , адже втомилися за ці ночі суцільного коров’ячого галасу .",[],"[{""label"": ""LOC"", ""text"": ""маєтку"", ""start"": 6, ""end"": 12}, {""label"": ""MISC"", ""text"": ""суцільного коров’ячого галасу"", ""start"": 59, ""end"": 88}]"
7d1d751dfc903bf22577d16811e9f702f874f45bec7b8b890056239f54722fda,"Отже , Марія вистрибнула з вікна і попрямувала до стайні .","[{""label"": ""PERS"", ""text"": ""Марія""}]","[{""label"": ""PERS"", ""text"": ""Марія"", ""start"": 7, ""end"": 12}, {""label"": ""LOC"", ""text"": ""стайні"", ""start"": 50, ""end"": 56}]"
084a66b4d326acd34144ebefa1116def1b8205b058b7369ce7a61214e8a52457,І що вона там побачила ?,[],[]
4505a9f2e4200804144d9717310889fdce794175c24cdc1e5ff8556a8a36d177,Звільнені й щасливі тварини мирно посапували в стійлах .,[],"[{""label"": ""LOC"", ""text"": ""стійлах"", ""start"": 47, ""end"": 54}]"
aaf3f96d69ac6587e4364affdedea76a95b9a4946fa17d5c1fa9efcdb2815f27,А просто посеред стайні на купі вологого сіна лежав … чортяка !,[],"[{""label"": ""LOC"", ""text"": ""стайні"", ""start"": 17, ""end"": 23}, {""label"": ""PERS"", ""text"": ""чортяка"", ""start"": 54, ""end"": 61}]"
97efa753c826068074883f545c1ae9ee135a085034b7644af70f79b923d591dd,Він був малий і замурзаний .,[],"[{""label"": ""PERS"", ""text"": ""Він"", ""start"": 0, ""end"": 3}]"
d09b739cdd9c77b5607006ce2f8ec094911b729f09f340d27405ffb83512e51e,"На щоках — чорні сліди від брудних сліз , пальці рук — розпухлі й скорчені , рот розкритий , дихання гаряче , мов з пекла .",[],[]
b9b19f369679b946f78c3a2cde44b9099869a1f7379a4b8ecd4b4c56be824241,"Щоправда , чортяці не вистачало хвоста і копит . Марія обійшла його тричі , вгрузаючи ногами в розмоклу від молока землю .","[{""label"": ""PERS"", ""text"": ""Марія""}]","[{""label"": ""ART"", ""text"": ""хвоста"", ""start"": 32, ""end"": 38}, {""label"": ""PERS"", ""text"": ""Марія"", ""start"": 49, ""end"": 54}]"
ef0db2a48100e36c93c99220f9b2f802492329d77617882b9d8bec99a8572194,"А потім присіла поруч , радіючи можливості поспілкуватися з нечистою силою .",[],[]
2932296a4c23ee6c3807c9961bdae795d3d08b39aa9800d56e922b34942edb3d,А « нечиста сила » спокійно собі спала .,[],"[{""label"": ""PERS"", ""text"": ""нечиста сила"", ""start"": 4, ""end"": 16}]"
603b8124482ba334496c3ba3ae04389c5fdea06b043d3942a7f53350376d4a7b,"Минула година , і чортяка несподівано розплющив очі .",[],"[{""label"": ""PERIOD"", ""text"": ""Минула година"", ""start"": 0, ""end"": 13}, {""label"": ""PERS"", ""text"": ""чортяка"", ""start"": 18, ""end"": 25}]"
53ed482cad22dcbaaccb8c8196804f4d766c050eff3b70f94abe6b48349bd0a6,"І в сонному маренні побачив над собою дивну істоту — в довгій білій сорочці , з розпущеним чорним волоссям , що огортало її стан аж до п’ят .",[],"[{""label"": ""ART"", ""text"": ""довгій білій сорочці"", ""start"": 55, ""end"": 75}]"
644cf52136dc1e2423a4bb3e24c9b117ac1e2ced244c55c6f187723317b0e469,"Промені світла , що пробивалися крізь діри в даху , золотим контуром окреслювали всю тендітну постать …",[],[]
18ee1867c5dd761150e06f9ee55cc52244a55cefd82a6b4ca1afb5d320a484fa,Хлопчик і дівчинка з переляку одночасно перехрестилися .,[],"[{""label"": ""PERS"", ""text"": ""Хлопчик і дівчинка"", ""start"": 0, ""end"": 18}]"
83de61ea8764a1ebb0adb3435346094e8cc5f90efe9ebe0fdf5154be4a76a740,"Адже обох учили хреститися , коли побачиш щось дивне і несподіване — тоді мара зникне .",[],"[{""label"": ""PERS"", ""text"": ""мара"", ""start"": 74, ""end"": 78}]"
d755bc86cbf8243f9b607417aac766814bc32182f3a5d6c5cee998c1cd7a5858,— Ти не ангел ? — запитав Макар .,"[{""label"": ""PERS"", ""text"": ""Макар""}]","[{""label"": ""PERS"", ""text"": ""Макар"", ""start"": 26, ""end"": 31}]"
c92196d9ad2117270c5e1b8a08443c7a6ffcb9d82567eb8bc9b6161163fc1a08,— А ти не чорт ? — запитала Марія .,"[{""label"": ""PERS"", ""text"": ""Марія""}]","[{""label"": ""PERS"", ""text"": ""Марія"", ""start"": 28, ""end"": 33}]"
4abc4fdb41432f5d223bff9aa36ad54c6ab21b1e10a03bfaf12d40fe809233c2,І вони засміялися .,[],[]
a7ffb37015c9adc3f8619d63176c76f72a0cacd9322c1a93c8d0a706b0bf65dd,"Забігаючи наперед , варто сказати , що так відбулася перша зустріч тих , від кого залежало моє народження майже сто сорок років по тому ! Макарові було одинадцять , Марії — дев’ять . Макар був сином кріпака , Марія — панночкою .","[{""label"": ""DATE"", ""text"": ""сто сорок років""}, {""label"": ""PERS"", ""text"": ""Макарові""}, {""label"": ""PERS"", ""text"": ""Марії""}, {""label"": ""PERS"", ""text"": ""Макар""}, {""label"": ""PERS"", ""text"": ""Марія""}]","[{""label"": ""PERIOD"", ""text"": ""майже сто сорок років по тому"", ""start"": 106, ""end"": 135}, {""label"": ""PERS"", ""text"": ""Макарові"", ""start"": 138, ""end"": 146}, {""label"": ""PERS"", ""text"": ""Марії"", ""start"": 165, ""end"": 170}, {""label"": ""PERS"", ""text"": ""Макар"", ""start"": 183, ""end"": 188}, {""label"": ""JOB"", ""text"": ""кріпака"", ""start"": 199, ""end"": 206}, {""label"": ""PERS"", ""text"": ""Марія"", ""start"": 209, ""end"": 214}, {""label"": ""JOB"", ""text"": ""панночкою"", ""start"": 217, ""end"": 226}]"
d16698327a5d587ad2bcfeb12f00b2b0bad35133d0abcf03cb9c1026d3dd9418,"Звісно , тоді ніхто і уявити не міг , у що виллється їхнє знайомство .",[],"[{""label"": ""PERS"", ""text"": ""ніхто"", ""start"": 14, ""end"": 19}]"
f700b2efee803695954c7fba776511256382f46f22e690b67f482b96b2f6c813,Але історія з доїнням корів для родини Макара закінчилася несподівано щасливо .,"[{""label"": ""PERS"", ""text"": ""Макара""}]","[{""label"": ""PERS"", ""text"": ""Макара"", ""start"": 39, ""end"": 45}]"
96730a7003e0da9e29ed62ed6833caafdf1b2cf086fe2abd096d627fae1b6dbf,"Почувши про такий героїчний і милосердний вчинок хлопця , пан Островершенко розчулився і подарував родині свого рятівника хутір .","[{""label"": ""PERS"", ""text"": ""Островершенко""}]","[{""label"": ""PERS"", ""text"": ""хлопця"", ""start"": 49, ""end"": 55}, {""label"": ""PERS"", ""text"": ""пан Островершенко"", ""start"": 58, ""end"": 75}, {""label"": ""LOC"", ""text"": ""хутір"", ""start"": 122, ""end"": 127}]"
fed58aeef1641ffeda034c92403ab039642d5d6da29143c4f55ebdeb57d9adaf,З того часу батьки Макара стали заможними .,"[{""label"": ""PERS"", ""text"": ""Макара""}]","[{""label"": ""TIME"", ""text"": ""З того часу"", ""start"": 0, ""end"": 11}, {""label"": ""PERS"", ""text"": ""батьки Макара"", ""start"": 12, ""end"": 25}]"
a48c4171fdb589d42576134d9b893e8b73b04bc4680646b18bd4360ed398d085,І рік від року почали збільшувати свої статки .,[],"[{""label"": ""PERIOD"", ""text"": ""І рік від року"", ""start"": 0, ""end"": 14}]"
d7bf443b9ba8e6b0effdcbb9eca3b3e61880d929a11bb4ef6bd93d86ab90755a,"Діти , звісно , більше не зустрічалися .",[],"[{""label"": ""PERS"", ""text"": ""Діти"", ""start"": 0, ""end"": 4}]"
5f8f96182df6c8896163eda91e0e42ec8a3f518f72115f51a1d9db0ab8420616,"Хоча Макар доволі часто нипав біля панського маєтку і здалеку спостерігав , як бешкетує його випадкова знайома .","[{""label"": ""PERS"", ""text"": ""Макар""}]","[{""label"": ""PERS"", ""text"": ""Макар"", ""start"": 5, ""end"": 10}, {""label"": ""LOC"", ""text"": ""панського маєтку"", ""start"": 35, ""end"": 51}, {""label"": ""PERS"", ""text"": ""випадкова знайома"", ""start"": 93, ""end"": 110}]"
6c59150513c58e56e0f4a9ed46f00063875059ea58e21c72790ec6b2984ec130,"Відтак же , років за п'ять , пан Островершенко віддав доньку на навчання в столичний пансіон , а сам вирушив до омріяного Парижа .","[{""label"": ""DATE"", ""text"": ""років за п'ять""}, {""label"": ""PERS"", ""text"": ""Островершенко""}, {""label"": ""LOC"", ""text"": ""Парижа""}]","[{""label"": ""PERIOD"", ""text"": ""років за п'ять"", ""start"": 12, ""end"": 26}, {""label"": ""PERS"", ""text"": ""пан Островершенко"", ""start"": 29, ""end"": 46}, {""label"": ""ORG"", ""text"": ""столичний пансіон"", ""start"": 75, ""end"": 92}, {""label"": ""LOC"", ""text"": ""омріяного Парижа"", ""start"": 112, ""end"": 128}]"
272cbef41b0650b489b41e062a71abf8f2f6237eb1efa4bee1661f565a072b91,"Зустрілися молоді люди аж за десять років , коли панночка після навчання повернулася до своїх гаїв .","[{""label"": ""DATE"", ""text"": ""за десять років""}]","[{""label"": ""PERS"", ""text"": ""молоді люди"", ""start"": 11, ""end"": 22}, {""label"": ""PERIOD"", ""text"": ""десять років"", ""start"": 29, ""end"": 41}, {""label"": ""PERS"", ""text"": ""панночка"", ""start"": 49, ""end"": 57}, {""label"": ""LOC"", ""text"": ""своїх гаїв"", ""start"": 88, ""end"": 98}]"
8c4157fe2fb7615cc9e9a23b724ff9e9b9f119f395f223bed4f5d14c5acacfdd,"На ту пору , нагулявшись у Парижі , повернувся до села і пан .","[{""label"": ""LOC"", ""text"": ""Парижі""}]","[{""label"": ""PERIOD"", ""text"": ""На ту пору"", ""start"": 0, ""end"": 10}, {""label"": ""LOC"", ""text"": ""Парижі"", ""start"": 27, ""end"": 33}, {""label"": ""LOC"", ""text"": ""села"", ""start"": 50, ""end"": 54}, {""label"": ""PERS"", ""text"": ""пан"", ""start"": 57, ""end"": 60}]"
16f5583cc5a2183435ee3b3c42c794c80925b4e7c0d68b9e27215ffc01124be9,Він привіз нову дружину — француженку .,[],"[{""label"": ""PERS"", ""text"": ""Він"", ""start"": 0, ""end"": 3}, {""label"": ""PERS"", ""text"": ""француженку"", ""start"": 26, ""end"": 37}]"
5e38d3fd35da3d51dbf0d6836790a55e0e3497157e41836936cb596ff51abb47,"Треба сказати , що панночка Марія не дуже змінилася .","[{""label"": ""PERS"", ""text"": ""Марія""}]","[{""label"": ""PERS"", ""text"": ""панночка Марія"", ""start"": 19, ""end"": 33}]"
86588bc4326a808325c817b94c67fba6abbf6da893525df47892d8f9e937df7d,Столичне життя з його балами і нудними кавалерами аж ніяк не вабило її .,[],"[{""label"": ""ORG"", ""text"": ""Столичне життя"", ""start"": 0, ""end"": 14}]"
384689679e459b31ac9a9cbfc8398ffdafbc2439fc487fcce31f99dd69dc0486,"Певно , в ній нуртувала вільна циганська кров її матері .",[],"[{""label"": ""PERS"", ""text"": ""її матері"", ""start"": 46, ""end"": 55}]"
51c3cc1657525352f046495923049e32ea8c7856d066b687899635b541dac37f,"І тепер , коли Марія подорослішала , це ще більше почало даватися взнаки .","[{""label"": ""PERS"", ""text"": ""Марія""}]","[{""label"": ""PERS"", ""text"": ""Марія"", ""start"": 15, ""end"": 20}]"
16c668c50802f04c3ef839730e8d5f59098101d10ee1bd7b5ad6a4c887478816,"Дівчина продовжувала дивувати і батька , і прислугу .",[],"[{""label"": ""PERS"", ""text"": ""Дівчина"", ""start"": 0, ""end"": 7}, {""label"": ""PERS"", ""text"": ""батька"", ""start"": 32, ""end"": 38}, {""label"": ""JOB"", ""text"": ""прислугу"", ""start"": 43, ""end"": 51}]"
d4eca625d9372bc4edf888fe2f4aefd468b1d758c32b413a83dea40ff825e9f0,"Начитавшися Дюма , Жуля Верна , Марка Вовчка , Майна Ріда та Жорж Санд , вона скакала на коні по селу в чоловічому вбранні — в штанах , високих чоботах та шкіряному капелюсі .","[{""label"": ""PERS"", ""text"": ""Дюма""}, {""label"": ""PERS"", ""text"": ""Жуля Верна""}, {""label"": ""PERS"", ""text"": ""Марка Вовчка""}, {""label"": ""PERS"", ""text"": ""Майна Ріда""}, {""label"": ""PERS"", ""text"": ""Жорж Санд""}]","[{""label"": ""PERS"", ""text"": ""Дюма"", ""start"": 12, ""end"": 16}, {""label"": ""PERS"", ""text"": ""Жуля Верна"", ""start"": 19, ""end"": 29}, {""label"": ""PERS"", ""text"": ""Марка Вовчка"", ""start"": 32, ""end"": 44}, {""label"": ""PERS"", ""text"": ""Майна Ріда"", ""start"": 47, ""end"": 57}, {""label"": ""PERS"", ""text"": ""Жорж Санд"", ""start"": 61, ""end"": 70}, {""label"": ""LOC"", ""text"": ""селу"", ""start"": 97, ""end"": 101}, {""label"": ""MISC"", ""text"": ""чоловічому вбранні"", ""start"": 104, ""end"": 122}, {""label"": ""MISC"", ""text"": ""штанах"", ""start"": 127, ""end"": 133}, {""label"": ""ART"", ""text"": ""високих чоботах"", ""start"": 136, ""end"": 151}, {""label"": ""ART"", ""text"": ""шкіряному капелюсі"", ""start"": 155, ""end"": 173}]"
fda0adbc091addd15635433eec0f1ede71f4bcc016a1139d40a891cbbdb9fc95,"Як і в дитинстві , вона полюбляла гуляти по лісу на самоті , лише з велетенським чорним хортом .",[],"[{""label"": ""PERS"", ""text"": ""вона"", ""start"": 19, ""end"": 23}, {""label"": ""LOC"", ""text"": ""лісу"", ""start"": 44, ""end"": 48}, {""label"": ""ART"", ""text"": ""велетенським чорним хортом"", ""start"": 68, ""end"": 94}]"
5cf1884092b8297b2d018c65e354d823f179262e6f66253be7e10e44968057cf,І вміла стріляти з рушниці .,[],"[{""label"": ""PERS"", ""text"": ""І"", ""start"": 0, ""end"": 1}]"
23b49b837cd516985cb579496c2fdf9329380a8dc506cc69bd9605604209bdd9,"Пан Островершенко , а особливо мачуха , просто не знали , що з цим усім робити .","[{""label"": ""PERS"", ""text"": ""Островершенко""}]","[{""label"": ""PERS"", ""text"": ""Пан Островершенко"", ""start"": 0, ""end"": 17}, {""label"": ""JOB"", ""text"": ""мачуха"", ""start"": 31, ""end"": 37}]"
76dd72c039fabc9ceecdcf887383e5dbaa751fe9de40e84ce66cf4fcc72945b0,Хіба так поводяться панянки з порядних родин ! — обурювалися вони .,[],"[{""label"": ""PERS"", ""text"": ""панянки"", ""start"": 20, ""end"": 27}]"
5ce36cd3bde44034ef33233c35e68c814e978893d33a4d11cc3848936f2c6d2a,"І соромилися сватати доньку за будь-кого з місцевої аристократії — кому потрібна така навіжена , невихована дружина ?!",[],"[{""label"": ""PERS"", ""text"": ""доньку"", ""start"": 21, ""end"": 27}]"
5e5e4078e8665c57e8db682f44702c957aa1744dee7d5c48c3ef0eb775391ae3,Тому Марія завжди була сама .,"[{""label"": ""PERS"", ""text"": ""Марія""}]","[{""label"": ""PERS"", ""text"": ""Марія"", ""start"": 5, ""end"": 10}]"
aa2665f390294bb068c76a11a0267e51eda1d247b8e5f4efa4f369cf8350175d,"Виїздила на полювання лише зі своїм вірним псом , а всіх залицяльників проганяла .",[],[]
95e36148917ae069827bb4583af9f22529a3ee9c164a2d55aec11eb6f10ba5d7,"Вона вміла самотужки розпалити в лісі вогнище , підсмажити підстрілену качку , не боялася переночувати біля річки в солом’яному наметі .",[],"[{""label"": ""PERS"", ""text"": ""Вона"", ""start"": 0, ""end"": 4}, {""label"": ""LOC"", ""text"": ""лісі"", ""start"": 33, ""end"": 37}, {""label"": ""ART"", ""text"": ""підстрілену качку"", ""start"": 59, ""end"": 76}, {""label"": ""LOC"", ""text"": ""річки"", ""start"": 108, ""end"": 113}, {""label"": ""MISC"", ""text"": ""солом’яному наметі"", ""start"": 116, ""end"": 134}]"
a37cf4d9fb64c03736591dcbc952a34dac61cd891d47fe578e62cd84283efd14,"А потім поверталася до маєтку замурзана і щаслива , мов який-небудь індіанець Джо .","[{""label"": ""PERS"", ""text"": ""Джо""}]","[{""label"": ""LOC"", ""text"": ""маєтку"", ""start"": 23, ""end"": 29}, {""label"": ""PERS"", ""text"": ""Джо"", ""start"": 78, ""end"": 81}]"
83fd6d8641935d041f5e2128a89ae06108837fa4b20c4a37f40a7991440a85cc,"У селі подейкували , що панночка « несповна розуму » .",[],"[{""label"": ""LOC"", ""text"": ""У селі"", ""start"": 0, ""end"": 6}, {""label"": ""ART"", ""text"": ""панночка"", ""start"": 24, ""end"": 32}, {""label"": ""ART"", ""text"": ""несповна розуму"", ""start"": 35, ""end"": 50}]"
d85b761f155f3be1200edbc1b6d4201f364e1589ef66087381dbfb4e9dba9f12,Хоча й гарна .,[],"[{""label"": ""JOB"", ""text"": ""Хоча й гарна"", ""start"": 0, ""end"": 12}]"
34cb7c01385a3cbe969f70e5f7b6fdb50a066d252303c114e4cfb02ea012c2be,"Така гарна , що очей не відвести !",[],[]
8f32c1e6121b0a8e7c0e13c411f94f18419d136d6c40a36dbb97a06f36e4ce5e,"Щоправда , роздивитися її обличчя нікому не вдавалося — через завжди насунутий на лоба чоловічий капелюх .",[],"[{""label"": ""ART"", ""text"": ""чоловічий капелюх"", ""start"": 87, ""end"": 104}]"
dc80d1e268e2efd3db335e76fb9dadc32ec65dc011a90cd32263702f80655849,"Вона мчала селом , здіймаючи під копитами клуби пилу ; і селяни хрестилися вслід потрійним хресним знаменням .",[],"[{""label"": ""PERS"", ""text"": ""Вона"", ""start"": 0, ""end"": 4}, {""label"": ""LOC"", ""text"": ""селом"", ""start"": 11, ""end"": 16}, {""label"": ""ART"", ""text"": ""клуби пилу"", ""start"": 42, ""end"": 52}]"
8c9274a7d26e06fbf761c5804367acef39bec0128c8540eaad3319b6211a7cc2,"На той час родина Макара мешкала на хуторі , мала гарне подвір'я , коней , свиней та корів .","[{""label"": ""PERS"", ""text"": ""Макара""}]","[{""label"": ""PERIOD"", ""text"": ""На той час"", ""start"": 0, ""end"": 10}, {""label"": ""PERS"", ""text"": ""родина Макара"", ""start"": 11, ""end"": 24}, {""label"": ""LOC"", ""text"": ""хуторі"", ""start"": 36, ""end"": 42}, {""label"": ""MISC"", ""text"": ""коней"", ""start"": 67, ""end"": 72}, {""label"": ""MISC"", ""text"": ""свиней"", ""start"": 75, ""end"": 81}]"
3716e38c0ee4ddd41ae1172f0f4b8da9583eb09f3bb6aafd8ec28ca146f8eb13,"І в селі вже вважалася « панською » . Макар рідко з’являвся на людях , адже мав купу справ по господарству .","[{""label"": ""PERS"", ""text"": ""Макар""}]","[{""label"": ""LOC"", ""text"": ""селі"", ""start"": 4, ""end"": 8}, {""label"": ""JOB"", ""text"": ""панською"", ""start"": 25, ""end"": 33}, {""label"": ""PERS"", ""text"": ""Макар"", ""start"": 38, ""end"": 43}]"
cc8a653a6166436be5b8e90f0ddb96eee3bfbeed6427de653275e2d8fb5e3137,Пам’ять про маленьку дівчинку давно вивітрилася з його голови .,[],"[{""label"": ""PERS"", ""text"": ""маленьку дівчинку"", ""start"": 12, ""end"": 29}]"
187ee66b7b154c58dce161bdebff17069eb200e8cff691c32a68f949870b824f,"А вона , звісно , теж забула , як десять років тому зустрілася з малим « чортякою » , що спав на купі сіна посеред стайні …","[{""label"": ""DATE"", ""text"": ""десять років тому""}]","[{""label"": ""PERS"", ""text"": ""вона"", ""start"": 2, ""end"": 6}, {""label"": ""PERIOD"", ""text"": ""десять років тому"", ""start"": 34, ""end"": 51}, {""label"": ""PERS"", ""text"": ""малим « чортякою »"", ""start"": 65, ""end"": 83}, {""label"": ""ART"", ""text"": ""купі сіна"", ""start"": 97, ""end"": 106}, {""label"": ""LOC"", ""text"": ""стайні"", ""start"": 115, ""end"": 121}]"
5ac73f90280dc59db69300b8718df21287ff6fa36d2423e1456af667047141f1,"Тут треба завважити , що родина Макара , несподівано розбагатівши , взялася і за освіту .","[{""label"": ""PERS"", ""text"": ""Макара""}]","[{""label"": ""PERS"", ""text"": ""родина Макара"", ""start"": 25, ""end"": 38}, {""label"": ""MISC"", ""text"": ""освіту"", ""start"": 81, ""end"": 87}]"
cac2dd7800e0353b855ec8ed4dcbf92a0b9d4d6a36de2f4d1aed409efb8b0ea2,"Адже добре господарювати на землі — це ще замало для того , щоб вважатися людьми освіченими й поважними .",[],"[{""label"": ""LOC"", ""text"": ""землі"", ""start"": 28, ""end"": 33}]"
cd4dd6e6490cf4519e607c5bde35e9d1cf6a278c38ee7bb3222f593b1d9e4535,"Тому , трохи подорослішавши , Макар розпочав самостійно навчатися різним « панським мудрагелям » .","[{""label"": ""PERS"", ""text"": ""Макар""}]","[{""label"": ""PERS"", ""text"": ""Макар"", ""start"": 30, ""end"": 35}, {""label"": ""MISC"", ""text"": ""панським мудрагелям"", ""start"": 75, ""end"": 94}]"
93de2573f9ef5451388bb3219f719955cdd551db074c792e84f9fbf836c535af,А ці « мудрагелі » можна було почерпнути з книжок .,[],"[{""label"": ""MISC"", ""text"": ""мудрагелі"", ""start"": 7, ""end"": 16}, {""label"": ""ART"", ""text"": ""книжок"", ""start"": 43, ""end"": 49}]"
668694a9b6eeca77c7854ac85359242c97c2afbdb5ac84d0d521493d1c2e44da,"До того в їхній хаті була лише одна книжка — « Кобзар » , що зберігалася поруч із іконою Пресвятої Богородиці . Макар знав її мало не напам’ять ще з дитинства , але цього йому виявилося замало .","[{""label"": ""ART"", ""text"": ""Кобзар""}, {""label"": ""PERS"", ""text"": ""Пресвятої Богородиці""}, {""label"": ""PERS"", ""text"": ""Макар""}]","[{""label"": ""LOC"", ""text"": ""їхній хаті"", ""start"": 10, ""end"": 20}, {""label"": ""ART"", ""text"": ""Кобзар"", ""start"": 47, ""end"": 53}, {""label"": ""PERS"", ""text"": ""Макар"", ""start"": 112, ""end"": 117}]"
5966b77456f567468affc2e67ffa12f68a7602873b2df04e3b402e1478497595,"Тому він частенько навідувався до столиці — і не лише задля того , аби взяти участь в ярмарках і накупити там різних господарчих речей .",[],"[{""label"": ""PERS"", ""text"": ""він"", ""start"": 5, ""end"": 8}, {""label"": ""LOC"", ""text"": ""столиці"", ""start"": 34, ""end"": 41}, {""label"": ""MISC"", ""text"": ""різних господарчих речей"", ""start"": 110, ""end"": 134}]"
ef313df377cc97573cd576db5f5d9b8fccbe19a0f6d5d2e8c53b0ab4fdb59117,Разом із необхідним приладдям та начинням він купував різні книжки .,[],"[{""label"": ""ART"", ""text"": ""необхідним приладдям та начинням"", ""start"": 9, ""end"": 41}, {""label"": ""PERS"", ""text"": ""він"", ""start"": 42, ""end"": 45}, {""label"": ""MISC"", ""text"": ""різні книжки"", ""start"": 54, ""end"": 66}]"
794826c97d42bfbf6bca5e7d23952b92f6d1cd1c3b75fe8af47ace0beea57fbd,"Навіть потоваришував у Києві з господарем книжкової крамниці , який став його першим і незмінним порадником у « книжковій справі » .","[{""label"": ""LOC"", ""text"": ""Києві""}]","[{""label"": ""LOC"", ""text"": ""Києві"", ""start"": 23, ""end"": 28}, {""label"": ""ORG"", ""text"": ""книжкової крамниці"", ""start"": 42, ""end"": 60}, {""label"": ""JOB"", ""text"": ""першим і незмінним порадником"", ""start"": 78, ""end"": 107}, {""label"": ""MISC"", ""text"": ""книжковій справі"", ""start"": 112, ""end"": 128}]"
95f8b8b886d584fa1d2737a1f9057ae6dbd72250334f5d336e43d4e754d7bd67,"Таким чином на книжкових полицях нашого « прапра » з'явилися і Жуль Верн , і Майн Рід , і Марко Вовчок з Іваном Франком та Ольгою Кобилянською .","[{""label"": ""PERS"", ""text"": ""Жуль Верн""}, {""label"": ""PERS"", ""text"": ""Майн Рід""}, {""label"": ""PERS"", ""text"": ""Марко Вовчок""}, {""label"": ""PERS"", ""text"": ""Іваном Франком""}, {""label"": ""PERS"", ""text"": ""Ольгою Кобилянською""}]","[{""label"": ""PERS"", ""text"": ""Жуль Верн"", ""start"": 63, ""end"": 72}, {""label"": ""PERS"", ""text"": ""Майн Рід"", ""start"": 77, ""end"": 85}, {""label"": ""PERS"", ""text"": ""Марко Вовчок"", ""start"": 90, ""end"": 102}, {""label"": ""PERS"", ""text"": ""Іваном Франком"", ""start"": 105, ""end"": 119}, {""label"": ""PERS"", ""text"": ""Ольгою Кобилянською"", ""start"": 123, ""end"": 142}]"
3988611bd73129a5beea88fa98b844637fb18fa31676602b86ec48e5bc4b76bc,"І навіть зовсім несподівані книжки англійських економістів , етнографів та істориків — тобто тих розумних людей , які писали про облаштування життя на землі .","[{""label"": ""JOB"", ""text"": ""економістів""}, {""label"": ""JOB"", ""text"": ""етнографів""}, {""label"": ""JOB"", ""text"": ""істориків""}]","[{""label"": ""MISC"", ""text"": ""книжки"", ""start"": 28, ""end"": 34}]"
dfdf56b825c98816487092b4737d9ea40f2a6d247464de8a7dae8f4f233ceab9,Через це парубка вважали в селі дивакуватим .,[],"[{""label"": ""PERS"", ""text"": ""парубка"", ""start"": 9, ""end"": 16}, {""label"": ""LOC"", ""text"": ""селі"", ""start"": 27, ""end"": 31}]"
3322d94d95db2538cae3eeb1d498ab70712c09b65c4dc24f8ea89af54b4dccd9,"Коли Макарові прийшов час привести до хати дружину , ніхто з місцевих дівчат не наважився прийняти сватів навіть від такої заможної родини .","[{""label"": ""PERS"", ""text"": ""Макарові""}]","[{""label"": ""LOC"", ""text"": ""Макарові"", ""start"": 5, ""end"": 13}, {""label"": ""PERS"", ""text"": ""дружину"", ""start"": 43, ""end"": 50}]"
1b8007a0d22454bc4a6b99fdaf7a7bc979789e853d50bcde82f288ce5a9868c3,Хоча сам парубок аж ніяк не сумував через це — йому подобалася воля .,[],"[{""label"": ""PERS"", ""text"": ""парубок"", ""start"": 9, ""end"": 16}]"
7350d5b13ed10d253463235d84d4bd569eaae5a3b874b89cd5fd6621bd1bc73e,"Він любив блукати лісом і міркувати про облаштування світу , про мандрівки і відкриття .",[],"[{""label"": ""PERS"", ""text"": ""Він"", ""start"": 0, ""end"": 3}, {""label"": ""LOC"", ""text"": ""лісом"", ""start"": 18, ""end"": 23}]"
a49e8278343b873d2be07dd1d6fee92eb632789534b96356a21fd2da9737b381,"Одного разу , гуляючи біля скель річки Тетерів , він помітив на одному з пагорбів димок від ватри .","[{""label"": ""LOC"", ""text"": ""Тетерів""}]","[{""label"": ""LOC"", ""text"": ""скель річки Тетерів"", ""start"": 27, ""end"": 46}, {""label"": ""PERS"", ""text"": ""він"", ""start"": 49, ""end"": 52}, {""label"": ""ART"", ""text"": ""димок від ватри"", ""start"": 82, ""end"": 97}]"
65c0840ec7d084600b64a49031234ad58d7e04d45bb61dbe28b1390013026f4f,"Оскільки ця ділянка лісу належала йому , хазяйновитий парубок вирішив перевірити , хто насмілився посягнути на його власність .",[],"[{""label"": ""LOC"", ""text"": ""ділянка лісу"", ""start"": 12, ""end"": 24}, {""label"": ""PERS"", ""text"": ""йому"", ""start"": 34, ""end"": 38}, {""label"": ""PERS"", ""text"": ""парубок"", ""start"": 54, ""end"": 61}]"
3b6e8b2c8593e380844d56a0e7ff09978eb49902be28648d86eeca8fa0793a19,Чи не треба негайно братися за рушницю й покарати злодіїв ?,[],"[{""label"": ""ART"", ""text"": ""рушницю"", ""start"": 31, ""end"": 38}, {""label"": ""PERS"", ""text"": ""злодіїв"", ""start"": 50, ""end"": 57}]"
7d201994a42ff8071bdadd29aa61e163af92d068a9f1affe6053307d04147d51,"Він зліз із коня і почав тихенько прокрадатися крізь хащі , тримаючи напоготові рушницю .",[],"[{""label"": ""PERS"", ""text"": ""Він"", ""start"": 0, ""end"": 3}, {""label"": ""ART"", ""text"": ""коня"", ""start"": 12, ""end"": 16}, {""label"": ""LOC"", ""text"": ""хащі"", ""start"": 53, ""end"": 57}, {""label"": ""ART"", ""text"": ""рушницю"", ""start"": 80, ""end"": 87}]"
b8fadaa9a58b5ee7ecf5a2a2584b1bd4b86c7eb14061e07da4b12ac71fb0b926,Але вона не знадобилася .,[],[]
41f2753d47bdd3fffbb2d370b383cbc5df00bfafe2d2859d3fb0d12dec333fe7,Адже він побачив ось що .,[],"[{""label"": ""PERS"", ""text"": ""він"", ""start"": 5, ""end"": 8}]"
01a6da288cda748ded08044edfe7875815a3991970445ddccf2c29b4fe6049c7,"Посеред галявини тліло багаття , біля дерева куняв розкішний крапчастий кінь , а біля багаття лежав , розкинувши руки , хлопець , обличчя якого прикривав капелюх із широкими крисами .",[],"[{""label"": ""LOC"", ""text"": ""Посеред галявини"", ""start"": 0, ""end"": 16}, {""label"": ""ART"", ""text"": ""багаття"", ""start"": 23, ""end"": 30}, {""label"": ""ART"", ""text"": ""розкішний крапчастий кінь"", ""start"": 51, ""end"": 76}, {""label"": ""ART"", ""text"": ""багаття"", ""start"": 86, ""end"": 93}, {""label"": ""PERS"", ""text"": ""хлопець"", ""start"": 120, ""end"": 127}, {""label"": ""ART"", ""text"": ""капелюх із широкими крисами"", ""start"": 154, ""end"": 181}]"
accd2d7292c198f6c7fe03c5e6e3fee85df355c4e3105406c92e3a36f0bbd2b7,"Певно , в такий спосіб хлопець захищався від уїдливих комах . Макар придивився уважніше .","[{""label"": ""PERS"", ""text"": ""Макар""}]","[{""label"": ""PERS"", ""text"": ""хлопець"", ""start"": 23, ""end"": 30}, {""label"": ""PERS"", ""text"": ""Макар"", ""start"": 62, ""end"": 67}]"
57fa8726d1d0132c0fab692e836cf0a7d4909bfc59b25fc43bb024a7d0fb88c3,Цього парубка він тут ніколи не бачив !,[],"[{""label"": ""PERS"", ""text"": ""Цього парубка"", ""start"": 0, ""end"": 13}, {""label"": ""LOC"", ""text"": ""тут"", ""start"": 18, ""end"": 21}]"
be255862a0ae19049a30a04ca0dc2ab070eed7cfcb4535580103a551b7e2d12c,Та ще в такому дивному одязі .,[],[]
9e1289af8396a9966b252f1b64bb380db98f1d366a2730b5ae4ddef9650daec1,"Адже на сплячому була біла сорочка з мережаними широкими рукавами , кептар , оторочений хутром , короткі штани чорного кольору і червоний атласний пасок , кілька разів обкручений довкола досить тонкого стану .",[],"[{""label"": ""ART"", ""text"": ""біла сорочка з мережаними широкими рукавами"", ""start"": 22, ""end"": 65}, {""label"": ""ART"", ""text"": ""кептар"", ""start"": 68, ""end"": 74}, {""label"": ""ART"", ""text"": ""короткі штани чорного кольору"", ""start"": 97, ""end"": 126}, {""label"": ""ART"", ""text"": ""червоний атласний пасок"", ""start"": 129, ""end"": 152}]"
1dac9ecc5ae9554ba1769caa2e8d42394415f770ebdce8c053657bfd78a790a2,Обличчя незнайомця було все сховане під капелюхом . Макар посміхнувся : що за маскарад ?!,"[{""label"": ""PERS"", ""text"": ""Макар""}]","[{""label"": ""PERS"", ""text"": ""Обличчя незнайомця"", ""start"": 0, ""end"": 18}, {""label"": ""ART"", ""text"": ""капелюхом"", ""start"": 40, ""end"": 49}, {""label"": ""PERS"", ""text"": ""Макар"", ""start"": 52, ""end"": 57}, {""label"": ""MISC"", ""text"": ""маскарад"", ""start"": 78, ""end"": 86}]"
0743f329e2a3b827ebf98a625c6f89de0c36f64df9dcadc6109cbc0fbb950860,Чи не зійшов цей дивний хлопець зі сторінок книжки Жуля Верна ?!,"[{""label"": ""PERS"", ""text"": ""Жуля Верна""}]","[{""label"": ""PERS"", ""text"": ""дивний хлопець"", ""start"": 17, ""end"": 31}, {""label"": ""PERS"", ""text"": ""Жуля Верна"", ""start"": 51, ""end"": 61}]"
76c55c209150b7f3765b81fe8b09aea00c20807516772d815e9f4454e93adbb4,Він спробував наблизитися .,[],"[{""label"": ""PERS"", ""text"": ""Він"", ""start"": 0, ""end"": 3}]"
2ffe0658a803924275dddb98c90c57e990067b6cb8908b311acb0b0e4feec271,І одразу ж пошкодував !,[],[]
a87f37f5942f3608ed1a198a68b14c0264f1f1694207ee9e1bd5ac2df5d308a3,"Адже за своєю спиною почув тихе , але загрозливе гарчання .",[],[]
168a9327ab76b1cd8bc7d06a1ed26a2053716010c1d7d10f9cb3a15115210dfc,"Обернувся і побачив , що в бойовій стійці шкірить ікла великий чорний пес .",[],"[{""label"": ""PERS"", ""text"": ""Обернувся"", ""start"": 0, ""end"": 9}, {""label"": ""LOC"", ""text"": ""бойовій стійці"", ""start"": 27, ""end"": 41}]"
506097abe12e5a3afbca387e5bdc7284825fbf1f3cdfffa8865c9c5301020542,Що робити ?,[],[]
f615e2b8971ea637983f82ffb467521acea7a52ebd535467ec2d91e9f8fe63af,"Доки пес не кинувся на нього , треба було негайно розбудити хазяїна .",[],"[{""label"": ""PERS"", ""text"": ""хазяїна"", ""start"": 60, ""end"": 67}]"
b42038594612a3238a0feff4cce4f1d4947fbedd2db0365fe6ba88eaa1aa26f9,"— Агов , пане , прокиньтеся ! — гукнув Макар .","[{""label"": ""PERS"", ""text"": ""Макар""}]","[{""label"": ""PERS"", ""text"": ""Агов"", ""start"": 2, ""end"": 6}, {""label"": ""PERS"", ""text"": ""пане"", ""start"": 9, ""end"": 13}, {""label"": ""PERS"", ""text"": ""Макар"", ""start"": 39, ""end"": 44}]"
e206c898b5116fa60aa26cc3394652efc354553bb3feeccf4f56e66195bf4b15,Пес загарчав голосніше .,[],"[{""label"": ""PERS"", ""text"": ""Пес"", ""start"": 0, ""end"": 3}]"
abc77040db41fe684af44eda94312ae98112abb4c6f2f3eaa099db3fc353bded,Хлопець не ворухнувся .,[],"[{""label"": ""PERS"", ""text"": ""Хлопець"", ""start"": 0, ""end"": 7}]"
79ab49ae1be18de5efae10364dff80f0baaf60c4c89fdc79f5989d56dde39ca2,"— Прокидайся , нарешті , чортяко !!! — закричав Макар , ладуючи рушницю . — Бо я пристрелю твого пса !!","[{""label"": ""PERS"", ""text"": ""Макар""}]","[{""label"": ""PERS"", ""text"": ""чортяко"", ""start"": 25, ""end"": 32}, {""label"": ""PERS"", ""text"": ""Макар"", ""start"": 48, ""end"": 53}, {""label"": ""ART"", ""text"": ""рушницю"", ""start"": 64, ""end"": 71}]"
d12d0dab18c7aefda44a8710681c84bce1451eaecf3477054563561da715833e,"Хлопець підскочив , мов ошпарений , і своєю чергою вхопився за пістоль , що стирчав з-за паска .",[],"[{""label"": ""PERS"", ""text"": ""Хлопець"", ""start"": 0, ""end"": 7}, {""label"": ""ART"", ""text"": ""пістоль"", ""start"": 63, ""end"": 70}]"
1b02d1a5d705ad8a34cc69cfc92561a7c830e2891beca46a9042634dd2d04785,— Тубо !!! — гукнув до пса . — Лежати !,"[{""label"": ""PERS"", ""text"": ""Тубо""}]","[{""label"": ""PERS"", ""text"": ""Тубо"", ""start"": 2, ""end"": 6}, {""label"": ""PERS"", ""text"": ""пса"", ""start"": 23, ""end"": 26}]"
d20fe0126ce35a7402b65684a39e98843ab63270f861f97f1a865425e48de407,"Пес покірно ліг , але й далі дивився на Макара нашорошено .","[{""label"": ""PERS"", ""text"": ""Макара""}]","[{""label"": ""PERS"", ""text"": ""Пес"", ""start"": 0, ""end"": 3}, {""label"": ""PERS"", ""text"": ""Макара"", ""start"": 40, ""end"": 46}]"
949526119f0f7c1cad94bb6479933c8368cfb66a29d610d4038cac5c7004a973,А в Макара відібрало мову .,"[{""label"": ""PERS"", ""text"": ""Макара""}]","[{""label"": ""PERS"", ""text"": ""Макара"", ""start"": 4, ""end"": 10}, {""label"": ""MISC"", ""text"": ""мову"", ""start"": 21, ""end"": 25}]"
7b51e975abf11bbb929fe4d2f1a9ed16cb370dc382728dc8c9e6b965c81cd9e3,"Аж тепер він помітив , що перед ним … дівчина !",[],"[{""label"": ""PERS"", ""text"": ""він"", ""start"": 9, ""end"": 12}, {""label"": ""PERS"", ""text"": ""дівчина"", ""start"": 38, ""end"": 45}]"
70061f0d5b42406edfecfc5ca2ae556eea3fac993a4c5502d8740225f65a2d27,"Мимоволі його рука потягнулася до чола і грудей , щоб покласти на себе хресне знамення — « свят , свят ! » .",[],[]
fc90e3eaf6c5b4a00a0093587e752b018963d6a6ff7619a9fb10c76b17349067,А дівчина голосно засміялася :,[],"[{""label"": ""PERS"", ""text"": ""дівчина"", ""start"": 2, ""end"": 9}]"
05d4157cf58bcc2f300300786064783f90dbf5c713d1c14b0b5f2f00b8571f55,— Не бійся !,[],[]
9db0bc7348da975d64b23e42e6c1de36ac36638c090f33027fae68fc81b60678,"Здається , я тебе впізнала ! — сказала вона . — Ти той чортяка , що колись видоїв наших корів , чи не так ? Макар від здивування не міг вимовити ані слова , лише розгублено кивнув у відповідь .","[{""label"": ""PERS"", ""text"": ""Макар""}]","[{""label"": ""PERS"", ""text"": ""вона"", ""start"": 39, ""end"": 43}, {""label"": ""PERS"", ""text"": ""Макар"", ""start"": 108, ""end"": 113}]"
733597582429a7cf2637572b4cbc99a5ce55a495295739c616cb9e7f60c0f472,Так вони познайомились наново …,[],[]
bb55774e804cd14058bd314998b31ff19c998b7098e0805deb5ac6941b10b069,"— Агов , діду ! Перша година ночі !","[{""label"": ""TIME"", ""text"": ""Перша година ночі""}]","[{""label"": ""PERS"", ""text"": ""Агов"", ""start"": 2, ""end"": 6}, {""label"": ""TIME"", ""text"": ""Перша година ночі"", ""start"": 16, ""end"": 33}]"
0e3e085b97ac1a65c0fbb17240060e1279a04aafc2d16ae75831da34ed936703,Ти чого там дітей маринуєш ?,[],"[{""label"": ""PERS"", ""text"": ""Ти"", ""start"": 0, ""end"": 2}]"
bafcff901ad204e5b311a40813010e7ed8d6280e52758189c10d1d9dfd823cb8,Ох !,[],[]
86267bc9975ce0018ad0d6326403ac26f4580a2be470acbe56d2a65aedcc5939,Цей вигук бабусі Ліди повернув мене на землю .,"[{""label"": ""PERS"", ""text"": ""Ліди""}]","[{""label"": ""PERS"", ""text"": ""бабусі Ліди"", ""start"": 10, ""end"": 21}, {""label"": ""LOC"", ""text"": ""землю"", ""start"": 39, ""end"": 44}]"
de870e3acbf478268a9fc1fbfc1b0e67747be81f3b730ba2e1d66649f9be72f9,Дід Олег винувато замовк .,"[{""label"": ""PERS"", ""text"": ""Олег""}]","[{""label"": ""PERS"", ""text"": ""Дід Олег"", ""start"": 0, ""end"": 8}]"
e92f57319fcb243ebdb9ee4c0ca3c9565fa4c00d3eca47827c23dcc9c5e5ecf0,Бабуся увійшла до веранди руки в боки :,[],"[{""label"": ""PERS"", ""text"": ""Бабуся"", ""start"": 0, ""end"": 6}, {""label"": ""LOC"", ""text"": ""веранди"", ""start"": 18, ""end"": 25}]"
edf69d4ba2a90006f100f6afe131c5120bd351d5013e64d09ad3b227122fe222,— Негайно в ліжка !,[],[]
52be56d8b0df637cff67536869646f5f73a74355b2f3a218a98e3da1760e6335,"Певно , у дітей вже очі злипаються , а ти все теревениш !",[],"[{""label"": ""PERS"", ""text"": ""дітей"", ""start"": 10, ""end"": 15}, {""label"": ""PERS"", ""text"": ""ти"", ""start"": 39, ""end"": 41}]"
098fc20ea07a7ccec0bd6686dbf9b0d4accb4087b27de3e06481aced02c64655,— І нічого у мене не злипається ! — відгукнулась Нійолє . — Це в нього ( вона турнула мене в бік ) злипаються !,"[{""label"": ""PERS"", ""text"": ""Нійолє""}]","[{""label"": ""ART"", ""text"": ""нічого"", ""start"": 4, ""end"": 10}, {""label"": ""PERS"", ""text"": ""Нійолє"", ""start"": 49, ""end"": 55}]"
c3d4c082ab5736ce3bf38f525d63529ea1d7d2ed0cee51c32d18a2d2b53f555c,І очі !,[],[]
f8796fe6b4a6bfd6562473208ad057039c6c0babce0d947e55e66c6f22b98df7,І вуха !,[],[]
c65a043986bbac6dd199f959be108039054861dd163516cbfc7640a2ab52c427,І пальці !,[],[]
f57ad21fc740a1b925ce46e9006d42b95f005b8595fa55ce8bcf8c0c87c69800,"Все , все склеїлося !",[],[]
48203169830c79465d55416ca8aac8d7fb005b9ec244a0995e752d4e8c2f8e25,"— Не бреши , — суворо сказав я і додав : — Ми справді не хочемо спати .",[],"[{""label"": ""PERS"", ""text"": ""я"", ""start"": 29, ""end"": 30}]"
6f47d1bac9dce1c5772e67561729ad2f33b7b032a9d111f5e29d45ae54525a74,"— Ні , вже пізно , — відказав дід Олег . — Лягаймо .","[{""label"": ""PERS"", ""text"": ""Олег""}]","[{""label"": ""PERIOD"", ""text"": ""вже пізно"", ""start"": 7, ""end"": 16}, {""label"": ""PERS"", ""text"": ""дід Олег"", ""start"": 30, ""end"": 38}]"
ce2c91da39201663a8c8853c28433bae725d07a63ae23461f25953a271057e33,— А що ж далі було з тими людьми ? — не вгавала Нійолє .,"[{""label"": ""PERS"", ""text"": ""Нійолє""}]","[{""label"": ""PERS"", ""text"": ""Нійолє"", ""start"": 48, ""end"": 54}]"
b2e60d652a4dfd7cd5b1ade341df9230d403071450816c392246001646d919a6,І я подумки підтримував її — все ж ідеться про моїх предків .,[],"[{""label"": ""PERS"", ""text"": ""я"", ""start"": 2, ""end"": 3}, {""label"": ""PERS"", ""text"": ""її"", ""start"": 24, ""end"": 26}, {""label"": ""PERS"", ""text"": ""моїх предків"", ""start"": 47, ""end"": 59}]"
10a2fcdd51614729c835c46eb965ea42792a4f8ec72f4deb5ad21a6245e060fd,"І взагалі , вся ця історія починала мені подобатися .",[],[]
280ceb419487a6ddf9297bebdbd3a9c4a34bfcd10accd1c2a632d134ed1eca57,— А про це дід розповість завтра ! — сказала невблаганна бабуся і потягла Нійолє вмиватися .,"[{""label"": ""PERS"", ""text"": ""Нійолє""}]","[{""label"": ""PERS"", ""text"": ""дід"", ""start"": 11, ""end"": 14}, {""label"": ""DATE"", ""text"": ""завтра"", ""start"": 26, ""end"": 32}, {""label"": ""PERS"", ""text"": ""бабуся"", ""start"": 57, ""end"": 63}, {""label"": ""PERS"", ""text"": ""Нійолє"", ""start"": 74, ""end"": 80}]"
c42b353b661bde350a71a05bc874b72783e7603df92300f58b4ab059722c5600,"Дівча пручалося , але йшло , як та коза .",[],"[{""label"": ""PERS"", ""text"": ""Дівча"", ""start"": 0, ""end"": 5}]"
717435d027b460ab20713bc4627d7d27a5dfd5eca8b21a177794641b3b2e495c,"— Діду , а вони одружилися ? — запитав я , щойно бабуся з Нійолє вийшли за двері .","[{""label"": ""PERS"", ""text"": ""Нійолє""}]","[{""label"": ""PERS"", ""text"": ""Діду"", ""start"": 2, ""end"": 6}, {""label"": ""PERS"", ""text"": ""я"", ""start"": 39, ""end"": 40}, {""label"": ""PERS"", ""text"": ""бабуся"", ""start"": 49, ""end"": 55}, {""label"": ""LOC"", ""text"": ""Нійолє"", ""start"": 58, ""end"": 64}]"
dd3c35cb7056246b6cf78da3174bd1672a92b5eb3a3dfaa88d4574f79ea6e86d,— Не все так просто … — загадково мовив дід Олег і кивнув на двері . — Давай вже по-чесному : розповім вам обом завтра .,"[{""label"": ""PERS"", ""text"": ""Олег""}, {""label"": ""DATE"", ""text"": ""завтра""}]","[{""label"": ""PERS"", ""text"": ""дід Олег"", ""start"": 40, ""end"": 48}, {""label"": ""DATE"", ""text"": ""завтра"", ""start"": 112, ""end"": 118}]"
dde6ac89dd2226411de74b818e515d4dbe00641380fb083a41cded3393966a6d,— По-чесному !,[],[]
979226c3bd57cd41fac84f4dbe7398a3a2628ead0f5479e5a6eac9502ab4718f,"По-чесному ! — зачувся голос Нійолє зі спальні . — Не кажи йому нічого , якщо він такий дурний і нездогадливий !","[{""label"": ""PERS"", ""text"": ""Нійолє""}]","[{""label"": ""PERS"", ""text"": ""Нійолє"", ""start"": 29, ""end"": 35}, {""label"": ""LOC"", ""text"": ""спальні"", ""start"": 39, ""end"": 46}]"
61e105f0dd5f75de96881ad91083e7b50653569e66e5c4da37540ed7fd846893,"Дід посміхнувся і розвів руками , мовляв , з цим дівчиськом краще не сперечатися !",[],"[{""label"": ""PERS"", ""text"": ""Дід"", ""start"": 0, ""end"": 3}, {""label"": ""PERS"", ""text"": ""дівчиськом"", ""start"": 49, ""end"": 59}]"
76a8e3ddb3d4d496a3f189a8d1cdaf914a6350b9525855861e1b1a574a311e9a,"І погладивши мене по голові та побажавши доброї ночі , вийшов .",[],"[{""label"": ""PERS"", ""text"": ""мене"", ""start"": 13, ""end"": 17}, {""label"": ""PERS"", ""text"": ""вийшов"", ""start"": 55, ""end"": 61}]"
80f08dedefbd5a2b27788e52a938a71e4b2439d79a861cd200e3b3e54424fe28,"Я залишився сидіти сам у тій же запашній і трохи моторошній темряві , перед вікном , за яким розкурював свою люльку пелехатий ліс .",[],"[{""label"": ""PERS"", ""text"": ""Я"", ""start"": 0, ""end"": 1}, {""label"": ""ART"", ""text"": ""пелехатий ліс"", ""start"": 116, ""end"": 129}]"
ac0e5adbaa6ad7ab08a1c672425c0582d2e33edfd98bd8a346c64c5a4dae93f3,"А він знову почав виблискувати спалахами , і не лише ліс — я бачив , як вогники пересуваються вулицями села , оминають хати , згасають і знову спалахують на іншій вулиці .",[],"[{""label"": ""PERS"", ""text"": ""він"", ""start"": 2, ""end"": 5}, {""label"": ""MISC"", ""text"": ""ліс"", ""start"": 53, ""end"": 56}, {""label"": ""PERS"", ""text"": ""я"", ""start"": 59, ""end"": 60}, {""label"": ""ART"", ""text"": ""вогники"", ""start"": 72, ""end"": 79}, {""label"": ""LOC"", ""text"": ""вулицями села"", ""start"": 94, ""end"": 107}, {""label"": ""MISC"", ""text"": ""хати"", ""start"": 119, ""end"": 123}]"
fd0d5af8f177cb06e6ce0cdc9b3018f54b6fb9bb8ef6fb89c5219e6128454846,"Цікаво , чи бачить їх Айрес ?",[],"[{""label"": ""PERS"", ""text"": ""Айрес"", ""start"": 22, ""end"": 27}]"
e679bb44aa2d064a5da133b0f71652168b501749944c89971b54592a248f584f,Айрес …,[],"[{""label"": ""LOC"", ""text"": ""Айрес"", ""start"": 0, ""end"": 5}]"
832873d02987c712ef1c4443227dfb0aca66b0c00791435af02b179ca61dbaba,"Несподівано мені спало на думку , що моя зустріч з Айрес дуже подібна до зустрічі Макара і Марії .","[{""label"": ""PERS"", ""text"": ""Айрес""}, {""label"": ""PERS"", ""text"": ""Макара""}, {""label"": ""PERS"", ""text"": ""Марії""}]","[{""label"": ""LOC"", ""text"": ""Айрес"", ""start"": 51, ""end"": 56}, {""label"": ""PERS"", ""text"": ""Макара"", ""start"": 82, ""end"": 88}, {""label"": ""PERS"", ""text"": ""Марії"", ""start"": 91, ""end"": 96}]"
f9f1e7742266dc54078290e99f38afc633ab8bdf80fae92f503d5d9c04fb0e82,"Ух ти , точно : я ж теж спершу сприйняв її за хлопця !",[],"[{""label"": ""PERS"", ""text"": ""я"", ""start"": 16, ""end"": 17}, {""label"": ""PERS"", ""text"": ""хлопця"", ""start"": 46, ""end"": 52}]"
81e986610b15c79aa5ed397b4c2d99e8d17e84912e2a22d392a566a63218a142,Сон одразу як рукою зняло !,[],[]
80fe5e2dcc2ec83618524bcab638847e1bac0ccbb8a0e0886ef7c1516d627a0a,Я почав пильніше придивлятися до вогників .,[],"[{""label"": ""PERS"", ""text"": ""Я"", ""start"": 0, ""end"": 1}, {""label"": ""LOC"", ""text"": ""вогників"", ""start"": 33, ""end"": 41}]"
d5ceb3b223a264fececb43d9acf952a757aa8936ff2857a9295f8e5aa96d582b,"А вони так і стрибали перед моїми очима — з’єднувалися десь в одній крапці на околиці села , згасали , а потім знову виринали вже біля лісу .",[],"[{""label"": ""LOC"", ""text"": ""околиці села"", ""start"": 78, ""end"": 90}]"
b68e81a48dc7910fb4fa80d672a60feb363d9a26f6eef7d73b786c387a6154a2,Це було неабияке видовище .,[],[]
c259e5bfdaf1f3e0aa8eba19062d3fa642e3e47ba1acf86d2886b7db991b7fb5,"Я вирішив , що на завтра маю купу справ .",[],"[{""label"": ""PERS"", ""text"": ""Я"", ""start"": 0, ""end"": 1}, {""label"": ""DATE"", ""text"": ""завтра"", ""start"": 18, ""end"": 24}]"
c75fd956b4e913f996b75582cf3ff8913e651820f483501354fbc8bb6e6e8e89,"По-перше , розшукаю Айрес і розпитаю про ці вогні .","[{""label"": ""PERS"", ""text"": ""Айрес""}]","[{""label"": ""LOC"", ""text"": ""Айрес"", ""start"": 20, ""end"": 25}, {""label"": ""MISC"", ""text"": ""вогні"", ""start"": 44, ""end"": 49}]"
41e3d29cfb1eb9206e5c65bc5e7261a773264593aa25dd3dbc55d763f0dcf740,"По-друге , сходжу на те місце , де колись стояв маєток Макара .","[{""label"": ""PERS"", ""text"": ""Макара""}]","[{""label"": ""ORG"", ""text"": ""маєток Макара"", ""start"": 48, ""end"": 61}]"
8d864b58940e6640f6d569a49fd013299cd27e096c46cd16d7887dfb8c00569c,"А по-третє , дізнаюся про подальшу історію нашої родини .",[],[]
ee8da60e7ab72d8b3436159add4f7cb9b94b0b91503887837394ac9ac8731744,Адже без цього моє розслідування неможливе .,[],[]
ce76f11b9004f1c7dc728b9fcec22f70a7604f035b3a3fb8b8923ef14f29ea63,А ще треба було б поговорити з дідом про заробіток — я ж не сидітиму у них на шиї все літо !,[],"[{""label"": ""PERS"", ""text"": ""дідом"", ""start"": 31, ""end"": 36}, {""label"": ""MON"", ""text"": ""заробіток"", ""start"": 41, ""end"": 50}, {""label"": ""PERIOD"", ""text"": ""літо"", ""start"": 86, ""end"": 90}]"
7c494dc4d0873dea22acbfcc344c639e9775be62b7ad169dd10e339ceb1d4d3a,З такими думками я і заснув .,[],"[{""label"": ""PERS"", ""text"": ""я"", ""start"": 17, ""end"": 18}]"
f7a8a0593b3a42f84d0f1e59a5df362f45506f5d2d6323d70688f7abaefe95e5,Сон мені наснився доволі романтичний .,[],[]
cc178ecafe6320cd2fb3155f296cce712a85b131baa0f339879d12600c9ef24a,Але переповідати його не буду .,[],[]
86edd36ce25edc3b1112e1b180b06415e26940fedb813795c33c3961ca6bf5ca,Вже вибачайте … Спочатку заливаємо гриби водою .,[],"[{""label"": ""ART"", ""text"": ""гриби"", ""start"": 35, ""end"": 40}]"
c415f0f61760370b65fc5c81dec5499db1bba8fce35a20d2d2040818480f1d34,"Буряки чистимо , тремо на грубу тертку і тушкуємо .",[],"[{""label"": ""MISC"", ""text"": ""Буряки"", ""start"": 0, ""end"": 6}]"
d64c6aae84068f4ab6a0c62fad00ccbbb460f974ab2f1295abb017a388222fcf,"Відмочені гриби варимо в окремому банячку у тій воді , в якій вони мокли .",[],"[{""label"": ""MISC"", ""text"": ""Відмочені гриби"", ""start"": 0, ""end"": 15}, {""label"": ""LOC"", ""text"": ""окремому банячку"", ""start"": 25, ""end"": 41}]"
1bfd93bd3be2e7e00e1df4dbcaf7ac5379a550f7a01e92d83a87b7388abb865d,Цибулю дрібно січемо і підсмажуємо на олії до золотистого кольору .,[],"[{""label"": ""ART"", ""text"": ""Цибулю"", ""start"": 0, ""end"": 6}]"
084ba70f3b9e569bb71b264a5c088f0afd43bb1582436ef63a238abe34410273,"У більшому баняку на 3 л варимо 20 хвилин грубо нарізані моркву , петрушку та селеру .","[{""label"": ""QUANT"", ""text"": ""3 л""}, {""label"": ""PERIOD"", ""text"": ""20 хвилин""}]","[{""label"": ""QUANT"", ""text"": ""3 л"", ""start"": 21, ""end"": 24}, {""label"": ""PERIOD"", ""text"": ""20 хвилин"", ""start"": 32, ""end"": 41}, {""label"": ""MISC"", ""text"": ""селеру"", ""start"": 78, ""end"": 84}]"
b7a90b086fb4c9120ff3f47edf19a0a67854cc643cf97146050c47f782a3396c,"Солимо , додаємо гострий перець , лавровий листок і перець-горошок .",[],"[{""label"": ""MISC"", ""text"": ""гострий перець"", ""start"": 17, ""end"": 31}, {""label"": ""MISC"", ""text"": ""лавровий листок"", ""start"": 34, ""end"": 49}, {""label"": ""MISC"", ""text"": ""перець-горошок"", ""start"": 52, ""end"": 66}]"
5f8f86e52327ce5140398b2cbc33f335e61a13ee391c9792fb03edbccacc4d5b,"Відтак додаємо тушковані буряки , вливаємо помідоровий сік і вивар з грибів , сиплемо червоний солодкий перець і доводимо до кипіння .",[],"[{""label"": ""MISC"", ""text"": ""тушковані буряки"", ""start"": 15, ""end"": 31}, {""label"": ""MISC"", ""text"": ""помідоровий сік"", ""start"": 43, ""end"": 58}, {""label"": ""MISC"", ""text"": ""вивар з грибів"", ""start"": 61, ""end"": 75}, {""label"": ""MISC"", ""text"": ""червоний солодкий перець"", ""start"": 86, ""end"": 110}]"
b7f47d17c0361bb44f1bbb402e68d8e57947e4c6ac91a648bfd557ed1299b8e8,"Знімаємо баняк з вогню і залишаємо , щоб борщ настоявся .",[],"[{""label"": ""ART"", ""text"": ""баняк"", ""start"": 9, ""end"": 14}, {""label"": ""ART"", ""text"": ""борщ"", ""start"": 41, ""end"": 45}]"
0bea163e29ce8cc8dc3492913b5ca908a23422a62ffefaf5f47fc771a234f2bf,Настоюватися борщ має щонайменше годину .,[],"[{""label"": ""ART"", ""text"": ""борщ"", ""start"": 13, ""end"": 17}, {""label"": ""PERIOD"", ""text"": ""годину"", ""start"": 33, ""end"": 39}]"
c96f4fb5647fd9c092b94b2a9f15959404f57bdab55695aa73a67a9a28faf9d6,"Тоді проціджуємо , а всю гущу відкидаємо набік .",[],[]
01da3e0ab9230f00767ade6e1e092349b9e4c17122b9da21b6fa143c8e4d0770,І щойно тоді додаємо до борщу смажену цибулю .,[],"[{""label"": ""ART"", ""text"": ""смажену цибулю"", ""start"": 30, ""end"": 44}]"
38085f69266f1929fa4dc8f88d49c814da889e6aadf4e5ebf0cc73821a6aabb0,Борщ подаємо з вушками .,[],"[{""label"": ""ART"", ""text"": ""Борщ"", ""start"": 0, ""end"": 4}]"
e50ad4fcd038b9f16eafc081bed158663fd5a7c1a775ca3304d3ce74bb31ae3c,"Вушка готуємо так : замішуємо тісто , як на пироги , але без яйця , і начиняємо посіченими грибами разом зі смаженою цибулькою .",[],"[{""label"": ""MISC"", ""text"": ""Вушка"", ""start"": 0, ""end"": 5}, {""label"": ""MISC"", ""text"": ""пироги"", ""start"": 44, ""end"": 50}, {""label"": ""ART"", ""text"": ""посіченими грибами"", ""start"": 80, ""end"": 98}, {""label"": ""MISC"", ""text"": ""смаженою цибулькою"", ""start"": 108, ""end"": 126}]"
e8ac2fc6e4e2e6bfd05bc48f33bf2f2f0247f406a360110f8a5ff848493fbdcd,"Краї такого пирога зліплюємо докупи . Нещодавно на шаховій Олімпіаді українська жіноча збірна виборола бронзові нагороди , а чоловіча – посіла шосте місце із понад півтори сотні команд країн планети .","[{""label"": ""ORG"", ""text"": ""Олімпіаді""}]","[{""label"": ""ORG"", ""text"": ""українська жіноча збірна"", ""start"": 69, ""end"": 93}, {""label"": ""PERS"", ""text"": ""чоловіча"", ""start"": 125, ""end"": 133}]"
ba88996e9d966404c1a6ad122fc606683a5d4ad72d41a360c8d679f31a798843,"А були часи , що наша жіноча команда та Руслан Пономарьов були чемпіонами світу .","[{""label"": ""PERS"", ""text"": ""Руслан Пономарьов""}]","[{""label"": ""ORG"", ""text"": ""наша жіноча команда"", ""start"": 17, ""end"": 36}, {""label"": ""PERS"", ""text"": ""Руслан Пономарьов"", ""start"": 40, ""end"": 57}]"
2f26b99a1c50fa0dab84142b671900c95667dce3904c7a840008715d5bcb022e,Витоки цих та інших здобутків у найінтелектуальнішій грі – в її активному культивуванні у XX столітті . Кіровоградщина теж внесла не останню лепту в історію та сучасний розвиток шахових змагань .,"[{""label"": ""DATE"", ""text"": ""XX столітті""}, {""label"": ""LOC"", ""text"": ""Кіровоградщина""}]","[{""label"": ""PERIOD"", ""text"": ""XX столітті"", ""start"": 90, ""end"": 101}, {""label"": ""LOC"", ""text"": ""Кіровоградщина"", ""start"": 104, ""end"": 118}, {""label"": ""MISC"", ""text"": ""шахових змагань"", ""start"": 178, ""end"": 193}]"
07a1f8d18ae104591bdec1065b0ff2c254e855a1192d1ff68723963b4ba7c8a1,"У сім’ї моїх молодих батьків , які переселилися до села Павлівка Кремгесівського ( Світловодського ) району ще не було своїх меблів , а вже була велика шахова дошка .","[{""label"": ""LOC"", ""text"": ""Павлівка""}, {""label"": ""LOC"", ""text"": ""Кремгесівського ( Світловодського ) району""}]","[{""label"": ""PERS"", ""text"": ""моїх молодих батьків"", ""start"": 8, ""end"": 28}, {""label"": ""LOC"", ""text"": ""Павлівка"", ""start"": 56, ""end"": 64}, {""label"": ""ART"", ""text"": ""меблів"", ""start"": 125, ""end"": 131}, {""label"": ""ART"", ""text"": ""велика шахова дошка"", ""start"": 145, ""end"": 164}]"
6ee2a9b950b287ddfe0fd4b4f2f742a2ad4fb56b7fb24d659df6757d23ebdfd1,"Тато Іван ховав її від мене в соломі , на якій ми спали на горищі , щоб я , малюк , не порозкидав фігури , як улюблені цяцьки .","[{""label"": ""PERS"", ""text"": ""Іван""}]","[{""label"": ""PERS"", ""text"": ""Тато Іван"", ""start"": 0, ""end"": 9}, {""label"": ""LOC"", ""text"": ""горищі"", ""start"": 59, ""end"": 65}, {""label"": ""PERS"", ""text"": ""я"", ""start"": 72, ""end"": 73}, {""label"": ""ART"", ""text"": ""фігури"", ""start"": 98, ""end"": 104}, {""label"": ""ART"", ""text"": ""улюблені цяцьки"", ""start"": 110, ""end"": 125}]"
5ff334985fd9dda3d2d42cc73d78e268481ad2aa4d6228c687a52418cde374e7,"Пройшов десяток років і в імпровізованому вуличному шаховому клубі “ у діда Миколи ” , для якого він віддав веранду , я , обкурюваний “ Севером ” , “ Прибоем ” , “ Памиром ” чи й самосадом його завсідників-дядьків , обігравав їх “ на висадку ” ( по черзі ) .","[{""label"": ""ORG"", ""text"": ""у діда Миколи""}, {""label"": ""ART"", ""text"": ""Севером""}, {""label"": ""ART"", ""text"": ""Прибоем""}, {""label"": ""ART"", ""text"": ""Памиром""}]","[{""label"": ""PERIOD"", ""text"": ""десяток років"", ""start"": 8, ""end"": 21}, {""label"": ""ORG"", ""text"": ""імпровізованому вуличному шаховому клубі"", ""start"": 26, ""end"": 66}, {""label"": ""PERS"", ""text"": ""діда Миколи"", ""start"": 71, ""end"": 82}, {""label"": ""ART"", ""text"": ""веранду"", ""start"": 108, ""end"": 115}, {""label"": ""PERS"", ""text"": ""я"", ""start"": 118, ""end"": 119}, {""label"": ""ART"", ""text"": ""самосадом"", ""start"": 179, ""end"": 188}]"
23174178e36cdb6a3e698ac48543e0a1907343dc545314b9da8165f728563284,"У Будинку культури проводився чемпіонат села , у школі – учнівський .","[{""label"": ""ORG"", ""text"": ""Будинку культури""}]","[{""label"": ""ORG"", ""text"": ""Будинку культури"", ""start"": 2, ""end"": 18}, {""label"": ""MISC"", ""text"": ""чемпіонат села"", ""start"": 30, ""end"": 44}, {""label"": ""ORG"", ""text"": ""школі"", ""start"": 49, ""end"": 54}, {""label"": ""JOB"", ""text"": ""учнівський"", ""start"": 57, ""end"": 67}]"
64bff2d48c0f2d002cbb8f3f42c6049b822ae81113e59932b0bc0764385c9453,"У сусідньому Світловодську в спорудженому палаці спорту заводу чистих металів ( фактично – міському ) передбачили кімнату для шахових змагань ( у т . ч . й чемпіонату Кіровоградщини ) , влітку “ бліц ” - турніри проходили і в парку Т . Шевченка .","[{""label"": ""LOC"", ""text"": ""Світловодську""}, {""label"": ""ORG"", ""text"": ""палаці спорту заводу чистих металів""}, {""label"": ""LOC"", ""text"": ""Кіровоградщини""}, {""label"": ""LOC"", ""text"": ""парку Т . Шевченка""}]","[{""label"": ""LOC"", ""text"": ""Світловодську"", ""start"": 13, ""end"": 26}, {""label"": ""ORG"", ""text"": ""заводу чистих металів"", ""start"": 56, ""end"": 77}, {""label"": ""PERIOD"", ""text"": ""влітку"", ""start"": 186, ""end"": 192}, {""label"": ""LOC"", ""text"": ""парку Т . Шевченка"", ""start"": 226, ""end"": 244}]"
590f2f978a823ee052de25b7f49885d5207415f96e1f5146b2076475824bbe28,"А міський Будинок культури відводився для шахово-шашкового фестивалів , в яких брали участь команди різних вікових груп усіх 10-и шкіл одночасно .","[{""label"": ""ORG"", ""text"": ""Будинок культури""}]","[{""label"": ""ORG"", ""text"": ""міський Будинок культури"", ""start"": 2, ""end"": 26}, {""label"": ""MISC"", ""text"": ""шахово-шашкового фестивалів"", ""start"": 42, ""end"": 69}]"
a95e06594f243ac1e42b39b2da2e293435f6bc56aa522e8949a4c698c7a675c9,"Потім голова журі , він же заступник голови міськвиконкому , вручав на сцені палацу призи і грамоти юним переможцям .","[{""label"": ""JOB"", ""text"": ""заступник голови міськвиконкому""}]","[{""label"": ""JOB"", ""text"": ""голова журі"", ""start"": 6, ""end"": 17}, {""label"": ""JOB"", ""text"": ""заступник голови міськвиконкому"", ""start"": 27, ""end"": 58}, {""label"": ""LOC"", ""text"": ""сцені палацу"", ""start"": 71, ""end"": 83}]"
375d583e1b139831335cf7272146c416a7456a228cfec0b0d37019b3e96d7a0a,Стародавня гра активно культивувалася й в інших містах і селах ( мій дядько Віктор у звичайній Степанівці на Устинівці став кандидатом у майстри спорту ) .,"[{""label"": ""PERS"", ""text"": ""Віктор""}, {""label"": ""LOC"", ""text"": ""Степанівці на Устинівці""}]","[{""label"": ""MISC"", ""text"": ""Стародавня гра"", ""start"": 0, ""end"": 14}, {""label"": ""PERS"", ""text"": ""Віктор"", ""start"": 76, ""end"": 82}, {""label"": ""LOC"", ""text"": ""Степанівці на Устинівці"", ""start"": 95, ""end"": 118}, {""label"": ""JOB"", ""text"": ""кандидатом у майстри спорту"", ""start"": 124, ""end"": 151}]"
5875b19d2e8dfb9ace64aaec423a96f1aa98956eafa13d319ba0f9965a97c7ba,Відомими були здобутки олександрійців .,[],"[{""label"": ""ORG"", ""text"": ""олександрійців"", ""start"": 23, ""end"": 37}]"
321ac63f9504df756a6297a77b52795d84c8da014ba9a5db129b35d92ce0f39e,"У Кіровограді діяли шахові клуби “ Дебют ” на вул . Гагаріна ( його керівник Комісаров сказав якось дівчині , яка зайшла подивитись на турнір сильної половини : “ Обирайте чоловіка з шахістів : у клубі завжди буде у тверезій компанії , отже не витратить дарма грошей та ще й може принести додому виграний приз ” ) , “ Біла тура ” неподалік Критого ринку ( його керівник Дубівка провів через усі кризові перипетії і зберіг до сьогодення ) , у парку ім . В . Леніна ( у зимовій кімнаті паралельно з грою протоплювали грубку , а влітку – на відкритій веранді ) та ін .","[{""label"": ""LOC"", ""text"": ""Кіровограді""}, {""label"": ""ORG"", ""text"": ""Дебют""}, {""label"": ""LOC"", ""text"": ""вул . Гагаріна""}, {""label"": ""PERS"", ""text"": ""Комісаров""}, {""label"": ""ORG"", ""text"": ""Біла тура""}, {""label"": ""LOC"", ""text"": ""Критого ринку""}, {""label"": ""PERS"", ""text"": ""Дубівка""}, {""label"": ""LOC"", ""text"": ""парку ім . В . Леніна""}]","[{""label"": ""LOC"", ""text"": ""Кіровограді"", ""start"": 2, ""end"": 13}, {""label"": ""ORG"", ""text"": ""Дебют"", ""start"": 35, ""end"": 40}, {""label"": ""LOC"", ""text"": ""вул . Гагаріна"", ""start"": 46, ""end"": 60}, {""label"": ""PERS"", ""text"": ""Комісаров"", ""start"": 77, ""end"": 86}, {""label"": ""LOC"", ""text"": ""Критого ринку"", ""start"": 340, ""end"": 353}, {""label"": ""PERS"", ""text"": ""Дубівка"", ""start"": 370, ""end"": 377}, {""label"": ""PERIOD"", ""text"": ""сьогодення"", ""start"": 425, ""end"": 435}, {""label"": ""LOC"", ""text"": ""парку ім . В . Леніна"", ""start"": 442, ""end"": 463}]"
58ada59f2fe4eb41d4d9deaca7e1786165e0f6c3853effd571501a461a0c1de4,Більшість із них з часом закрилися .,[],"[{""label"": ""PERIOD"", ""text"": ""з часом"", ""start"": 17, ""end"": 24}]"
63876562d4001d5cee1b73750c27f5838ea14fb05359c5f5b9ba2333b5c6b536,Для шахістів сьогодні надає місце і бібліотека Д . Чижевського .,"[{""label"": ""ORG"", ""text"": ""бібліотека Д . Чижевського""}]","[{""label"": ""DATE"", ""text"": ""сьогодні"", ""start"": 13, ""end"": 21}, {""label"": ""PERS"", ""text"": ""Д . Чижевського"", ""start"": 47, ""end"": 62}]"
0d94caf07e9408d33942db6056a6849b0196d896814ad16c9655f8e91f4487fe,"А от шахово-шашкового клубу в центрі міста , де могли б зібратися кіровоградські спортсмени й любителі , дорослі й діти , завітати й гості , на свіжому повітрі за столиком , щоб довести , що ж сильніше : кінь чи слон , атака чи захист , математика розрахунку чи імпровізація комбінацій , не було .",[],"[{""label"": ""ORG"", ""text"": ""шахово-шашкового клубу"", ""start"": 5, ""end"": 27}, {""label"": ""LOC"", ""text"": ""центрі міста"", ""start"": 30, ""end"": 42}, {""label"": ""PERS"", ""text"": ""дорослі й діти"", ""start"": 105, ""end"": 119}, {""label"": ""ART"", ""text"": ""кінь чи слон"", ""start"": 204, ""end"": 216}, {""label"": ""MISC"", ""text"": ""атака чи захист"", ""start"": 219, ""end"": 234}, {""label"": ""MISC"", ""text"": ""математика розрахунку"", ""start"": 237, ""end"": 258}]"
e35fd214059592ba47cc3d73f82525137bf627b1cf12c11b32da0ef3d95d5dc9,Та сьогодні в Ковалівському парку з’явився сучасний аналог старого доброго шахово-шашкового клубу .,"[{""label"": ""LOC"", ""text"": ""Ковалівському парку""}]","[{""label"": ""LOC"", ""text"": ""Ковалівському парку"", ""start"": 14, ""end"": 33}, {""label"": ""ORG"", ""text"": ""сучасний аналог старого доброго шахово-шашкового клубу"", ""start"": 43, ""end"": 97}]"
7061dd5c2dc7be8f2e33088f88a6240c4f910c6bdfc9dc21081f302c1ae04cba,Що особливо важливо в наш час хімічнозамінникових речей – він постає з екологічно чистого матеріалу ( деревини ) .,[],"[{""label"": ""PERIOD"", ""text"": ""наш час"", ""start"": 22, ""end"": 29}, {""label"": ""ART"", ""text"": ""хімічнозамінникових речей"", ""start"": 30, ""end"": 55}]"
4473d46c96e1bcd42030c9a49d18b3f2f3f288ff06d4c6e1fe8cad3cc49c83ef,"Можливо , його відкриття дасть імпульс для виховання нашого майбутнього чемпіона України ? На питання , винесене в заголовок , читач , який хоч трохи обізнаний із політичною кухнею на Волині , дасть відповідь : « Ніколи » .","[{""label"": ""LOC"", ""text"": ""України""}, {""label"": ""LOC"", ""text"": ""Волині""}]","[{""label"": ""PERS"", ""text"": ""читач"", ""start"": 127, ""end"": 132}, {""label"": ""MISC"", ""text"": ""політичною кухнею"", ""start"": 163, ""end"": 180}, {""label"": ""LOC"", ""text"": ""Волині"", ""start"": 184, ""end"": 190}]"
fd465156ffc928f38a7ad5e5479782e2d2984f4e94b619dd2bafb56a9aaa34dc,"Колишній губернатор і нардеп від Луцька сьогодні не має такої довіри лучан , як у далекому 2002-му .","[{""label"": ""JOB"", ""text"": ""губернатор""}, {""label"": ""JOB"", ""text"": ""нардеп""}, {""label"": ""LOC"", ""text"": ""Луцька""}, {""label"": ""DATE"", ""text"": ""2002-му""}]","[{""label"": ""PERS"", ""text"": ""Колишній губернатор"", ""start"": 0, ""end"": 19}, {""label"": ""JOB"", ""text"": ""нардеп"", ""start"": 22, ""end"": 28}, {""label"": ""LOC"", ""text"": ""Луцька"", ""start"": 33, ""end"": 39}, {""label"": ""DATE"", ""text"": ""2002-му"", ""start"": 91, ""end"": 98}]"
b37398a67f09f623df1894bf37e830c2caf9ce49ed9c47ad05a185464e7c011b,"Достатньо згадати , що його висуванця на посаду начальника УМВС України в області Віктора Швидкого « Самооборона Волині » у 2014-му турнула , як « ставленика олігархів » і не достойного бути народним міліціонером .","[{""label"": ""ORG"", ""text"": ""УМВС України""}, {""label"": ""PERS"", ""text"": ""Віктора Швидкого""}, {""label"": ""ORG"", ""text"": ""Самооборона Волині""}, {""label"": ""DATE"", ""text"": ""2014-му""}]","[{""label"": ""PERS"", ""text"": ""Віктора Швидкого"", ""start"": 82, ""end"": 98}, {""label"": ""ORG"", ""text"": ""Самооборона Волині"", ""start"": 101, ""end"": 119}, {""label"": ""DATE"", ""text"": ""2014-му"", ""start"": 124, ""end"": 131}]"
1e8f5a8c18161050363e7c89753425b43621efebb84e01f6d757ba6e3addf325,"Проте , якщо уважно проаналізувати події останніх місяців , тижнів і днів , то дедалі більше переконуєшся , що золоте правило політиків « Ніколи не кажи « ніколи » таки має право на життя .",[],"[{""label"": ""PERIOD"", ""text"": ""останніх місяців , тижнів і днів"", ""start"": 41, ""end"": 73}]"
1b6a4d529f54e326eb84c3c3da634229b80b9247266fd33f72539f20e978ac4b,"Не будемо далі інтригувати читача , а намалюємо приблизний синопсис повернення луцького Френка Андервуда до влади .","[{""label"": ""PERS"", ""text"": ""Френка Андервуда""}]","[{""label"": ""PERS"", ""text"": ""Френка Андервуда"", ""start"": 88, ""end"": 104}]"
ac9ce452f693a54c9afb173de958fdc6a112f0c1efdd760b381553efa89d6b0d,"Після висловлення недовіри голові обласної ради Валентину Вітеру на пленарному засіданні сесії , яка врешті-решт матиме кворум , один із депутатів запропонує обрати очільником найвищого представницького органу краю Володимира Бондаря , обраного 26 квітня депутатом облради на проміжних виборах у мажоритарному окрузі № 23 , що в Ратнівському районі .","[{""label"": ""JOB"", ""text"": ""голові""}, {""label"": ""ORG"", ""text"": ""обласної ради""}, {""label"": ""PERS"", ""text"": ""Валентину Вітеру""}, {""label"": ""PERS"", ""text"": ""Володимира Бондаря""}, {""label"": ""DATE"", ""text"": ""26 квітня""}, {""label"": ""JOB"", ""text"": ""депутатом""}, {""label"": ""ORG"", ""text"": ""облради""}, {""label"": ""MISC"", ""text"": ""мажоритарному окрузі № 23""}, {""label"": ""LOC"", ""text"": ""Ратнівському районі""}]","[{""label"": ""ORG"", ""text"": ""обласної ради"", ""start"": 34, ""end"": 47}, {""label"": ""PERS"", ""text"": ""Валентину Вітеру"", ""start"": 48, ""end"": 64}, {""label"": ""ORG"", ""text"": ""найвищого представницького органу краю"", ""start"": 176, ""end"": 214}, {""label"": ""PERS"", ""text"": ""Володимира Бондаря"", ""start"": 215, ""end"": 233}, {""label"": ""DATE"", ""text"": ""26 квітня"", ""start"": 245, ""end"": 254}, {""label"": ""ORG"", ""text"": ""облради"", ""start"": 265, ""end"": 272}, {""label"": ""LOC"", ""text"": ""мажоритарному окрузі № 23"", ""start"": 296, ""end"": 321}, {""label"": ""LOC"", ""text"": ""Ратнівському районі"", ""start"": 329, ""end"": 348}]"
7b48518e68178a8aac7e8173f5c81c1a4b4c64de50f2afa72ea03848ebc5adb0,"За цю кандидатуру буде віддано необхідний 41 голос , плюс декілька голосів про запас .",[],"[{""label"": ""JOB"", ""text"": ""кандидатуру"", ""start"": 6, ""end"": 17}, {""label"": ""QUANT"", ""text"": ""41 голос"", ""start"": 42, ""end"": 50}]"
f7a8d5b28189197f1cf16989e290cc0cf5e168c829150064df5e5667fdf2c1d1,"Новообраний керівник дуже швидко і ефектно ( він це вміє ) розгорне бурхливу видимість роботи , зробить декілька популістських заяв , ініціює декілька рішень , які сподобаються простому люду , увійде в жорсткий клінч із Миколою Романюком , а тоді заявить , що він буде балотуватися на посаду Луцького міського голови як об'єднаний кандидат луцького Євромайдану .","[{""label"": ""PERS"", ""text"": ""Миколою Романюком""}, {""label"": ""LOC"", ""text"": ""Луцького""}, {""label"": ""ORG"", ""text"": ""Євромайдану""}]","[{""label"": ""JOB"", ""text"": ""Новообраний керівник"", ""start"": 0, ""end"": 20}, {""label"": ""PERS"", ""text"": ""Миколою Романюком"", ""start"": 220, ""end"": 237}, {""label"": ""JOB"", ""text"": ""Луцького міського голови"", ""start"": 292, ""end"": 316}, {""label"": ""ORG"", ""text"": ""луцького Євромайдану"", ""start"": 340, ""end"": 360}]"
455fd56d2d0ad341c882faab8decbe31102296fbf1cad98be5a33603e27cdb99,І переможе .,[],[]
f4b53797811db04d2eaf738785537530462c915ec0d7319a5f122c0f78ca2ed8,Утопія ?,[],[]
f349eb8aea5ba3f6cc357d434bf30eea4bf04bbc6fa94f1152d24e81456a9ce5,Реальність .,[],"[{""label"": ""MISC"", ""text"": ""Реальність"", ""start"": 0, ""end"": 10}]"
89e10a5c15b8fba66110635c0a4174c04d23ff470f2a4976f4c029f4864bff26,Не вірите ?,[],[]
cf1f471dcccc62d766a4453cab7b4324b2cc86b96772e4119123a046cbbd47e1,Читайте далі . 25 лютого 2015 року Волинська обласна виборча комісія своєю постановою призначає проміжні вибори депутата Волинської обласної ради 6 скликання в одномандатному мажоритарному виборчому окрузі № 23 і оголошує про початок виборчого процесу .,"[{""label"": ""DATE"", ""text"": ""25 лютого 2015 року""}, {""label"": ""ORG"", ""text"": ""Волинська обласна виборча комісія""}, {""label"": ""ORG"", ""text"": ""Волинської обласної ради""}, {""label"": ""MISC"", ""text"": ""одномандатному мажоритарному виборчому окрузі № 23""}]","[{""label"": ""DATE"", ""text"": ""25 лютого 2015"", ""start"": 15, ""end"": 29}, {""label"": ""ORG"", ""text"": ""Волинська обласна виборча комісія"", ""start"": 35, ""end"": 68}, {""label"": ""JOB"", ""text"": ""депутата Волинської обласної ради 6 скликання"", ""start"": 112, ""end"": 157}, {""label"": ""LOC"", ""text"": ""одномандатному мажоритарному виборчому окрузі № 23"", ""start"": 160, ""end"": 210}]"
3f951f3196c642f8b6aa9d10b3e449e5daa61207ef3bf44a3bc9ff30af68022d,"Вибори вирішили провести у зв'язку із достроковим припиненням повноваження депутата облради Валерія Трикоша , обраного раніше в цьому окрузі , проте позбавленого мандата через доведення в суді факту отримання хабара й засудженого до 8 років позбавлення волі .","[{""label"": ""ORG"", ""text"": ""облради""}, {""label"": ""PERS"", ""text"": ""Валерія Трикоша""}, {""label"": ""PERIOD"", ""text"": ""8 років""}]","[{""label"": ""ORG"", ""text"": ""облради"", ""start"": 84, ""end"": 91}, {""label"": ""PERS"", ""text"": ""Валерія Трикоша"", ""start"": 92, ""end"": 107}, {""label"": ""LOC"", ""text"": ""цьому окрузі"", ""start"": 128, ""end"": 140}]"
1bcdc2a1d7ce79806efd14c0dcb3a0f68c3bfcba6e08f72bfec5774383d3bd8a,"Кошти на проведення виборів мала виділити обласна рада , проте 13 березня її постійна комісія з питань бюджету , фінансів та цінової політики вирішує , що це питання подане на розгляд несвоєчасно , тому його розглядати не буде . 6 квітня під час апаратної наради в голови облдержадміністрації керівник апарату ОДА Дмитро Дубняк повідомив , що питання з виділенням коштів на проведення виборів так і не вирішили .","[{""label"": ""ORG"", ""text"": ""обласна рада""}, {""label"": ""DATE"", ""text"": ""13 березня""}, {""label"": ""DATE"", ""text"": ""6 квітня""}, {""label"": ""JOB"", ""text"": ""голови""}, {""label"": ""ORG"", ""text"": ""облдержадміністрації""}, {""label"": ""JOB"", ""text"": ""керівник""}, {""label"": ""ORG"", ""text"": ""ОДА""}, {""label"": ""PERS"", ""text"": ""Дмитро Дубняк""}]","[{""label"": ""MON"", ""text"": ""Кошти"", ""start"": 0, ""end"": 5}, {""label"": ""ORG"", ""text"": ""обласна рада"", ""start"": 42, ""end"": 54}, {""label"": ""DATE"", ""text"": ""13 березня"", ""start"": 63, ""end"": 73}, {""label"": ""DATE"", ""text"": ""6 квітня"", ""start"": 229, ""end"": 237}, {""label"": ""ORG"", ""text"": ""облдержадміністрації"", ""start"": 272, ""end"": 292}, {""label"": ""ORG"", ""text"": ""ОДА"", ""start"": 310, ""end"": 313}, {""label"": ""PERS"", ""text"": ""Дмитро Дубняк"", ""start"": 314, ""end"": 327}, {""label"": ""MON"", ""text"": ""коштів"", ""start"": 364, ""end"": 370}]"
517e8674009fdac37fa648f47f06131450b3c47443992991b6ebb125b59ffc36,"На що голова ОДА Володимир Гунчик зауважив : « Депутати у нас всі круті , хай вирішують » .","[{""label"": ""ORG"", ""text"": ""ОДА""}, {""label"": ""PERS"", ""text"": ""Володимир Гунчик""}]","[{""label"": ""ORG"", ""text"": ""ОДА"", ""start"": 13, ""end"": 16}, {""label"": ""PERS"", ""text"": ""Володимир Гунчик"", ""start"": 17, ""end"": 33}, {""label"": ""JOB"", ""text"": ""Депутати"", ""start"": 47, ""end"": 55}]"
7752ff5813e9344ddd438eb470cb1e7ebbc1797debd81a2106be6e72a4e56dc1,"Не вирішили це питання і за чотири дні до проведення виборів , про що 22 квітня у коментарі IA ZIK розповів голова Волинської обласної виборчої комісії Микола Євтушин : « Нас просто футболять . Рада скидає на адміністрацію , адміністрація – що це повинна була зробити рада » .","[{""label"": ""PERIOD"", ""text"": ""чотири дні""}, {""label"": ""DATE"", ""text"": ""22 квітня""}, {""label"": ""ORG"", ""text"": ""IA ZIK""}, {""label"": ""JOB"", ""text"": ""голова""}, {""label"": ""ORG"", ""text"": ""Волинської обласної виборчої комісії""}, {""label"": ""PERS"", ""text"": ""Микола Євтушин""}, {""label"": ""ORG"", ""text"": ""Рада""}, {""label"": ""ORG"", ""text"": ""адміністрацію""}, {""label"": ""ORG"", ""text"": ""адміністрація""}, {""label"": ""ORG"", ""text"": ""рада""}]","[{""label"": ""DATE"", ""text"": ""22 квітня"", ""start"": 70, ""end"": 79}, {""label"": ""ORG"", ""text"": ""IA ZIK"", ""start"": 92, ""end"": 98}, {""label"": ""ORG"", ""text"": ""Волинської обласної виборчої комісії"", ""start"": 115, ""end"": 151}, {""label"": ""PERS"", ""text"": ""Микола Євтушин"", ""start"": 152, ""end"": 166}, {""label"": ""ORG"", ""text"": ""Рада"", ""start"": 194, ""end"": 198}, {""label"": ""JOB"", ""text"": ""адміністрацію"", ""start"": 209, ""end"": 222}, {""label"": ""JOB"", ""text"": ""адміністрація"", ""start"": 225, ""end"": 238}, {""label"": ""ORG"", ""text"": ""рада"", ""start"": 268, ""end"": 272}]"
20d1b8d2fe10e6bc88fb4e55ac5b48bf984b842741e1438afb6edeb150272059,"Попри такі проблеми , вибори таки відбулися , і перемогу в них здобув самовисуванець Володимир Бондар .","[{""label"": ""PERS"", ""text"": ""Володимир Бондар""}]","[{""label"": ""MISC"", ""text"": ""вибори"", ""start"": 22, ""end"": 28}, {""label"": ""JOB"", ""text"": ""самовисуванець"", ""start"": 70, ""end"": 84}, {""label"": ""PERS"", ""text"": ""Володимир Бондар"", ""start"": 85, ""end"": 101}]"
f99b89a340c9822d493de979389e4b39e6df9147ed3e875591163ba9dcd3aabc,"В активі Володимира Нальковича – 2858 голосів ( 45 % від тих , хто взяв участь у голосуванні , а таких із 18470 осіб виявилось 6699 ) .","[{""label"": ""PERS"", ""text"": ""Володимира Нальковича""}, {""label"": ""PCT"", ""text"": ""45 %""}]","[{""label"": ""PERS"", ""text"": ""Володимира Нальковича"", ""start"": 9, ""end"": 30}, {""label"": ""QUANT"", ""text"": ""2858"", ""start"": 33, ""end"": 37}, {""label"": ""PCT"", ""text"": ""45 %"", ""start"": 48, ""end"": 52}, {""label"": ""QUANT"", ""text"": ""18470"", ""start"": 106, ""end"": 111}, {""label"": ""QUANT"", ""text"": ""6699"", ""start"": 127, ""end"": 131}]"
2a6ba50df8671181244d78c1439d5c406ea5d12ac128e9c0264354e25da3d30f,"На другому місці – місцевий житель , представник « Громадянської позиції » , учасник АТО , водій-гранатометник Віталій Тарасюк – 2299 голосів ( 35,45 % ) .","[{""label"": ""ORG"", ""text"": ""Громадянської позиції""}, {""label"": ""MISC"", ""text"": ""АТО""}, {""label"": ""PERS"", ""text"": ""Віталій Тарасюк""}, {""label"": ""PCT"", ""text"": ""35,45 %""}]","[{""label"": ""ORG"", ""text"": ""Громадянської позиції"", ""start"": 51, ""end"": 72}, {""label"": ""JOB"", ""text"": ""водій-гранатометник"", ""start"": 91, ""end"": 110}, {""label"": ""PERS"", ""text"": ""Віталій Тарасюк"", ""start"": 111, ""end"": 126}, {""label"": ""QUANT"", ""text"": ""2299 голосів"", ""start"": 129, ""end"": 141}, {""label"": ""PCT"", ""text"": ""35,45 %"", ""start"": 144, ""end"": 151}]"
e673112dc7651ce58f66a84ca66101a1a82a454cee1a220d8aeebaad9f4fc4aa,"Замкнув трійку лідерів радник голови облдержадміністрації та фактично керівник виконавчої влади району Андрій Харлампович , висуванець « Блоку Петра Порошенка » , син багаторічного очільника місцевої влади попередніх років Адама Харламповича – у нього 1273 голоси ( 19,5 % ) .","[{""label"": ""ORG"", ""text"": ""облдержадміністрації""}, {""label"": ""PERS"", ""text"": ""Андрій Харлампович""}, {""label"": ""ORG"", ""text"": ""Блоку Петра Порошенка""}, {""label"": ""PERS"", ""text"": ""Адама Харламповича""}, {""label"": ""PCT"", ""text"": ""19,5 %""}]","[{""label"": ""JOB"", ""text"": ""радник голови облдержадміністрації"", ""start"": 23, ""end"": 57}, {""label"": ""PERS"", ""text"": ""Андрій Харлампович"", ""start"": 103, ""end"": 121}, {""label"": ""ORG"", ""text"": ""Блоку Петра Порошенка"", ""start"": 137, ""end"": 158}, {""label"": ""PERS"", ""text"": ""Адама Харламповича"", ""start"": 223, ""end"": 241}, {""label"": ""QUANT"", ""text"": ""1273"", ""start"": 252, ""end"": 256}, {""label"": ""PCT"", ""text"": ""19,5 %"", ""start"": 266, ""end"": 272}]"
33bf23c2e696fb091636dd0034d231540e9ec8f25b6f728172a8af0ae88a9454,У працівника судової влади району Валентина Муковоза – лише 105 голосів .,"[{""label"": ""PERS"", ""text"": ""Валентина Муковоза""}]","[{""label"": ""ORG"", ""text"": ""судової влади району"", ""start"": 13, ""end"": 33}, {""label"": ""PERS"", ""text"": ""Валентина Муковоза"", ""start"": 34, ""end"": 52}, {""label"": ""QUANT"", ""text"": ""105 голосів"", ""start"": 60, ""end"": 71}]"
eab5bc9ebc6e4dcb509b1d6c7a9f6040f3547d0a5d6e0a5cd4f8c60ff82f1de5,"Визнати повноваження обраного депутата , як і виділити кошти на проведення виборів , мала би сесія обласної ради , однак її вчетверте зірвали депутати .","[{""label"": ""ORG"", ""text"": ""обласної ради""}]","[{""label"": ""JOB"", ""text"": ""депутата"", ""start"": 30, ""end"": 38}, {""label"": ""MON"", ""text"": ""кошти"", ""start"": 55, ""end"": 60}, {""label"": ""ORG"", ""text"": ""обласної ради"", ""start"": 99, ""end"": 112}, {""label"": ""JOB"", ""text"": ""депутати"", ""start"": 142, ""end"": 150}]"
d937370a32b5abffc458ced5e3d9c279a8da37b74b7cc824ef7195cc324b10b2,"Проте якщо перші три рази сесія ставала неповноважною після обідньої перерви , то 29 квітня пленарне засідання через відсутність кворуму навіть не розпочалось .","[{""label"": ""DATE"", ""text"": ""29 квітня""}]","[{""label"": ""JOB"", ""text"": ""неповноважною"", ""start"": 40, ""end"": 53}, {""label"": ""DATE"", ""text"": ""29 квітня"", ""start"": 82, ""end"": 91}]"
ecf96f11cbad3749613934be8177298e6c0df85fe06fc74f9a5331615b608682,Фракція ВО « Свобода » одразу ж поспішила звинуватити у зриві сесії 29 квітня голову обласної ради Валентина Вітера .,"[{""label"": ""ORG"", ""text"": ""ВО « Свобода »""}, {""label"": ""DATE"", ""text"": ""29 квітня""}, {""label"": ""JOB"", ""text"": ""голову""}, {""label"": ""ORG"", ""text"": ""обласної ради""}, {""label"": ""PERS"", ""text"": ""Валентина Вітера""}]","[{""label"": ""ORG"", ""text"": ""ВО « Свобода »"", ""start"": 8, ""end"": 22}, {""label"": ""DATE"", ""text"": ""29 квітня"", ""start"": 68, ""end"": 77}, {""label"": ""PERS"", ""text"": ""Валентина Вітера"", ""start"": 99, ""end"": 115}]"
8150dcd76c5dfed768c0afa92c15e7e51362f568265ec8c1bb697ca1866af991,"Того ж дня вона оприлюднила заяву , у якій , зокрема , йдеться : « Розв'язка цієї проблеми очевидна : або Валентин Вітер таки організує роботу ради , або ж повинен визнати власну неспроможність забезпечити дієздатність ради та подати у відставку » .","[{""label"": ""PERS"", ""text"": ""Валентин Вітер""}, {""label"": ""ORG"", ""text"": ""ради""}, {""label"": ""ORG"", ""text"": ""ради""}]","[{""label"": ""DATE"", ""text"": ""Того ж дня"", ""start"": 0, ""end"": 10}, {""label"": ""PERS"", ""text"": ""Валентин Вітер"", ""start"": 106, ""end"": 120}, {""label"": ""ORG"", ""text"": ""ради"", ""start"": 143, ""end"": 147}, {""label"": ""ORG"", ""text"": ""ради"", ""start"": 219, ""end"": 223}]"
b98085740d943b2b655a773b80917f6f1341a5c107169fc54e9c84012e6f3390,"А в інтернет-виданні « Вголос » , яке , як стверджують аналітики , наближене до ВО « Свобода » , 5 травня з посиланням на власні джерела у Волинській облраді з'явилося повідомлення , що « Валентин Вітер був зацікавлений у зриві сесійного засідання обласної ради 29 квітня , оскільки не бажав розгляду проектів рішень , які стосувалися скасування скандального питання про приватизацію чотирьох об'єктів комунальної власності від 21 листопада 2014 року » .","[{""label"": ""ORG"", ""text"": ""Вголос""}, {""label"": ""ORG"", ""text"": ""ВО « Свобода »""}, {""label"": ""DATE"", ""text"": ""5 травня""}, {""label"": ""ORG"", ""text"": ""Волинській облраді""}, {""label"": ""PERS"", ""text"": ""Валентин Вітер""}, {""label"": ""ORG"", ""text"": ""обласної ради""}, {""label"": ""DATE"", ""text"": ""29 квітня""}, {""label"": ""DATE"", ""text"": ""21 листопада 2014 року""}]","[{""label"": ""ORG"", ""text"": ""Вголос"", ""start"": 23, ""end"": 29}, {""label"": ""ORG"", ""text"": ""ВО « Свобода »"", ""start"": 80, ""end"": 94}, {""label"": ""DATE"", ""text"": ""5 травня"", ""start"": 97, ""end"": 105}, {""label"": ""LOC"", ""text"": ""Волинській облраді"", ""start"": 139, ""end"": 157}, {""label"": ""PERS"", ""text"": ""Валентин Вітер"", ""start"": 188, ""end"": 202}, {""label"": ""DATE"", ""text"": ""29 квітня"", ""start"": 262, ""end"": 271}, {""label"": ""DATE"", ""text"": ""21 листопада 2014 року"", ""start"": 428, ""end"": 450}]"
ae2f417a74ce94158b8e875c6e66fcf6972e453407ebce98f5e5347121978b42,"Мовляв , Валентин Вітер побоюється критики на свою адресу . « Три питання порядку денного зачіпають особисто його .","[{""label"": ""PERS"", ""text"": ""Валентин Вітер""}]","[{""label"": ""PERS"", ""text"": ""Валентин Вітер"", ""start"": 9, ""end"": 23}]"
c5184efbd6806c2fba206525cb64c4e73907292832218d554ac57c5af4103898,"Логічно , що голова не хоче бути об'єктом критики депутатів .",[],"[{""label"": ""PERS"", ""text"": ""голова"", ""start"": 13, ""end"": 19}, {""label"": ""ORG"", ""text"": ""депутатів"", ""start"": 50, ""end"": 59}]"
7bdf07b4aebaee44e300fc996edbd53c970bd393fb86807db84d0451335deda9,"Адже так справа може дійти і до ініціативи висловлення йому недовіри » , – цитує видання якесь джерело .",[],"[{""label"": ""ORG"", ""text"": ""видання"", ""start"": 81, ""end"": 88}]"
87d81c350eb026d9954234703f9c6186e24b06b24efa8741dea98721e873627c,Тим часом в інтернет-виданнях почали мусувати тему виділення Валентину Вітеру сесією Луцької міської ради 10 соток землі в обласному центрі .,"[{""label"": ""PERS"", ""text"": ""Валентину Вітеру""}, {""label"": ""ORG"", ""text"": ""Луцької міської ради""}, {""label"": ""QUANT"", ""text"": ""10 соток""}]","[{""label"": ""PERS"", ""text"": ""Валентину Вітеру"", ""start"": 61, ""end"": 77}, {""label"": ""ORG"", ""text"": ""Луцької міської ради"", ""start"": 85, ""end"": 105}, {""label"": ""QUANT"", ""text"": ""10 соток землі"", ""start"": 106, ""end"": 120}, {""label"": ""LOC"", ""text"": ""обласному центрі"", ""start"": 123, ""end"": 139}]"
251c3360d09a9fc474e7e1e17fb05b340f98602b9e6820e1dc4d023ff3205421,"І хоча ще на сесії мер Луцька Микола Романюк заявив , що ця ділянка дісталася голові облради у спадок від батьків , на цю обставину не дуже зважали .","[{""label"": ""LOC"", ""text"": ""Луцька""}, {""label"": ""PERS"", ""text"": ""Микола Романюк""}, {""label"": ""ORG"", ""text"": ""облради""}]","[{""label"": ""LOC"", ""text"": ""Луцька"", ""start"": 23, ""end"": 29}, {""label"": ""PERS"", ""text"": ""Микола Романюк"", ""start"": 30, ""end"": 44}, {""label"": ""MISC"", ""text"": ""ця ділянка"", ""start"": 57, ""end"": 67}, {""label"": ""ORG"", ""text"": ""облради"", ""start"": 85, ""end"": 92}]"
06b02caf7beca0055d4776552e5f412024feeef7a1400e87e088641701dee4be,Дискредитація пана Вітера триває й досі .,"[{""label"": ""PERS"", ""text"": ""Вітера""}]","[{""label"": ""PERS"", ""text"": ""пана Вітера"", ""start"": 14, ""end"": 25}]"
17f032d4ccece8771b93e4d24cc6e94ab09bc050a309ee8f68b74c1c9a588473,Для чого ?,[],[]
46b8827ef084fa8182a0dd07a55e8c25b62372dda47ec1e09e93959ecf394295,"Щоб обласну раду очолив перший заступник голови , « свободівець » Олександр Пирожик ?","[{""label"": ""ORG"", ""text"": ""обласну раду""}, {""label"": ""PERS"", ""text"": ""Олександр Пирожик""}]","[{""label"": ""ORG"", ""text"": ""обласну раду"", ""start"": 4, ""end"": 16}, {""label"": ""JOB"", ""text"": ""перший заступник голови"", ""start"": 24, ""end"": 47}, {""label"": ""PERS"", ""text"": ""Олександр Пирожик"", ""start"": 66, ""end"": 83}]"
dc81fc3b4282cc27ada6e6c383bdc4ca4d241533be4688227b0eaea0b1ea45b3,"Не той тепер Луцьк , Сапалаївка-річка не та .","[{""label"": ""LOC"", ""text"": ""Луцьк""}, {""label"": ""LOC"", ""text"": ""Сапалаївка-річка""}]","[{""label"": ""LOC"", ""text"": ""Луцьк"", ""start"": 13, ""end"": 18}, {""label"": ""LOC"", ""text"": ""Сапалаївка-річка"", ""start"": 21, ""end"": 37}]"
5b9ebb3704e67a8046a69f928552bc0aa725fe4025b2eb0a02a3d066210ac0a7,Не проголосує за кандидатуру Пирожика 41 депутат .,"[{""label"": ""PERS"", ""text"": ""Пирожика""}]","[{""label"": ""PERS"", ""text"": ""Пирожика"", ""start"": 29, ""end"": 37}, {""label"": ""JOB"", ""text"": ""депутат"", ""start"": 41, ""end"": 48}]"
092341a5d7590c001c5ec6c60e467fe968ce8678dbd4ab9657b088f454d8df1c,Не буде тепер на вході стояти Данильчук з палкою і казати : « Не проголосуєте – ми вас звідси не випустимо » . Максим вирішив прогулятися .,"[{""label"": ""PERS"", ""text"": ""Данильчук""}, {""label"": ""PERS"", ""text"": ""Максим""}]","[{""label"": ""PERS"", ""text"": ""Данильчук"", ""start"": 30, ""end"": 39}, {""label"": ""PERS"", ""text"": ""Максим"", ""start"": 111, ""end"": 117}]"
863883154686ee005df64cdfc5263a500e7a634f595a8adabeaa090b4a4022f8,Починалася весна .,[],[]
c35f1d7e090c0d2e768519894d25b4ab2a1358d49e64d34a625e472e62a9e1e0,Він ішов — і не впізнавав міста .,[],"[{""label"": ""PERS"", ""text"": ""Він"", ""start"": 0, ""end"": 3}, {""label"": ""LOC"", ""text"": ""міста"", ""start"": 26, ""end"": 31}]"
60b8e87602a3b2ddfa1df0e2c954a1b023081411eb21fef8dcfdfcc4a2b7749a,Треба було забігти в кравецьку майстерню .,[],"[{""label"": ""ORG"", ""text"": ""кравецьку майстерню"", ""start"": 21, ""end"": 40}]"
b9d8c332128f0e27f136c7fccb07dbcecfd0826f7034e1279bb709ae36f3dc9d,"Коли звідти виходив , побачив , що ззаду майстерні є овальний двоповерховий будиночок із балконами , перегородками , випраною білизною — усе , як колись , коли він був юним .",[],"[{""label"": ""ORG"", ""text"": ""майстерні"", ""start"": 41, ""end"": 50}, {""label"": ""ART"", ""text"": ""овальний двоповерховий будиночок"", ""start"": 53, ""end"": 85}, {""label"": ""MISC"", ""text"": ""перегородками"", ""start"": 101, ""end"": 114}, {""label"": ""ART"", ""text"": ""випраною білизною"", ""start"": 117, ""end"": 134}]"
7d90963082f1098cd8e0b584262619a313aaf4c957652b657a1000034cf41f82,"Ці балкони з химерними перегородками й допотопними прибудовами , ця випрана білизна , що розвівалася на вітрі , наче сексуальний прапор , раптом набули для нього якогось нового значення , розбухли додатковими смислами .",[],"[{""label"": ""ART"", ""text"": ""випрана білизна"", ""start"": 68, ""end"": 83}, {""label"": ""ART"", ""text"": ""сексуальний прапор"", ""start"": 117, ""end"": 135}]"
8ba790bd0353dcf636af706fa0c09c785401378e8464a1fc2a4132c96c949cb2,"Він подумав , що за цими дверима триває якесь таємниче життя його земляків , про яке він ніколи не дізнається , до якого не матиме жодного стосунку . Максим засміявся .","[{""label"": ""PERS"", ""text"": ""Максим""}]","[{""label"": ""PERS"", ""text"": ""Він"", ""start"": 0, ""end"": 3}, {""label"": ""LOC"", ""text"": ""за цими дверима"", ""start"": 17, ""end"": 32}, {""label"": ""PERS"", ""text"": ""він"", ""start"": 85, ""end"": 88}, {""label"": ""PERS"", ""text"": ""Максим"", ""start"": 150, ""end"": 156}]"
057fa7998a3e475ffb2e5f339a65e72a00a94287993c700942d07ebb0c3dd171,"Йому навіть не хотілося домислювати , якого кольору це життя .",[],"[{""label"": ""PERS"", ""text"": ""Йому"", ""start"": 0, ""end"": 4}]"
97ab6d0207759e5f98e159adcefd76d3003c042319c5738b1956c69a4b44d72e,"В його уяві існували тільки чисті ризи чужої приватності , милий ідеалізм випраної білизни й химерних перегородок .",[],"[{""label"": ""ART"", ""text"": ""чисті ризи чужої приватності"", ""start"": 28, ""end"": 56}, {""label"": ""ART"", ""text"": ""милий ідеалізм випраної білизни"", ""start"": 59, ""end"": 90}, {""label"": ""MISC"", ""text"": ""химерних перегородок"", ""start"": 93, ""end"": 113}]"
d61ffbe335124cc20c7b81932f7d9ecd5cf0583f1987ca13a9bcf5afa0317777,"Він не хотів нічим споганити своє чисте відчуття , таке раптове й несподіване , таке біле , як материнське молоко .",[],"[{""label"": ""PERS"", ""text"": ""Він"", ""start"": 0, ""end"": 3}, {""label"": ""ART"", ""text"": ""материнське молоко"", ""start"": 95, ""end"": 113}]"
f975aeff21bb0ca80631c1689c53405436b0b1bcea15d9d3ed7efcd65221689a,"Подумав , що за котримись із таких дверей може жити його Незнайомка , його Лорелей .","[{""label"": ""PERS"", ""text"": ""Незнайомка""}, {""label"": ""PERS"", ""text"": ""Лорелей""}]","[{""label"": ""PERS"", ""text"": ""Незнайомка"", ""start"": 57, ""end"": 67}, {""label"": ""PERS"", ""text"": ""Лорелей"", ""start"": 75, ""end"": 82}]"
cca2af5a7c0b479b84ec2ed29fa31ca2d5c7dc8efb9f9998a7199acbb3e53825,"Вона заходить сюди вечорами , тихо стукаючи каблучками .",[],"[{""label"": ""PERS"", ""text"": ""Вона"", ""start"": 0, ""end"": 4}, {""label"": ""PERIOD"", ""text"": ""вечорами"", ""start"": 19, ""end"": 27}]"
de75477f04eea9c793fc3ea82c06469f2ec5aec6636484ca4671cc0e742de745,"І цей стукіт уявних каблучків , ця можливість життя на другому поверсі овального будинку його незустрінутої Суламіт дивним чином додала йому надії й життєвої перспективи .","[{""label"": ""PERS"", ""text"": ""Суламіт""}]","[{""label"": ""ART"", ""text"": ""уявних каблучків"", ""start"": 13, ""end"": 29}, {""label"": ""LOC"", ""text"": ""другому поверсі овального будинку"", ""start"": 55, ""end"": 88}, {""label"": ""PERS"", ""text"": ""Суламіт"", ""start"": 108, ""end"": 115}]"
059fd3f2cbc1325657e9737bcab6f52e7c11c209fb7ee66737c4825352e48a8f,"То нічого , якщо її там немає , або вона не така , як він собі уявляє .",[],"[{""label"": ""PERS"", ""text"": ""він"", ""start"": 54, ""end"": 57}]"
6a3016c399dde433dac9a97d88dd2338e4a16e6ddef04128350f1308cfe5faf0,"Вона ж є у його свідомості , його вузькостанна світлокоса Панна .","[{""label"": ""PERS"", ""text"": ""Панна""}]","[{""label"": ""PERS"", ""text"": ""Панна"", ""start"": 58, ""end"": 63}]"
5c57e333d20a0a2d0dbe3f49028e9a6c802ab17ba9f8ea930256e965bbb69818,Вона теж може гіпотетично прогулюватися цими вулицями й навіть заходити у кравецьку майстерню .,[],"[{""label"": ""PERS"", ""text"": ""Вона"", ""start"": 0, ""end"": 4}, {""label"": ""LOC"", ""text"": ""цими вулицями"", ""start"": 40, ""end"": 53}, {""label"": ""ORG"", ""text"": ""кравецьку майстерню"", ""start"": 74, ""end"": 93}]"
1d7467b14f1da736300645fd0c540dad6d196c4faf581b3951b0bce45aba2d40,"Може , у тій кравецькій майстерні жінки виготовляють світлі кольчуги для містика , що бачив світло .",[],"[{""label"": ""PERS"", ""text"": ""жінки"", ""start"": 34, ""end"": 39}, {""label"": ""ART"", ""text"": ""світлі кольчуги"", ""start"": 53, ""end"": 68}, {""label"": ""PERS"", ""text"": ""містика"", ""start"": 73, ""end"": 80}]"
17537471fc6c0bd130ad9c67399ce6240481feb2dfdc4268c9fa640a59a8192f,"Він спеціально приїжджає сюди два рази на місяць , відшукуючи гіпотетичну державу світла біля звичайнісінького балкону з випраною білизною , що , знай , похитується , як вільний радикал . Максиме , усе нині здається тобі незвичайним , усе ти любиш , мовби пробудився від летаргійного сну .","[{""label"": ""PERS"", ""text"": ""Максиме""}]","[{""label"": ""PERS"", ""text"": ""Він"", ""start"": 0, ""end"": 3}, {""label"": ""PERIOD"", ""text"": ""два рази на місяць"", ""start"": 30, ""end"": 48}, {""label"": ""LOC"", ""text"": ""балкону"", ""start"": 111, ""end"": 118}, {""label"": ""MISC"", ""text"": ""випраною білизною"", ""start"": 121, ""end"": 138}, {""label"": ""ART"", ""text"": ""вільний радикал"", ""start"": 170, ""end"": 185}, {""label"": ""PERS"", ""text"": ""Максиме"", ""start"": 188, ""end"": 195}]"
2d20cbb319922eb53465b832d76ed9b72d7b631d66f5ba920e708bd81fb0d6f7,"Ти заснув , коли тринадцятий минало , а пробудився аж нині біля кравецької майстерні .",[],"[{""label"": ""PERS"", ""text"": ""Ти"", ""start"": 0, ""end"": 2}, {""label"": ""TIME"", ""text"": ""тринадцятий"", ""start"": 17, ""end"": 28}, {""label"": ""LOC"", ""text"": ""кравецької майстерні"", ""start"": 64, ""end"": 84}]"
5b6bb17021b63311f97b9074786e07f7db7714014ce6e51fa9fb0c7d6a084af6,Ти відчуваєш світло невідомого походження .,[],"[{""label"": ""PERS"", ""text"": ""Ти"", ""start"": 0, ""end"": 2}]"
a9d8435ab58557ffaeb45190d024f637e2e393fe5d639b3ba9d9a64f1df92d31,"Ти не знаєш , чому ти , чому світло , чому відчуваєш .",[],"[{""label"": ""PERS"", ""text"": ""Ти"", ""start"": 0, ""end"": 2}, {""label"": ""PERS"", ""text"": ""ти"", ""start"": 19, ""end"": 21}]"
0615be3d7f99385e2a0024a5d8fed9f5f925c0e57b4412cacaa3e567cc70998e,Звідки це диво преображення облич ?,[],[]
3a256713b93d75f80401bf08b59797aaa10a7e363ee03ac0c757c27797ccb09d,"Може , ти помираєш , Максиме ?","[{""label"": ""PERS"", ""text"": ""Максиме""}]","[{""label"": ""PERS"", ""text"": ""Максиме"", ""start"": 21, ""end"": 28}]"
9329cb07dae809e59e67281ff63d31bb40d371547075e2ad8e107aae933e0b6c,"І бачиш світло , але це лише агонія білого , останній спалах перед непрогляддю , прощальний зойк радості ?",[],"[{""label"": ""ART"", ""text"": ""агонія білого"", ""start"": 29, ""end"": 42}]"
7f1436e7186297b097de7c42ab19097bf8264b7ef7d3bd6f3e4d02bd713e2f39,"Ти щипаєш себе за руку — ти є , судини переганяють твою кров , ти не хочеш вмирати , твоя кров буде ще довго згортатися й густішати .",[],"[{""label"": ""PERS"", ""text"": ""Ти"", ""start"": 0, ""end"": 2}, {""label"": ""PERS"", ""text"": ""ти"", ""start"": 25, ""end"": 27}, {""label"": ""MISC"", ""text"": ""судини"", ""start"": 32, ""end"": 38}, {""label"": ""PERS"", ""text"": ""ти"", ""start"": 63, ""end"": 65}]"
dc4a9bfc3275cdfbfaf3272caee73c9bb4a1fcdc9fce50593c86169137be345b,"Навколо суцільне свято , відмінне від карнавальних гулянь з їхніми неглибокими веселинами й веселунами .",[],"[{""label"": ""ORG"", ""text"": ""Навколо"", ""start"": 0, ""end"": 7}, {""label"": ""ART"", ""text"": ""суцільне свято"", ""start"": 8, ""end"": 22}]"
9ac03577306a403d97c562dce02486ca2323c801a05274222b4341e90bfd3f34,"Вічний потік проходить крізь тебе , вділяючи свого невичерпного дару .",[],"[{""label"": ""MISC"", ""text"": ""Вічний потік"", ""start"": 0, ""end"": 12}, {""label"": ""PERS"", ""text"": ""тебе"", ""start"": 29, ""end"": 33}]"
8575c843a6a45248b108e4ecc030a02fd7b7e5eab048438001807106342bac4d,"Він скрізь — у мегаполісі й стодолі , йому нема перепон .",[],"[{""label"": ""PERS"", ""text"": ""Він"", ""start"": 0, ""end"": 3}, {""label"": ""LOC"", ""text"": ""мегаполісі"", ""start"": 15, ""end"": 25}, {""label"": ""LOC"", ""text"": ""стодолі"", ""start"": 28, ""end"": 35}]"
21f6c2b63654deceeb02a44cb7e17481f4424f03ae24ac49f82803346482114a,Починало сутеніти .,[],[]
cb3cb97bf387c79f36c94c46ef19e1519eea73ed621f439fc74542f7bfbf9ee5,Небо закроювалося червоним .,[],"[{""label"": ""LOC"", ""text"": ""Небо"", ""start"": 0, ""end"": 4}]"
0c1e9e8a270fdc46152233fa0aac4b05df24c14eee779c0fa9584bd794d36d37,"Але це червоне не несло апокаліптичного змісту , не буянило вогнем , що палить живе .",[],[]
8a3eb5cdbf79c75485a5f360ca8d723148f341d30e26d0a66cb43c9bff86e4cc,"Воно не підпливало кров'ю , а було викликом твоєму стереотипному думанню , твоїм штампам і приманкам .",[],"[{""label"": ""ART"", ""text"": ""Воно"", ""start"": 0, ""end"": 4}]"
e955ef1fd5d10e9b9306a15ac3da6dae0ce3ce93719aa8164d34c37504d6946b,Червоне палило скверну — і вона ставала небом .,[],"[{""label"": ""ART"", ""text"": ""скверну"", ""start"": 15, ""end"": 22}]"
2cde9fdcf1c9c5dc7eec769c62a8281a3272965acd114148c2ffa25ccf3900dc,"Але де Панна , що мала народитися з нового вогню ? Блок , до речі , також думав про це —","[{""label"": ""PERS"", ""text"": ""Панна""}, {""label"": ""PERS"", ""text"": ""Блок""}]","[{""label"": ""PERS"", ""text"": ""Панна"", ""start"": 7, ""end"": 12}, {""label"": ""PERS"", ""text"": ""Блок"", ""start"": 51, ""end"": 55}]"
d167d9a76271201f253284ee3025942e0fa3effb8caca490275d8904f17d8a40,"вхожу я в темные храмы , совершая бедный обряд ...",[],"[{""label"": ""PERS"", ""text"": ""я"", ""start"": 6, ""end"": 7}, {""label"": ""LOC"", ""text"": ""темные храмы"", ""start"": 10, ""end"": 22}, {""label"": ""ART"", ""text"": ""бедный обряд"", ""start"": 34, ""end"": 46}]"
66d7b7a7716f0fd9a879bc3862e4255299a69957523c9faf45ba4c743bc32a2b,"Вона мусила зафіксувати твою тимчасову перемогу над тліном , твій короткий політ над розпадом .",[],"[{""label"": ""PERS"", ""text"": ""Вона"", ""start"": 0, ""end"": 4}, {""label"": ""LOC"", ""text"": ""тліном"", ""start"": 52, ""end"": 58}]"
9175c5e9a39fe15d621a4954ce55e62d15c49d1960bec1217e15f7214427260d,Без її благословення ти можеш оступитися .,[],"[{""label"": ""PERS"", ""text"": ""ти"", ""start"": 21, ""end"": 23}]"
48d80c3b7f85361e19d99a9872844b6bc1448498cb81e78c7ba038e943c09fc9,Тебе затягне чорторий відцентрових сил .,[],"[{""label"": ""PERS"", ""text"": ""Тебе"", ""start"": 0, ""end"": 4}]"
641e39db3bed65a790675492372472410468067a5c4c460b1c97d356b1145b97,Тебе подолають химерики власного розуму ...,[],"[{""label"": ""PERS"", ""text"": ""Тебе"", ""start"": 0, ""end"": 4}]"
d877b85936d9901e3781cdb81f5d298de0a1a3d37512d7d2a24e612b0c7412fd,"Сила Максимової уяви була такою потужною , а енергетичний вихор навколо нього — таким сприятливим , що він виразно почув тихий стукіт каблучків .","[{""label"": ""PERS"", ""text"": ""Максимової""}]","[{""label"": ""PERS"", ""text"": ""Максимової уяви"", ""start"": 5, ""end"": 20}]"
f084fb4fa3214ec4a52bdc762f4386b1bb93713b8583a087101d41512e9e6a86,"Протилежною вулицею справді йшла тонкостанна світлокоса тиха реінкарнація з дев'ятнадцятого століття або вікторіанської доби , коли жінки ще вміли любити . Максиме , якщо ти зараз не заговориш до неї , якщо ти з нею не познайомишся , то всі твої мрії моментально вивітряться — і ти будеш гостро депресувати в нападі циклотемічного спустошення .","[{""label"": ""PERS"", ""text"": ""Максиме""}]","[{""label"": ""LOC"", ""text"": ""Протилежною вулицею"", ""start"": 0, ""end"": 19}, {""label"": ""PERIOD"", ""text"": ""дев'ятнадцятого століття або вікторіанської доби"", ""start"": 76, ""end"": 124}, {""label"": ""PERS"", ""text"": ""Максиме"", ""start"": 156, ""end"": 163}, {""label"": ""PERS"", ""text"": ""ти"", ""start"": 279, ""end"": 281}]"
633d704522914b8d34d94a796a6282df24203209cec7fa257aa892109e80f99c,Адже ейфорія близька до порожнечі .,[],[]
8249a8d81eaec17a741a3675b5b2a7277904a1522a87fa1be1a755cd96cbe270,Але геть цю набридливу декадентську гарбу !,[],[]
3353b4dbec109d644ad8bede05792e24bf5f12bee89ef68e1a0fc44c493dbc3d,Ти щойно звільнився від неї .,[],"[{""label"": ""PERS"", ""text"": ""Ти"", ""start"": 0, ""end"": 2}]"
906f007b6d1b56d2d5dee964ff7e54065404d045f2e32689b72fdf99f18f0a94,Значить це можливо !,[],[]
085d4f50188a6f41c40d4c2954a69e735eaec5309cb9d0d9c7e8065545f9cda3,"Ти не для того відчув радість споглядання чужого балкону з химерними перегородками , щоб знову впасти в депресняк !",[],"[{""label"": ""PERS"", ""text"": ""Ти"", ""start"": 0, ""end"": 2}]"
6e8c41e31916a4298bb3b3cac13ed3a0118bcdf4911a8380fc6c0063e41b277a,"Біжи за тонкостанною , доганяй її , говори з нею , щось придумай , щоб вона не налякалася , ти ж можеш бігати !",[],"[{""label"": ""LOC"", ""text"": ""тонкостанною"", ""start"": 8, ""end"": 20}]"
cc5741e6de7896b546c0edd8d27b39f127e7cdc1e56c6cf4e1339357cb86ad67,"Розповідай їй анекдоти , купи їй квіти , скинь свою куртку й обвий нею її тіло , лише затримай її біля себе !",[],"[{""label"": ""ART"", ""text"": ""анекдоти"", ""start"": 14, ""end"": 22}, {""label"": ""ART"", ""text"": ""квіти"", ""start"": 33, ""end"": 38}, {""label"": ""ART"", ""text"": ""куртку"", ""start"": 52, ""end"": 58}, {""label"": ""PERS"", ""text"": ""її"", ""start"": 95, ""end"": 97}]"
ba38458bacf03865e6db332b47adfd832c906247be2f82b4eabffa6a58ec0c8a,"Скажи їй , що всі чоловіки — романтики , усі страждають від прихованого комплексу Дон Кіхота , усі стомилися без своїх княгинь Ярославен , лише не знають , де їх шукати . А що ще робити чесним людям довгими зимовими вечорами , коли в господарстві все давно пороблено , сіяти-орати вже не треба , воли собі сіном ремиґають , а височенні вози-мажі гарно змащені дьогтем і поставлені у клуні дожидатися тепла і нової дороги ?","[{""label"": ""PERS"", ""text"": ""Дон Кіхота""}, {""label"": ""PERS"", ""text"": ""Ярославен""}]","[{""label"": ""PERS"", ""text"": ""Дон Кіхота"", ""start"": 82, ""end"": 92}, {""label"": ""PERS"", ""text"": ""княгинь Ярославен"", ""start"": 119, ""end"": 136}, {""label"": ""PERIOD"", ""text"": ""довгими зимовими вечорами"", ""start"": 199, ""end"": 224}, {""label"": ""ART"", ""text"": ""воли"", ""start"": 296, ""end"": 300}, {""label"": ""ART"", ""text"": ""височенні вози-мажі"", ""start"": 326, ""end"": 345}]"
7ccccca5d401b5d90557e8ca57a0865c57944ddd0f03b102883bcafb8b9a152d,"Це жіноцтву роботи і взимку вистачає : напрясти , корову подоїти , в ополонці шмаття випрати , борщ з квасолею та затертим салом зварити , та щоб укипів добре , та сметани туди , та ще й скоринку житнього хліба часником натерти …",[],"[{""label"": ""PERS"", ""text"": ""жіноцтву"", ""start"": 3, ""end"": 11}, {""label"": ""PERIOD"", ""text"": ""взимку"", ""start"": 21, ""end"": 27}, {""label"": ""ART"", ""text"": ""корову подоїти"", ""start"": 50, ""end"": 64}, {""label"": ""ART"", ""text"": ""борщ з квасолею та затертим салом"", ""start"": 95, ""end"": 128}, {""label"": ""ART"", ""text"": ""скоринку житнього хліба"", ""start"": 187, ""end"": 210}]"
99ea26fd8556a684d56d67ffd139b03598d8d6cf36d288406695235276d55259,"От де розкіш , от де смакота !",[],"[{""label"": ""ART"", ""text"": ""От де розкіш"", ""start"": 0, ""end"": 12}]"
f53a996ffaa16da8f14c47e8a93e7dd1b60fa565124b9f9f5c460dfb516b2aba,"Їв якось я панську страву – ні тобі квасолі , ні тобі бурячків , та й м’яса катма – сама вода та капуста кисла , щі називається .",[],"[{""label"": ""ART"", ""text"": ""панську страву"", ""start"": 11, ""end"": 25}, {""label"": ""MISC"", ""text"": ""квасолі"", ""start"": 36, ""end"": 43}, {""label"": ""MISC"", ""text"": ""бурячків"", ""start"": 54, ""end"": 62}, {""label"": ""ART"", ""text"": ""м’яса катма"", ""start"": 70, ""end"": 81}, {""label"": ""MISC"", ""text"": ""щі"", ""start"": 113, ""end"": 115}]"
99fecf18db68b39e07b7e831b395a4963b99a3050b7a0379a13574aa51b6b728,"Тим-то ті пани такі худі та нещасні , та ще й хусточкою носи витирають – геть у всіх нежить , бо часнику не їдять !",[],"[{""label"": ""PERS"", ""text"": ""пани"", ""start"": 10, ""end"": 14}, {""label"": ""MISC"", ""text"": ""хусточкою"", ""start"": 46, ""end"": 55}, {""label"": ""ART"", ""text"": ""часнику"", ""start"": 97, ""end"": 104}]"
96952d4bb658e4f633286802f675e0e2f90e86b035dbbe8fdc1d04969b4bff58,"Так от , поки жінки там пораються , то чоловіки у корчмі думають , як далі жити .",[],"[{""label"": ""PERS"", ""text"": ""жінки"", ""start"": 14, ""end"": 19}, {""label"": ""PERS"", ""text"": ""чоловіки"", ""start"": 39, ""end"": 47}, {""label"": ""LOC"", ""text"": ""корчмі"", ""start"": 50, ""end"": 56}]"
1d247291c1a402ec3f6a43579c100cd65a0c8f2764ec761fa6204fe47f1445c6,"А корчма у нас у селі вдатна , дарма що стріха протікає – то ж тільки в дощ .",[],"[{""label"": ""ORG"", ""text"": ""корчма"", ""start"": 2, ""end"": 8}, {""label"": ""LOC"", ""text"": ""селі"", ""start"": 17, ""end"": 21}]"
010be05d0af554eea560eac152a4b8b3faa066d4bd133216e9bbc54eb9b4101c,"На стінах намальовані картинки про козака Мамая та про лебедів , та ще про дівчину з відром коло криниці , а далі то я вже й не згадаю .","[{""label"": ""PERS"", ""text"": ""Мамая""}]","[{""label"": ""MISC"", ""text"": ""картинки"", ""start"": 22, ""end"": 30}, {""label"": ""PERS"", ""text"": ""козака Мамая"", ""start"": 35, ""end"": 47}, {""label"": ""ART"", ""text"": ""лебедів"", ""start"": 55, ""end"": 62}, {""label"": ""MISC"", ""text"": ""відром"", ""start"": 85, ""end"": 91}, {""label"": ""LOC"", ""text"": ""коло криниці"", ""start"": 92, ""end"": 104}, {""label"": ""PERS"", ""text"": ""я"", ""start"": 117, ""end"": 118}]"
68bc80c58523b768ffb93a9292694f655b0dc29a2bf7fb2002ed00e2cff93614,"Такої корчми не те що в Сорокотягах чи Охматові , ба навіть у Києві немає .","[{""label"": ""LOC"", ""text"": ""Сорокотягах""}, {""label"": ""LOC"", ""text"": ""Охматові""}, {""label"": ""LOC"", ""text"": ""Києві""}]","[{""label"": ""ORG"", ""text"": ""корчми"", ""start"": 6, ""end"": 12}, {""label"": ""LOC"", ""text"": ""Сорокотягах"", ""start"": 24, ""end"": 35}, {""label"": ""LOC"", ""text"": ""Охматові"", ""start"": 39, ""end"": 47}, {""label"": ""LOC"", ""text"": ""Києві"", ""start"": 62, ""end"": 67}]"
008b6ffc1602cd2aca1dcb03c5f65dc25c7563fd0537250a7d0bb0e294995c1e,"За Петербург не скажу – мабуть , для цариці таку й збудували , та все одно такого корчмаря , як наш жид Лейба , і в цариці немає .","[{""label"": ""LOC"", ""text"": ""Петербург""}, {""label"": ""JOB"", ""text"": ""корчмаря""}, {""label"": ""PERS"", ""text"": ""Лейба""}]","[{""label"": ""LOC"", ""text"": ""Петербург"", ""start"": 3, ""end"": 12}, {""label"": ""PERS"", ""text"": ""цариці"", ""start"": 37, ""end"": 43}, {""label"": ""JOB"", ""text"": ""корчмаря"", ""start"": 82, ""end"": 90}, {""label"": ""PERS"", ""text"": ""Лейба"", ""start"": 104, ""end"": 109}, {""label"": ""PERS"", ""text"": ""цариці"", ""start"": 116, ""end"": 122}]"
47b3f7abb9584f514887e8c25235daf90ddaa9cbd07446e064168737367f3b67,"А Лейба у нас – ото вже хитрий як лис , ото вже спритний , ото вже вдатний до комерції .","[{""label"": ""PERS"", ""text"": ""Лейба""}]","[{""label"": ""PERS"", ""text"": ""Лейба"", ""start"": 2, ""end"": 7}, {""label"": ""MISC"", ""text"": ""комерції"", ""start"": 78, ""end"": 86}]"
85dce457a5b3a181f89e1e6fbc3e3b36185bafd90c7da5b1e1071d7189a43764,"Сам худенький і гнучкий , хвартушок у нього був синій , штанці чорні , ярмулка біленька , а борода і пейси довгі , чорні та кучеряві .",[],"[{""label"": ""PERS"", ""text"": ""Сам"", ""start"": 0, ""end"": 3}, {""label"": ""ART"", ""text"": ""хвартушок"", ""start"": 26, ""end"": 35}, {""label"": ""ART"", ""text"": ""штанці чорні"", ""start"": 56, ""end"": 68}, {""label"": ""ART"", ""text"": ""ярмулка біленька"", ""start"": 71, ""end"": 87}]"
b710084e33de7f28caa46c04c4ca02a6db13802203e7a178df2e0fcbd1acc2ec,"Сім’я у Лейби велика – дружина Сара та шестеро кучерявих хлопчиків , любить їх дуже .","[{""label"": ""PERS"", ""text"": ""Лейби""}, {""label"": ""PERS"", ""text"": ""Сара""}]","[{""label"": ""ORG"", ""text"": ""Сім’я"", ""start"": 0, ""end"": 5}, {""label"": ""LOC"", ""text"": ""Лейби"", ""start"": 8, ""end"": 13}, {""label"": ""PERS"", ""text"": ""Сара"", ""start"": 31, ""end"": 35}, {""label"": ""QUANT"", ""text"": ""шестеро кучерявих хлопчиків"", ""start"": 39, ""end"": 66}]"
6e26ab6be0f10a905d0f6eb08b20464e226078b5c5fe4e83d12add96dfe9181f,Живе Лейба щасливо і в достатку .,"[{""label"": ""PERS"", ""text"": ""Лейба""}]","[{""label"": ""PERS"", ""text"": ""Лейба"", ""start"": 5, ""end"": 10}]"
9ff9fc8e20bcf321a820839d9683363b15bcbc3a69cdd9cbf748453336fc23b9,"Село було велике , багате , чумацьке , грошенята водяться , та ще й Ромоданівський шлях поруч – от і корчма завжди повнісінька .","[{""label"": ""LOC"", ""text"": ""Ромоданівський шлях""}]","[{""label"": ""LOC"", ""text"": ""Село"", ""start"": 0, ""end"": 4}, {""label"": ""MISC"", ""text"": ""чумацьке"", ""start"": 28, ""end"": 36}, {""label"": ""MISC"", ""text"": ""грошенята"", ""start"": 39, ""end"": 48}, {""label"": ""LOC"", ""text"": ""Ромоданівський шлях"", ""start"": 68, ""end"": 87}, {""label"": ""MISC"", ""text"": ""корчма"", ""start"": 101, ""end"": 107}]"
8d0005e07ded35cc83e2a4aa0976608bed18f929fd0fc114b30d2b68a4d6c8f4,"А що чумаки все роблять справно і звикли діло до кінця доводити , то й гуляють у корчмі до кінця – аж поки всі гроші пропивають , ще й кожухи та чоботи жидові залишають .",[],"[{""label"": ""JOB"", ""text"": ""чумаки"", ""start"": 5, ""end"": 11}, {""label"": ""LOC"", ""text"": ""корчмі"", ""start"": 81, ""end"": 87}, {""label"": ""MON"", ""text"": ""гроші"", ""start"": 111, ""end"": 116}, {""label"": ""ART"", ""text"": ""кожухи та чоботи"", ""start"": 135, ""end"": 151}, {""label"": ""PERS"", ""text"": ""жидові"", ""start"": 152, ""end"": 158}]"
212a46f217a2c52ae74adc2f4432412648fe0f167cd1d84f9d56d709ddc38946,Це ж про таких співають : « Несу таляра золотого викупить коня вороного » .,[],"[{""label"": ""ART"", ""text"": ""Несу таляра золотого"", ""start"": 28, ""end"": 48}, {""label"": ""ART"", ""text"": ""коня вороного"", ""start"": 58, ""end"": 71}]"
8030689d5b7f220f796479637873e5b72b31dd7836592368d8af3014b4db96ec,"Та на Лейбу ніхто зла не тримав , бо годує він смачно , а горілка його добра та міцна .","[{""label"": ""PERS"", ""text"": ""Лейбу""}]","[{""label"": ""PERS"", ""text"": ""Лейбу"", ""start"": 6, ""end"": 11}, {""label"": ""ART"", ""text"": ""горілка"", ""start"": 58, ""end"": 65}]"
604d6bbe700a38926770af5ed2453cfb92bf04c720403d945098993b43a0de2a,"І коли , бувало , жінка плачучи тягла свого чоловіка з корчми додому і все допитувалась :",[],"[{""label"": ""PERS"", ""text"": ""жінка"", ""start"": 18, ""end"": 23}, {""label"": ""PERS"", ""text"": ""чоловіка"", ""start"": 44, ""end"": 52}, {""label"": ""ORG"", ""text"": ""корчми"", ""start"": 55, ""end"": 61}]"
28f9f28672de219912b3b1ea5fb39918145734aa1bc7c74ce5bbec9b28577ed5,"- І чого ж ти , гироде , ту горілку п’єш ?!",[],"[{""label"": ""PERS"", ""text"": ""гироде"", ""start"": 16, ""end"": 22}]"
779e22dd1e7ec59de161117a4057f627a7cfa4fb63aae6b739d7abe854f7c0c6,То чумак відповідав :,[],"[{""label"": ""PERS"", ""text"": ""чумак"", ""start"": 3, ""end"": 8}]"
8b9f17f31e59742400110e410486bffc2a3b0a46225b8143286b49437a7f4958,- П’ю – бо рідка .,[],"[{""label"": ""JOB"", ""text"": ""П’ю – бо рідка"", ""start"": 2, ""end"": 16}]"
da2ba7e25412b5ab448e4fa4d1526ff1c907074e0fa244295d6bc55ab643baea,Була б тверда – то я б її гриз !,[],[]
aa5a7b9a75cc3b1fe24b34cb2c259b514cd897289b89789d9864b7e4e1f48595,"І так Лейба усе багатів і грошики складав , аж тут цариця видала указ про монопольку – щоб ніхто своєю горілкою не торгував , а тільки царською монополькою .","[{""label"": ""PERS"", ""text"": ""Лейба""}, {""label"": ""DOC"", ""text"": ""указ про монопольку""}]","[{""label"": ""PERS"", ""text"": ""Лейба"", ""start"": 6, ""end"": 11}, {""label"": ""MON"", ""text"": ""грошики"", ""start"": 26, ""end"": 33}, {""label"": ""PERS"", ""text"": ""цариця"", ""start"": 51, ""end"": 57}, {""label"": ""ORG"", ""text"": ""монопольку"", ""start"": 74, ""end"": 84}, {""label"": ""ORG"", ""text"": ""царською монополькою"", ""start"": 135, ""end"": 155}]"
28edb82dfc61d4a52b91e99e02601f6ab23c8cbd042d24a6cc3077e23e856da6,"Тут у Лейби комерція не пішла , бо з’їдять хлопці на копійку , а вип’ють на карбованець .","[{""label"": ""PERS"", ""text"": ""Лейби""}, {""label"": ""MON"", ""text"": ""карбованець""}]","[{""label"": ""LOC"", ""text"": ""Лейби"", ""start"": 6, ""end"": 11}, {""label"": ""ORG"", ""text"": ""комерція"", ""start"": 12, ""end"": 20}, {""label"": ""PERS"", ""text"": ""хлопці"", ""start"": 43, ""end"": 49}, {""label"": ""ART"", ""text"": ""копійку"", ""start"": 53, ""end"": 60}, {""label"": ""MON"", ""text"": ""карбованець"", ""start"": 76, ""end"": 87}]"
4f8375982856cafb342734325566d46f0e488d536ae463809c278a95fc804dba,"А карбованець уже не Лейбі , а цариці йде .","[{""label"": ""MON"", ""text"": ""карбованець""}, {""label"": ""PERS"", ""text"": ""Лейбі""}]","[{""label"": ""MON"", ""text"": ""карбованець"", ""start"": 2, ""end"": 13}, {""label"": ""PERS"", ""text"": ""Лейбі"", ""start"": 21, ""end"": 26}, {""label"": ""PERS"", ""text"": ""цариці"", ""start"": 31, ""end"": 37}]"
00a086b0517a81b54b390e7e3236c9f5bbefb9c3e755c62ed6c05eb8a7a9fffd,"Ото вже цариця з нашої корчми і забагатіла , – був я у Петербурзі , то бачив , які вона палаци за нашу горілку набудувала .","[{""label"": ""LOC"", ""text"": ""Петербурзі""}]","[{""label"": ""PERS"", ""text"": ""цариця"", ""start"": 8, ""end"": 14}, {""label"": ""ORG"", ""text"": ""нашої корчми"", ""start"": 17, ""end"": 29}, {""label"": ""LOC"", ""text"": ""Петербурзі"", ""start"": 55, ""end"": 65}, {""label"": ""ART"", ""text"": ""палаци"", ""start"": 88, ""end"": 94}]"
0bd6efe45067e43d442505ee8dba35168aa4fe54c71cbc42a73502ada91ffef9,"Поторгував так Лейба , поторгував і бачить , що діла не буде , нема гешефту : треба нищечком торгувати своєю горілочкою .","[{""label"": ""PERS"", ""text"": ""Лейба""}]","[{""label"": ""PERS"", ""text"": ""Лейба"", ""start"": 15, ""end"": 20}]"
a6f0140e2a5a4b0e563a33308c9e10f5895fbc734937b8aeb6a3cca1e205c74c,"Але , як на те , унадився засідатель до корчми із перевірками .",[],"[{""label"": ""JOB"", ""text"": ""засідатель"", ""start"": 26, ""end"": 36}]"
49c6cbd809f86bb03be9d2083294f403e22e5835a61588053e48f281c5b7ac19,"День через день у наше село їде , та зразу ж до корчми горілку нюхати – чи Лейба монополькою торгує , чи свою виставляє .","[{""label"": ""PERS"", ""text"": ""Лейба""}]","[{""label"": ""PERIOD"", ""text"": ""День через день"", ""start"": 0, ""end"": 15}, {""label"": ""LOC"", ""text"": ""наше село"", ""start"": 18, ""end"": 27}, {""label"": ""PERS"", ""text"": ""Лейба"", ""start"": 75, ""end"": 80}]"
38cdc7ffd566fd5ec058f7bc46c8933cef6181ba38ec1716fbd84148ae168db8,"Як спіймає Лейбу , то штраф накладає , та ще й наїсться від пуза і з собою прихопить .","[{""label"": ""PERS"", ""text"": ""Лейбу""}]","[{""label"": ""PERS"", ""text"": ""Лейбу"", ""start"": 11, ""end"": 16}]"
8ba8f85290f085d001782081615fabdc83f34e477e6b0616aca327b6c697c0b9,"Ото Лейба тільки почує дзвіночок на дузі засідательської брички – зараз кидається свою горілку ховати , та ще й Сару гукне , бо як не встигне – біда .","[{""label"": ""PERS"", ""text"": ""Лейба""}, {""label"": ""PERS"", ""text"": ""Сару""}]","[{""label"": ""PERS"", ""text"": ""Ото Лейба"", ""start"": 0, ""end"": 9}, {""label"": ""ART"", ""text"": ""дзвіночок"", ""start"": 23, ""end"": 32}, {""label"": ""PERS"", ""text"": ""Сару"", ""start"": 112, ""end"": 116}]"
999c90b48048650c49381761fe8a43c295fa4170a6835adfbdf3e3bd194ca8fa,"А у засідателя ніс довгий , – все одно знаходить .",[],"[{""label"": ""PERS"", ""text"": ""засідателя"", ""start"": 4, ""end"": 14}]"
9181a7fff39bf846b53daf63f56af22afc0edf28a13d92007a620cc723638b85,Зовсім не стало Лейбі життя за тим гемонським засідателем .,"[{""label"": ""PERS"", ""text"": ""Лейбі""}]","[{""label"": ""PERS"", ""text"": ""Лейбі"", ""start"": 16, ""end"": 21}, {""label"": ""JOB"", ""text"": ""гемонським засідателем"", ""start"": 35, ""end"": 57}]"
ef38ed04453bf3ee92205ff0b6f711adfceaedd0ed282130515e723ba6671039,"Але ж казав я , що й у цариці такого корчмаря , як наш жид Лейба , немає – таки вигадав він штуку , щоб грошенят заробляти і засідателю не платити .","[{""label"": ""JOB"", ""text"": ""корчмаря""}, {""label"": ""PERS"", ""text"": ""Лейба""}]","[{""label"": ""JOB"", ""text"": ""корчмаря"", ""start"": 37, ""end"": 45}, {""label"": ""PERS"", ""text"": ""наш жид Лейба"", ""start"": 51, ""end"": 64}, {""label"": ""ART"", ""text"": ""штуку"", ""start"": 92, ""end"": 97}, {""label"": ""JOB"", ""text"": ""засідателю"", ""start"": 125, ""end"": 135}]"
626b1cf56bf9cb9fcf24e0d0358cfcabf94164454262d220197affe2d3a8deb9,"Придумав він таке : хто вип’є око горілки ( це велика гранчаста пляшка , трошки менша за літр ) , з’їсть цілу хлібину , а потім закусить нечищеним оселедцем , та ще й на додачу зжує добрий жмут сіна , той за все це нічого не платить .","[{""label"": ""QUANT"", ""text"": ""літр""}]","[{""label"": ""PERS"", ""text"": ""він"", ""start"": 9, ""end"": 12}, {""label"": ""ART"", ""text"": ""око горілки"", ""start"": 30, ""end"": 41}, {""label"": ""ART"", ""text"": ""велика гранчаста пляшка"", ""start"": 47, ""end"": 70}, {""label"": ""ART"", ""text"": ""цілу хлібину"", ""start"": 105, ""end"": 117}, {""label"": ""ART"", ""text"": ""нечищеним оселедцем"", ""start"": 137, ""end"": 156}, {""label"": ""ART"", ""text"": ""добрий жмут сіна"", ""start"": 182, ""end"": 198}]"
78496d78788e92e20fbd01a3e03965c5e5bcfc2d7364914b93fc3e9287856309,"Але все те – і горілку , і хліб , і оселедець , і сіно – треба з’їсти без помочі рук !",[],"[{""label"": ""ART"", ""text"": ""горілку"", ""start"": 15, ""end"": 22}, {""label"": ""ART"", ""text"": ""хліб"", ""start"": 27, ""end"": 31}, {""label"": ""MISC"", ""text"": ""оселедець"", ""start"": 36, ""end"": 45}, {""label"": ""MISC"", ""text"": ""сіно"", ""start"": 50, ""end"": 54}]"
d06577515e800053078c4addb4a15d000edc3b3a89c8158698a6042729bb1afc,"А хто щось не доїсть , чи не доп’є , чи рукою притримає , той платить Лейбі втричі більше .","[{""label"": ""PERS"", ""text"": ""Лейбі""}]","[{""label"": ""PERS"", ""text"": ""Лейбі"", ""start"": 70, ""end"": 75}, {""label"": ""PCT"", ""text"": ""втричі більше"", ""start"": 76, ""end"": 89}]"
60b62a88d15f3d7a65086d56c250394b85f5f4b9406c7ce3a91185a1707754cd,І почалися в нашій корчмі змагання !,[],"[{""label"": ""LOC"", ""text"": ""нашій корчмі"", ""start"": 13, ""end"": 25}]"
9f4c1d130fc2a703a64ce12cab4d12301aa65f97153c5be9b171dc858da6deed,Що вже дядьки пробували на дурничку в жида виграти !,[],"[{""label"": ""PERS"", ""text"": ""дурничку"", ""start"": 27, ""end"": 35}]"
2514286b7cc7a3f8130dd1173c27d001560d4f2b243ade8a5a4aadf58f9b9a9f,Але зась !,[],[]
4cbb4656e0fae8e64d65118797146179f48189e87d5987827962344854fe9e4f,"Хто горілку вип’є , та не подужає хлібину з’їсти , хто хліб з’їсть , а решту покине , хто рукою мацне притримати – усі Лейбі гроші віддавали .","[{""label"": ""PERS"", ""text"": ""Лейбі""}]","[{""label"": ""ART"", ""text"": ""горілку"", ""start"": 4, ""end"": 11}, {""label"": ""PERS"", ""text"": ""Лейбі"", ""start"": 119, ""end"": 124}, {""label"": ""MON"", ""text"": ""гроші"", ""start"": 125, ""end"": 130}]"
f8069d4911796b162c90a4cac8ba9ba419f5c3f4719a8d0254f0238bb1eae354,"Уже і з сусідніх сіл чоловіки про те довідалися – приходили свого пияцького щастя спробувати , та всі корчмареві хитрому втричі платили .",[],"[{""label"": ""LOC"", ""text"": ""сусідніх сіл"", ""start"": 8, ""end"": 20}, {""label"": ""PERS"", ""text"": ""чоловіки"", ""start"": 21, ""end"": 29}]"
dcf385578a8af96ef0dd836d13fffda683697ca62ace84f01465a3e5b8e221ec,Хто тільки не пробував – усі програвали .,[],[]
4209d06d25decebbf8b951c8ae57a0600a3298a132d3156ad71a3e5c4beac50b,"Сидять чумаки та й журяться : невже серед нас немає молодця , щоб у жида виграв ?",[],"[{""label"": ""JOB"", ""text"": ""чумаки"", ""start"": 7, ""end"": 13}, {""label"": ""PERS"", ""text"": ""молодця"", ""start"": 52, ""end"": 59}]"
ef59b9888ca47820db94b472d83ad865e735144661b1a4358ecf6fef4081f354,А той тільки сміється та карбованці рахує .,[],"[{""label"": ""PERS"", ""text"": ""А той"", ""start"": 0, ""end"": 5}, {""label"": ""MON"", ""text"": ""карбованці"", ""start"": 25, ""end"": 35}]"
47f4b19420cd900002cfcab9c30dc3b6847004dce309c95b9f275a8aa19239d9,"Аж якось Іван Гиба – чоловік великий і дужий , що Лейбі програв кожуха і новісіньку сорочку , – згадав , що на хуторі за Дерижполем живе такий собі Пудик .","[{""label"": ""PERS"", ""text"": ""Іван Гиба""}, {""label"": ""PERS"", ""text"": ""Лейбі""}, {""label"": ""LOC"", ""text"": ""Дерижполем""}, {""label"": ""PERS"", ""text"": ""Пудик""}]","[{""label"": ""PERS"", ""text"": ""Іван Гиба"", ""start"": 9, ""end"": 18}, {""label"": ""PERS"", ""text"": ""Лейбі"", ""start"": 50, ""end"": 55}, {""label"": ""ART"", ""text"": ""кожуха"", ""start"": 64, ""end"": 70}, {""label"": ""ART"", ""text"": ""новісіньку сорочку"", ""start"": 73, ""end"": 91}, {""label"": ""LOC"", ""text"": ""хуторі за Дерижполем"", ""start"": 111, ""end"": 131}, {""label"": ""PERS"", ""text"": ""Пудик"", ""start"": 148, ""end"": 153}]"
5e78df5a2cfd3db138c0c31eed9e978874033020e4ccaa3ca882b79c1762b030,"Як там його насправді звали , ніхто і не пам’ятав .",[],[]
cd6c4a4e31d1242e6d4d3f070b8b9b0c1dd5bdfca980bc60541786501d116d50,"А Пудиком назвали , бо , кажуть , міг він за одним разом пуд з’їсти .","[{""label"": ""PERS"", ""text"": ""Пудиком""}]","[{""label"": ""PERS"", ""text"": ""Пудиком"", ""start"": 2, ""end"": 9}, {""label"": ""ART"", ""text"": ""пуд"", ""start"": 57, ""end"": 60}]"
f5946221139373dc182ae0a68a1985f6146f612d5b483abf320523f9029f8c72,"До корчми не ходив , бо жінка не пускала – колись він п’яний з корчми вертав , та заснув на межі , а ноги вклав на межовий камінь .",[],"[{""label"": ""LOC"", ""text"": ""корчми"", ""start"": 3, ""end"": 9}, {""label"": ""PERS"", ""text"": ""жінка"", ""start"": 24, ""end"": 29}, {""label"": ""PERS"", ""text"": ""він"", ""start"": 50, ""end"": 53}, {""label"": ""LOC"", ""text"": ""корчми"", ""start"": 63, ""end"": 69}, {""label"": ""ART"", ""text"": ""межовий камінь"", ""start"": 115, ""end"": 129}]"
e9e3447e33c664dce89dd37af2108d4ae1c233dc7abf30d1d5765fdd286a6833,"Якраз ішов циган із Сорокотяг у Конелу , бачить – добрі чоботи , та давай стягати .","[{""label"": ""LOC"", ""text"": ""Сорокотяг""}, {""label"": ""LOC"", ""text"": ""Конелу""}]","[{""label"": ""PERS"", ""text"": ""циган"", ""start"": 11, ""end"": 16}, {""label"": ""LOC"", ""text"": ""Сорокотяг"", ""start"": 20, ""end"": 29}, {""label"": ""LOC"", ""text"": ""Конелу"", ""start"": 32, ""end"": 38}, {""label"": ""ART"", ""text"": ""добрі чоботи"", ""start"": 50, ""end"": 62}]"
11d6826c1f61467265aadf3ba15b2ba54bec5cd92cfe02f34ff09de79caa0710,А Пудик ще й приказує :,"[{""label"": ""PERS"", ""text"": ""Пудик""}]","[{""label"": ""PERS"", ""text"": ""Пудик"", ""start"": 2, ""end"": 7}]"
5c87e913feeecb0dababb5ac4492295ff9e5b3f8dc943da424ff97f27dce81d7,"- Добре , жінко , давай роззувай чоловіка , бо щось я втомився , у корчмі п’ючи .",[],"[{""label"": ""PERS"", ""text"": ""жінко"", ""start"": 10, ""end"": 15}, {""label"": ""PERS"", ""text"": ""чоловіка"", ""start"": 33, ""end"": 41}, {""label"": ""LOC"", ""text"": ""корчмі"", ""start"": 67, ""end"": 73}]"
f321f44fbc26d1fe9a1213e10b1a5631e25f7d23b435e7bf2bdb35b58d03beb2,Так відтоді Пудик до корчми не показувався .,"[{""label"": ""PERS"", ""text"": ""Пудик""}]","[{""label"": ""PERS"", ""text"": ""Пудик"", ""start"": 12, ""end"": 17}, {""label"": ""LOC"", ""text"": ""корчми"", ""start"": 21, ""end"": 27}]"
1b1ec06e23d0f32655de94cb5bbb46f08bd3156d83d3046718096bee8e191f7d,"Розказав Гиба про Пудика , і вирішили чумаки по нього сходити і в корчму привести , бо більш нема кому в корчмаря виграти .","[{""label"": ""PERS"", ""text"": ""Гиба""}, {""label"": ""PERS"", ""text"": ""Пудика""}, {""label"": ""JOB"", ""text"": ""корчмаря""}]","[{""label"": ""PERS"", ""text"": ""Гиба"", ""start"": 9, ""end"": 13}, {""label"": ""PERS"", ""text"": ""Пудика"", ""start"": 18, ""end"": 24}, {""label"": ""JOB"", ""text"": ""чумаки"", ""start"": 38, ""end"": 44}, {""label"": ""LOC"", ""text"": ""корчму"", ""start"": 66, ""end"": 72}, {""label"": ""JOB"", ""text"": ""корчмаря"", ""start"": 105, ""end"": 113}]"
f356451c645a032fca0fd79675fce02e2384029625da4159a7ccfad08e996dac,"Пішли Іван Гиба , Семен Сорока й дядько Тимухтей , взяли Пудика за чемери – і як був він у сорочці і штанях , так до корчми і притягли городами , щоб жінка не побачила .","[{""label"": ""PERS"", ""text"": ""Іван Гиба""}, {""label"": ""PERS"", ""text"": ""Семен Сорока""}, {""label"": ""PERS"", ""text"": ""Тимухтей""}, {""label"": ""PERS"", ""text"": ""Пудика""}]","[{""label"": ""PERS"", ""text"": ""Іван Гиба"", ""start"": 6, ""end"": 15}, {""label"": ""PERS"", ""text"": ""Семен Сорока"", ""start"": 18, ""end"": 30}, {""label"": ""PERS"", ""text"": ""дядько Тимухтей"", ""start"": 33, ""end"": 48}, {""label"": ""PERS"", ""text"": ""Пудика"", ""start"": 57, ""end"": 63}, {""label"": ""MISC"", ""text"": ""чемери"", ""start"": 67, ""end"": 73}, {""label"": ""ART"", ""text"": ""сорочці і штанях"", ""start"": 91, ""end"": 107}, {""label"": ""LOC"", ""text"": ""корчми"", ""start"": 117, ""end"": 123}, {""label"": ""LOC"", ""text"": ""городами"", ""start"": 135, ""end"": 143}]"
5cea92c489d7ca6f361ba85cbb6d4a84f6263adebc9608170d794cb645f0e4d7,"Стоїть Пудик , низенький , товстенький , сорочка дьогтем вимазана , щоб воші не кусали , а Лейба сміється з нього і на стіл виставляє горілку , хліб , нечищеного оселедця і великий жмут сіна . Ризики неповернення банківських депозитів спровокували зростання інвестицій у нерухомість .","[{""label"": ""PERS"", ""text"": ""Пудик""}, {""label"": ""PERS"", ""text"": ""Лейба""}]","[{""label"": ""PERS"", ""text"": ""Пудик"", ""start"": 7, ""end"": 12}, {""label"": ""MISC"", ""text"": ""сорочка"", ""start"": 41, ""end"": 48}, {""label"": ""PERS"", ""text"": ""Лейба"", ""start"": 91, ""end"": 96}, {""label"": ""ART"", ""text"": ""горілку"", ""start"": 134, ""end"": 141}, {""label"": ""ART"", ""text"": ""хліб"", ""start"": 144, ""end"": 148}, {""label"": ""ART"", ""text"": ""нечищеного оселедця"", ""start"": 151, ""end"": 170}, {""label"": ""ART"", ""text"": ""великий жмут сіна"", ""start"": 173, ""end"": 190}]"
fa68197800ab43b9d7aa85541accf8fd84fd3993ecc2cc859474ef74eaab802f,"Про це заявив директор проектної групи « Архиматика » Олександр ПОПОВ , пише ГолосUA .","[{""label"": ""JOB"", ""text"": ""директор""}, {""label"": ""ORG"", ""text"": ""Архиматика""}, {""label"": ""PERS"", ""text"": ""Олександр ПОПОВ""}, {""label"": ""ORG"", ""text"": ""ГолосUA""}]","[{""label"": ""JOB"", ""text"": ""директор"", ""start"": 14, ""end"": 22}, {""label"": ""ORG"", ""text"": ""Архиматика"", ""start"": 41, ""end"": 51}, {""label"": ""PERS"", ""text"": ""Олександр ПОПОВ"", ""start"": 54, ""end"": 69}]"
bf4e03464c1677fe3ebf986f125c60e03f5db9acbff1f73f66a0543582f7e059,"« Однією з тенденцій 2012 року можна назвати збільшення кількості інвесторів у нерухомість » , - вважає експерт .","[{""label"": ""DATE"", ""text"": ""2012 року""}]","[{""label"": ""PERIOD"", ""text"": ""2012 року"", ""start"": 21, ""end"": 30}, {""label"": ""MISC"", ""text"": ""нерухомість"", ""start"": 79, ""end"": 90}, {""label"": ""PERS"", ""text"": ""експерт"", ""start"": 104, ""end"": 111}]"
9ddde76326a8ddf4da11a7cde829bf627be916d1bd4bb256c6559e05fa85972a,"« Нестабільність у фінансовій сфері і , в першу чергу , ризики неповернення банківських депозитів збільшили число охочих інвестувати в квадратні метри » , - зазначив Олександр Попов .","[{""label"": ""PERS"", ""text"": ""Олександр Попов""}]","[{""label"": ""MISC"", ""text"": ""Нестабільність у фінансовій сфері"", ""start"": 2, ""end"": 35}, {""label"": ""MISC"", ""text"": ""ризики неповернення банківських депозитів"", ""start"": 56, ""end"": 97}, {""label"": ""QUANT"", ""text"": ""квадратні метри"", ""start"": 135, ""end"": 150}, {""label"": ""PERS"", ""text"": ""Олександр Попов"", ""start"": 166, ""end"": 181}]"
e981a6620444184a533048730d6ea6882fabb4244ca80177d73b1601563ac2b4,"За його словами , люди бояться тримати великі суми грошей вдома , а воліють вкладати свої фінанси у якісні пропозиції на первинному ринку , які точно не втратять у вартості , якщо людина , яка купила первинне житло , задумає його продати .",[],"[{""label"": ""PERS"", ""text"": ""люди"", ""start"": 18, ""end"": 22}, {""label"": ""MON"", ""text"": ""великі суми грошей"", ""start"": 39, ""end"": 57}, {""label"": ""ART"", ""text"": ""якісні пропозиції"", ""start"": 100, ""end"": 117}, {""label"": ""LOC"", ""text"": ""первинному ринку"", ""start"": 121, ""end"": 137}, {""label"": ""MON"", ""text"": ""вартості"", ""start"": 164, ""end"": 172}, {""label"": ""PERS"", ""text"": ""людина"", ""start"": 180, ""end"": 186}, {""label"": ""ART"", ""text"": ""первинне житло"", ""start"": 200, ""end"": 214}]"
a1153da0f52c4d57600cfdc8bf443d5813d37810714705f64efa18ed3396c366,"« За сприятливої кон'юнктури вартість купленого житла обіцяє значно вирости » , - упевнений експерт .",[],"[{""label"": ""MON"", ""text"": ""вартість купленого житла"", ""start"": 29, ""end"": 53}, {""label"": ""PERS"", ""text"": ""експерт"", ""start"": 92, ""end"": 99}]"
bb9101c73c21467bd6acb1b5bf36b867f6e8d0767d3c2502ab2f2bb6d42a516b,"Він також додав , що минулого року , як правило , всі забудовники дотримувалися своїх обіцянок щодо термінів закінчення будівництва і в основній своїй масі добудовували об'єкти вчасно .",[],"[{""label"": ""PERS"", ""text"": ""Він"", ""start"": 0, ""end"": 3}, {""label"": ""TIME"", ""text"": ""минулого року"", ""start"": 21, ""end"": 34}, {""label"": ""ORG"", ""text"": ""забудовники"", ""start"": 54, ""end"": 65}, {""label"": ""ART"", ""text"": ""об'єкти"", ""start"": 169, ""end"": 176}]"
017836597ed35cb40c41323c432cfd641f0070c00937b0ca182eaf37bdbedbc7,"Фахівці одного з найбільших забудовників м . Суми ТОВ « БВК « Компанія Федорченко » підтверджують : люди усвідомили , що найкращий спосіб зберегти свої заощадження – вкласти їх у нерухомість .","[{""label"": ""LOC"", ""text"": ""м . Суми""}, {""label"": ""ORG"", ""text"": ""ТОВ « БВК « Компанія Федорченко »""}]","[{""label"": ""LOC"", ""text"": ""м . Суми"", ""start"": 41, ""end"": 49}, {""label"": ""ORG"", ""text"": ""ТОВ « БВК « Компанія Федорченко »"", ""start"": 50, ""end"": 83}, {""label"": ""PERS"", ""text"": ""люди"", ""start"": 100, ""end"": 104}, {""label"": ""MISC"", ""text"": ""нерухомість"", ""start"": 179, ""end"": 190}]"
bb5ad066d3419f576bfce1ec03033180a5ee7117edf88fe7435d41c30956ffe5,"« Однокімнатна квартира коштує 200 тис . грн . Здаючи її в оренду , власник може отримати 7-10 % прибутку на рік .","[{""label"": ""MON"", ""text"": ""200 тис . грн .""}, {""label"": ""PCT"", ""text"": ""7-10 %""}]","[{""label"": ""ART"", ""text"": ""Однокімнатна квартира"", ""start"": 2, ""end"": 23}, {""label"": ""MON"", ""text"": ""200 тис . грн"", ""start"": 31, ""end"": 44}, {""label"": ""PERS"", ""text"": ""власник"", ""start"": 68, ""end"": 75}, {""label"": ""PCT"", ""text"": ""7-10 %"", ""start"": 90, ""end"": 96}]"
9ae3571cd3053d367f53ff2112da0ffaeb32a3ba8421235438b4401ea340810b,"Це такі ж відсотки , як і за депозитами у валюті .",[],"[{""label"": ""PCT"", ""text"": ""відсотки"", ""start"": 10, ""end"": 18}]"
642c2c958844086fbda88722f6ddd7e0dfd40202e2e4208d65ae552cd7385fc9,До того ж квартиру можна купити за вигідними програмами будівництва доступного житла і виплачувати її вартість поетапно .,[],"[{""label"": ""ART"", ""text"": ""квартиру"", ""start"": 10, ""end"": 18}, {""label"": ""ORG"", ""text"": ""вигідними програмами будівництва доступного житла"", ""start"": 35, ""end"": 84}, {""label"": ""MON"", ""text"": ""вартість"", ""start"": 102, ""end"": 110}, {""label"": ""PERIOD"", ""text"": ""поетапно"", ""start"": 111, ""end"": 119}]"
88f813441bd76b2cf82295a866dfb624e35856b3f481452617ebb3040fc978ba,"Перевага в тому , що поки людина виплачує кредит , ціна на житло залишається на одному рівні » , - підкреслив директор з маркетингу ТОВ « БВК « Компанія Федорченко » Віталій АВРАМЕНКО . Отак і почалося моє божевілля .","[{""label"": ""JOB"", ""text"": ""директор""}, {""label"": ""ORG"", ""text"": ""ТОВ « БВК « Компанія Федорченко »""}, {""label"": ""PERS"", ""text"": ""Віталій АВРАМЕНКО""}]","[{""label"": ""PERS"", ""text"": ""людина"", ""start"": 26, ""end"": 32}, {""label"": ""JOB"", ""text"": ""директор з маркетингу"", ""start"": 110, ""end"": 131}, {""label"": ""ORG"", ""text"": ""ТОВ « БВК « Компанія Федорченко »"", ""start"": 132, ""end"": 165}, {""label"": ""PERS"", ""text"": ""Віталій АВРАМЕНКО"", ""start"": 166, ""end"": 183}]"
42b472adbfb93e572b614e87cc0b631af4931c159e5ac79aa7008be156ad09b4,"Не знав , де Іра живе , не знав навіть її прізвища та по батькові , отже шукати її в Києві хоч би через телефонні довідники та адресні столи — річ марна .","[{""label"": ""PERS"", ""text"": ""Іра""}, {""label"": ""LOC"", ""text"": ""Києві""}]","[{""label"": ""PERS"", ""text"": ""Іра"", ""start"": 13, ""end"": 16}, {""label"": ""LOC"", ""text"": ""Києві"", ""start"": 85, ""end"": 90}, {""label"": ""ART"", ""text"": ""телефонні довідники"", ""start"": 104, ""end"": 123}]"
6167c650f40a8d76c0398748d39a16f4bd73a3573fba3a2989329721592a5c65,"Сподіватися на ще одну випадковість було б так само безумом , бо де її знайти в цьому мурашнику ?",[],[]
f8977e829432802cb6aaf20a55fa8626f0d9a3a5684cf63a636f4f8947cb8f66,"Відшукати її мав сам , забувши власні дурні принципи незавойовництва , але коли дівчина продовжити зі мною спілкування не бажає , наївно міркував я , то чи маю їй надокучати ?",[],"[{""label"": ""PERS"", ""text"": ""її"", ""start"": 10, ""end"": 12}, {""label"": ""PERS"", ""text"": ""сам"", ""start"": 17, ""end"": 20}, {""label"": ""PERS"", ""text"": ""дівчина"", ""start"": 80, ""end"": 87}, {""label"": ""PERS"", ""text"": ""я"", ""start"": 146, ""end"": 147}]"
6cc5ff6e3a10fba2e1fa5f68e3651d94fc27dfbe0eeb34b664a2717b0da9ec8b,"Хто я такий , добре відала , окрім того , я висловив відверто бажання дальших зустрічей ; відповіла на те цілком виразно й недвозначно : « Ні ! »",[],"[{""label"": ""PERS"", ""text"": ""Хто я такий"", ""start"": 0, ""end"": 11}, {""label"": ""PERS"", ""text"": ""окрім того"", ""start"": 29, ""end"": 39}, {""label"": ""PERS"", ""text"": ""я"", ""start"": 42, ""end"": 43}]"
5fe98c881fba9865c31a8a03d0fd42f37b8f56b1705ca5fd1aa4ade46216a793,"Отже , тобі , молодче , піднесено гарбуза , і чи такий ти ідіот , щоб на те не зважати , і чи такий позбавлений гордості , аби з цього не уразитись ?",[],"[{""label"": ""PERS"", ""text"": ""молодче"", ""start"": 14, ""end"": 21}, {""label"": ""ART"", ""text"": ""гарбуза"", ""start"": 34, ""end"": 41}]"
5f89e096e495516bc07976dada3ea8d9c768cc42ce86fa049435e74212202a37,"Але був іще той невідривний з'єднаний погляд , який увіч мене провокував ; здається , саме тоді мені й закинуто в душу те насіння чи бацили , які оце й проросли .",[],"[{""label"": ""PERS"", ""text"": ""мене"", ""start"": 57, ""end"": 61}, {""label"": ""PERS"", ""text"": ""мені"", ""start"": 96, ""end"": 100}, {""label"": ""ART"", ""text"": ""насіння чи бацили"", ""start"": 122, ""end"": 139}]"
d6983d6bb5feac48eb508e05c6b0b2028c0856b17b4babfb33f68df9d30bd6ba,А що це значило ?,[],[]
92726439876e26a6d77871669590df4d4c3022d89ed12febb69f80e09f537f2e,"Тільки те , що порядна дівчина ніколи не згоджується на любовну пропозицію з першого разу , я це знав , хоча й був ще непорочний .",[],"[{""label"": ""PERS"", ""text"": ""порядна дівчина"", ""start"": 15, ""end"": 30}, {""label"": ""PERS"", ""text"": ""я"", ""start"": 92, ""end"": 93}]"
7c7e28ee0e461f397a185ba0df6f7685c6a5030094f7ebfdfb948184f7aa6fdc,"І це тим більше було ймовірно , бо всі нитки між нами не обірвано , і це вона також мала чудово знати .",[],"[{""label"": ""PERS"", ""text"": ""вона"", ""start"": 73, ""end"": 77}]"
e5bbf4133fab61c99396f43de575fced7c527b3b140ae46f7bc948829e27255d,"Лишалося їх дві : електричка , в якій щодня їздить на місце роботи , а друге — станція , де працювала у школі , а школа там була лише одна , щонайбільше дві .",[],"[{""label"": ""QUANT"", ""text"": ""дві"", ""start"": 12, ""end"": 15}, {""label"": ""ART"", ""text"": ""електричка"", ""start"": 18, ""end"": 28}, {""label"": ""LOC"", ""text"": ""місце роботи"", ""start"": 54, ""end"": 66}, {""label"": ""LOC"", ""text"": ""станція"", ""start"": 79, ""end"": 86}, {""label"": ""ORG"", ""text"": ""школі"", ""start"": 104, ""end"": 109}, {""label"": ""ORG"", ""text"": ""школа"", ""start"": 114, ""end"": 119}, {""label"": ""QUANT"", ""text"": ""дві"", ""start"": 153, ""end"": 156}]"
f7a9d0b7cca9be014502d5c14a1253117555b000e18b409318412207705bfd16,"Правда , остання річ могла бути непевна , тобто інформацію дівчина , як це заведено в їхньому племені , могла подати неправильну .",[],"[{""label"": ""ART"", ""text"": ""остання річ"", ""start"": 9, ""end"": 20}, {""label"": ""PERS"", ""text"": ""дівчина"", ""start"": 59, ""end"": 66}, {""label"": ""LOC"", ""text"": ""їхньому племені"", ""start"": 86, ""end"": 101}]"
4f6fd890394af7a0e73f99707036a63507eeb56a5c91b34b34be043cfb173c57,"Одно напевне : та станція і справді далі від моєї , коли міряти від Києва , отож я мав би перевірити їх всі на цьому проміжку .","[{""label"": ""LOC"", ""text"": ""Києва""}]","[{""label"": ""LOC"", ""text"": ""та станція"", ""start"": 15, ""end"": 25}, {""label"": ""LOC"", ""text"": ""Києва"", ""start"": 68, ""end"": 73}, {""label"": ""PERS"", ""text"": ""я"", ""start"": 81, ""end"": 82}, {""label"": ""PERIOD"", ""text"": ""цьому проміжку"", ""start"": 111, ""end"": 125}]"
a63640c9e6d508499d782dce8afd61e2ef04e53554548633585e0163e292db9c,"Але вчинити це не просто , адже зайнятий роботою саме тоді , коли працює й вона .",[],"[{""label"": ""JOB"", ""text"": ""зайнятий роботою"", ""start"": 32, ""end"": 48}, {""label"": ""PERS"", ""text"": ""вона"", ""start"": 75, ""end"": 79}]"
260768987f17a6a00e447183193e225368a0d0f1db669c22fd26483a7be55b61,"Отже , найпевніша мала бути електричка з тієї пори , коли здибалися , хоч сама призналася , що їздить нею не завжди , інколи звільняється раніше , інколи пізніше , а часом затримується на довше , тож і тут усе закрутила й закаламутила .",[],"[{""label"": ""ORG"", ""text"": ""електричка"", ""start"": 28, ""end"": 38}, {""label"": ""PERS"", ""text"": ""сама призналася"", ""start"": 74, ""end"": 89}, {""label"": ""PERIOD"", ""text"": ""пізніше"", ""start"": 154, ""end"": 161}]"
676b7a2f85d9f5fc533f4f5c29149cd7208498197f727ad100c65489e34473ad,"З такими думками і з душевною пригнітою я плуганився дорогою між своїм помешканням і пероном ; саме з’явився поїзд із Києва ; ясна річ , на нашій станції він не зупинявся .","[{""label"": ""LOC"", ""text"": ""Києва""}]","[{""label"": ""PERS"", ""text"": ""я"", ""start"": 40, ""end"": 41}, {""label"": ""ART"", ""text"": ""поїзд"", ""start"": 109, ""end"": 114}, {""label"": ""LOC"", ""text"": ""Києва"", ""start"": 118, ""end"": 123}, {""label"": ""LOC"", ""text"": ""нашій станції"", ""start"": 140, ""end"": 153}]"
562fc3b78c0d5ddf493e249036fe36b8418464a152c2dd75fec039720af81e9f,"Але мені той поїзд був цілком байдужий : для пожильців станції поїзд , який тут зупиняється , набагато важливіший , ніж той блискучий , який пролітає мимо .",[],"[{""label"": ""PERS"", ""text"": ""мені"", ""start"": 4, ""end"": 8}, {""label"": ""ART"", ""text"": ""поїзд"", ""start"": 13, ""end"": 18}, {""label"": ""LOC"", ""text"": ""станції"", ""start"": 55, ""end"": 62}, {""label"": ""ART"", ""text"": ""поїзд"", ""start"": 63, ""end"": 68}, {""label"": ""ART"", ""text"": ""блискучий"", ""start"": 124, ""end"": 133}]"
6fc7055580c0f43a30d073fe047e67cac46748b855529769eb53252e9b16f206,"День видався холодний , хоч сніг майже зійшов , лишень де-не-де сіріли його потемнілі клапті ; учора пройшов дощ , дорога покрилася сірими калюжами ; зрештою , і моя душа , про яку стільки розводився , була покрита такими ж калюжами — то мертва вода , бо в ній ніщо не живе .",[],"[{""label"": ""MISC"", ""text"": ""сніг"", ""start"": 28, ""end"": 32}, {""label"": ""LOC"", ""text"": ""дорога"", ""start"": 115, ""end"": 121}, {""label"": ""PERS"", ""text"": ""моя душа"", ""start"": 162, ""end"": 170}, {""label"": ""ART"", ""text"": ""мертва вода"", ""start"": 238, ""end"": 249}]"
02982b3f8a1c433df7f854badce1cdd9b568a3f9b1da13c02860fd57ca22b301,"Але як ця вода , що тут , під ногами , розмочує дорогу , перетворюючи її у в’язь , так і та , в душі , перетворює у в’язь мої думки й почуття , отож хочу йти на ці лови , а водночас не хочу .",[],"[{""label"": ""ART"", ""text"": ""вода"", ""start"": 10, ""end"": 14}, {""label"": ""LOC"", ""text"": ""дорогу"", ""start"": 48, ""end"": 54}, {""label"": ""MISC"", ""text"": ""в’язь"", ""start"": 75, ""end"": 80}, {""label"": ""ART"", ""text"": ""в’язь"", ""start"": 116, ""end"": 121}]"
eec2d4e47d8ffd3900f3a5a3a19447ec294ac51f6d59dc87f8c0b4f730fb90f6,"Не хочу , бо перед очима стоїть , наче вбитий у землю кілок , виразне Ірине : « Ні ! » , а хочу , бо не можу не хотіти , тобто почуваюся подоланим , а певною мірою ідіотом , бо не можу забути того погляду , яким дивилася на мене через шибу дівчина .","[{""label"": ""PERS"", ""text"": ""Ірине""}]","[{""label"": ""ART"", ""text"": ""кілок"", ""start"": 54, ""end"": 59}, {""label"": ""PERS"", ""text"": ""Ірине"", ""start"": 70, ""end"": 75}, {""label"": ""PERS"", ""text"": ""дівчина"", ""start"": 240, ""end"": 247}]"
514fc4be9a0dd11f4ab646fc14b1447409228c8ddcc3c54d8dad67d5181594d6,"Маю одну непереборну рису — я винятково обов’язковий : коли щось пообіцяв , то неодмінно те виконаю , хоч би те й було мені неприємно ; коли ж чиню щось без зобов’язань , то можу легко і без гризот чини міняти .",[],"[{""label"": ""PERS"", ""text"": ""я"", ""start"": 28, ""end"": 29}, {""label"": ""MISC"", ""text"": ""щось"", ""start"": 60, ""end"": 64}]"
900d73c5532bd15bf21a40f4a758af2fef52cc329ccfdf3ce3797bbfe3c66320,Що ж я пообіцяв Ірі ?,"[{""label"": ""PERS"", ""text"": ""Ірі""}]","[{""label"": ""PERS"", ""text"": ""Ірі"", ""start"": 16, ""end"": 19}]"
c738651d1ee57b6b830ae6e5bac5bee996714c69bafa71295986c798e80aec80,"Нічого , але в останні хвилини зустрічі дивилася на мене , ніби чогось просила , я ж погляду не відвів , отже на прохання її ніби зглянувся і пообіцяв виконати .","[{""label"": ""TIME"", ""text"": ""останні хвилини""}]","[{""label"": ""PERIOD"", ""text"": ""останні хвилини зустрічі"", ""start"": 15, ""end"": 39}, {""label"": ""PERS"", ""text"": ""мене"", ""start"": 52, ""end"": 56}, {""label"": ""PERS"", ""text"": ""я"", ""start"": 81, ""end"": 82}]"
fdf41eeaaddd0162e7b54b45af8f8b8d67565d9f5c51e25b56da183ac2141c2b,"На чужі очі таке тлумачення може здаватися смішним , але річ у тім , що я й справді так відчував , ба був певний ( правда , не безсумнівно ) , що жене мене до залізничної платформи саме почуття обов'язку , а не абсурдно загніжджене в мені кохання , хоч воно також розпускало в мені своє пагілля .",[],"[{""label"": ""PERS"", ""text"": ""я"", ""start"": 72, ""end"": 73}, {""label"": ""PERS"", ""text"": ""мене"", ""start"": 151, ""end"": 155}, {""label"": ""LOC"", ""text"": ""залізничної платформи"", ""start"": 159, ""end"": 180}, {""label"": ""PERS"", ""text"": ""мені"", ""start"": 234, ""end"": 238}, {""label"": ""PERS"", ""text"": ""мені"", ""start"": 277, ""end"": 281}]"
745a32947c7e064ff5afcfe1c8dc771e046a623e91377bb00656d200fb8ccfdd,"Отже , щоб остаточно заспокоїтися й викинути з голови всі оці думки , а з серця переживання , я мусив , просто-таки мусив ще раз побачити дівчину , аби конечно переконатися , що її « Ні ! » — не дівоча дипломатія , а твердий рішенець , тоді я свої уявні обітниці можу вважати за здійснені , відтак позбудуся душевних гризот .",[],"[{""label"": ""PERS"", ""text"": ""я"", ""start"": 94, ""end"": 95}, {""label"": ""PERS"", ""text"": ""дівчину"", ""start"": 138, ""end"": 145}, {""label"": ""MISC"", ""text"": ""твердий рішенець"", ""start"": 217, ""end"": 233}, {""label"": ""PERS"", ""text"": ""я"", ""start"": 241, ""end"": 242}]"
9d0dc0912998a4c958f0ac2183c82904c48d366b0ad5b81e872e13ec98f1d7d2,"Тим-то , стоячи на мості , приймаючи на обличчя пропахлий вугільним пилом вітер із дрібненькими краплями і незвідь-чому жахливо мерзнучи , я більше бажав почути підтвердження Іриного « Ні ! » , аніж його заперечення .","[{""label"": ""PERS"", ""text"": ""Іриного""}]","[{""label"": ""LOC"", ""text"": ""мості"", ""start"": 19, ""end"": 24}, {""label"": ""PERS"", ""text"": ""я"", ""start"": 139, ""end"": 140}, {""label"": ""PERS"", ""text"": ""Іриного"", ""start"": 175, ""end"": 182}]"
e03b85e15b2d6beca38f3c55cdb85f42e1af6a902f62e927ebcb3b806c7e6fb0,Чому ?,[],[]
d8cccc3b66f06af284e811dbb8a7418d7edd146218d8121c4d2deb129c8e8992,"А тому , що певною мірою вже тоді помаленьку переставав вірити в романтику малих станцій та поїздів , бо вона більше гадана , як справжня , і є , очевидно , вигадкою поетів , аніж дійсністю , хоча вигадки поетів — це теж одна з форм дійсності , коли незначне виводиться у значне , хоча перше не перестає залишатися собою , тим більше , що цю прицукровану вигадку підхопили й розжували , отже вона перетворилась у певний літературний шаблон , а шаблон — одна з устояних форм реальності .","[{""label"": ""JOB"", ""text"": ""поетів""}, {""label"": ""JOB"", ""text"": ""поетів""}]","[{""label"": ""LOC"", ""text"": ""малих станцій та поїздів"", ""start"": 75, ""end"": 99}, {""label"": ""PERS"", ""text"": ""поетів"", ""start"": 166, ""end"": 172}, {""label"": ""PERS"", ""text"": ""поетів"", ""start"": 205, ""end"": 211}, {""label"": ""ART"", ""text"": ""вигадку"", ""start"": 355, ""end"": 362}, {""label"": ""ART"", ""text"": ""шаблон"", ""start"": 444, ""end"": 450}]"
3c29440a75d69eed97a243a149998b847c008fe23068ee388ab55781dad750e4,"Знову починався дощ , відтак довкола згустилася сутінь , хоча до вечора було ще далеко .",[],"[{""label"": ""MISC"", ""text"": ""сутінь"", ""start"": 48, ""end"": 54}, {""label"": ""PERIOD"", ""text"": ""вечора"", ""start"": 65, ""end"": 71}]"
3973daa5b2f35ae543fda25ffcc841652dce4015e7e102b7739fb33f2bae2d5a,Мовчки витягувалися до неба найближчі до колії дерева .,[],"[{""label"": ""ART"", ""text"": ""Мовчки"", ""start"": 0, ""end"": 6}]"
44bfb4599d97f8446947ded1cda424091137ff1c2555d949fd304412fdb17869,Це вільха .,[],"[{""label"": ""ORG"", ""text"": ""Це вільха"", ""start"": 0, ""end"": 9}]"
3a61f43bbe162d4860dcd8068b4ed5e2b5d2698496d21582655a0683375fb1bd,"Вона не росте просто із землі , а з чорних трав'яних горбків і свідчить , що це місце низинне .",[],"[{""label"": ""MISC"", ""text"": ""чорних трав'яних горбків"", ""start"": 36, ""end"": 60}]"
e958a72ab00b357b66fa9a80bd67e9890bc08a6cd017d680b5293aab541c8cd3,"Навколо синюватий туман , небо сіре , наче велетень художник вилив у фарби свою печаль .","[{""label"": ""JOB"", ""text"": ""художник""}]","[{""label"": ""PERS"", ""text"": ""художник"", ""start"": 52, ""end"": 60}]"
31f2d51172126bec7d566798894ae838e53783809a622347c674931cc50b25fe,"Між синім є темніші масиви і світліші смуги , але це не просвіти неба , вони легкі й нетривкі .",[],"[{""label"": ""MISC"", ""text"": ""темніші масиви"", ""start"": 12, ""end"": 26}]"
b0d6d782d0fb7bb99a4c37c411b0004a1eb1705c8746da4b73ab931e8aed9680,"Вони наче почуття людини , що думає про поїзди , які не зупиняються на станції , хоча чекає поїзда , котрий конче тут зупиниться .",[],"[{""label"": ""PERS"", ""text"": ""людини"", ""start"": 18, ""end"": 24}, {""label"": ""ART"", ""text"": ""поїзди"", ""start"": 40, ""end"": 46}, {""label"": ""LOC"", ""text"": ""станції"", ""start"": 71, ""end"": 78}]"
6fb6c5b2a0eca75c8d96c81589dbc04aa339a765f0e1846fcee64ea786a9ae4c,"Мостом іде дівчина — напрочуд та сама , яку передибав того дня , коли зустрівся з Ірою .","[{""label"": ""PERS"", ""text"": ""Ірою""}]","[{""label"": ""LOC"", ""text"": ""Мостом"", ""start"": 0, ""end"": 6}, {""label"": ""PERS"", ""text"": ""дівчина"", ""start"": 11, ""end"": 18}, {""label"": ""PERS"", ""text"": ""Ірою"", ""start"": 82, ""end"": 86}]"
1d1aa2a679ad63195a83f7717cbea336c66b14de117dd0db2a9050c81bea5b0a,"З'єднуємося поглядами , але і в її , і в моїх очах — відбиток сірого неба , хоча її очі гарні .",[],"[{""label"": ""PERS"", ""text"": ""її"", ""start"": 32, ""end"": 34}, {""label"": ""ART"", ""text"": ""відбиток сірого неба"", ""start"": 53, ""end"": 73}, {""label"": ""PERS"", ""text"": ""її"", ""start"": 81, ""end"": 83}]"
fd5eed2c96dbe3b415c13d6fac76a8bb6d8dca9aaa98ed471872da707188d34d,"Але то краса не для мене , і я відвертаюся . У Кіровограді голубів косить дивна хвороба .","[{""label"": ""LOC"", ""text"": ""Кіровограді""}]","[{""label"": ""PERS"", ""text"": ""мене"", ""start"": 20, ""end"": 24}, {""label"": ""PERS"", ""text"": ""я"", ""start"": 29, ""end"": 30}, {""label"": ""LOC"", ""text"": ""Кіровограді"", ""start"": 47, ""end"": 58}]"
a547a461d53375d00b00716a71b02d754abaf08c4a71cfab90f0bb8f0cf2691c,"Останнім часом на дорогах , у дворах і в скверах можна помітити кволих або мертвих птахів .",[],"[{""label"": ""LOC"", ""text"": ""дорогах"", ""start"": 18, ""end"": 25}, {""label"": ""MISC"", ""text"": ""кволих або мертвих птахів"", ""start"": 64, ""end"": 89}]"
e8b6e4d0427af27e3942e1dd949bd7cf6314b06e1c8fbc65d983a3b3fec7dd01,"Хворі голуби мають підозрілий вигляд – вони повільні , не відлітають , коли до них підходять люди або собаки , а у деяких голови нахилені убік .",[],"[{""label"": ""MISC"", ""text"": ""Хворі голуби"", ""start"": 0, ""end"": 12}, {""label"": ""PERS"", ""text"": ""люди"", ""start"": 93, ""end"": 97}, {""label"": ""PERS"", ""text"": ""собаки"", ""start"": 102, ""end"": 108}]"
40f5e9c6901839ebe75efbebe015f880c0252f7fdc138f7f1311d4b58e34d31f,– Біля мого під'їзду сидить хворий голуб .,[],"[{""label"": ""LOC"", ""text"": ""Біля мого під'їзду"", ""start"": 2, ""end"": 20}, {""label"": ""PERS"", ""text"": ""хворий голуб"", ""start"": 28, ""end"": 40}]"
ec26c223da637d94d5e52b71a7b759b5db8f76ee94727d4ef47d178e085141b4,"Він притулився до дверей і ні на що не реагує , наче сонний .",[],"[{""label"": ""PERS"", ""text"": ""Він"", ""start"": 0, ""end"": 3}]"
8227f88957bc7e5d12f0bbeaf33a8f554e631beffceb7d39370e800d974d636c,"Не ходить , не літає , а просто сидить .",[],[]
267514ce8318b5c32f3a647ef34fc53959f0ff7d69caba7d04eb42d376c49406,І загривок у нього дивно здиблений .,[],[]
72214139b2598c9e4e14a13f056e859073caeb93566481b079a56dfa515a744f,Я йому винесла водички і хлібчика покришила .,[],"[{""label"": ""PERS"", ""text"": ""Я"", ""start"": 0, ""end"": 1}]"
5deec997ae9af81d4cb69f208986a8d14bf49e147f82d71db5b75cb7c3a68c37,"Не знаю чим допомогти – в руки брати боюся , - розповідає кіровоградка Наталя , яка живе на вулиці Волкова .","[{""label"": ""PERS"", ""text"": ""Наталя""}, {""label"": ""LOC"", ""text"": ""вулиці Волкова""}]","[{""label"": ""PERS"", ""text"": ""Наталя"", ""start"": 71, ""end"": 77}, {""label"": ""LOC"", ""text"": ""вулиці Волкова"", ""start"": 92, ""end"": 106}]"
d05a98c7ff0fd2cc8a877d443d291c5a0dfea3f448385ccb4e5930423bf72ff1,"Що за хворобу підхопили птиці , достеменно невідомо .",[],[]
bc0d73310ed58394db1f0efe6e2038d6a35f99dcba32639e772ad2a5dc2095ac,Причину мору можна встановити лише за допомогою дорогого та довготривалого дослідження .,[],[]
a18a084a938f66c1d79ea74fb1ba1a4ba90bec53df8543017654bbd33f81f6d3,"Про це говорить ветеринар кіровоградської ветеринарної клініки Dr . VET Сергій Корнієнко , однак припускає – птахи скоріш за все заразилися вірусом Ньюкасла .","[{""label"": ""ORG"", ""text"": ""Dr . VET""}, {""label"": ""PERS"", ""text"": ""Сергій Корнієнко""}, {""label"": ""MISC"", ""text"": ""Ньюкасла""}]","[{""label"": ""JOB"", ""text"": ""ветеринар"", ""start"": 16, ""end"": 25}, {""label"": ""ORG"", ""text"": ""кіровоградської ветеринарної клініки"", ""start"": 26, ""end"": 62}, {""label"": ""PERS"", ""text"": ""Сергій Корнієнко"", ""start"": 72, ""end"": 88}, {""label"": ""MISC"", ""text"": ""птахи"", ""start"": 109, ""end"": 114}]"
f299f30d6f7a9db96199ae60634bb075112a51b071c74501935809c7139754f3,"– Важко сказати , потрібні лабораторні дослідження , адже розмірковувати можна до нескінченності .",[],"[{""label"": ""MISC"", ""text"": ""лабораторні дослідження"", ""start"": 27, ""end"": 50}]"
5c66b2f87b815c7c24f65d7aae71e70d3ccb2b88ba73a3f3f5f70105b7920266,"Але скоріш за все – це вірус Ньюкасла , який ще називають псевдочумою або вертячкою , і який поширений в основному в Азії , Африці та Америці , – пояснює ветеринар . – Узагалі тривалий час існувала думка , що хвороба Ньюкасла властива птахові роду курячих .","[{""label"": ""MISC"", ""text"": ""Ньюкасла""}, {""label"": ""LOC"", ""text"": ""Азії""}, {""label"": ""LOC"", ""text"": ""Африці""}, {""label"": ""LOC"", ""text"": ""Америці""}, {""label"": ""MISC"", ""text"": ""Ньюкасла""}]","[{""label"": ""LOC"", ""text"": ""Азії , Африці"", ""start"": 117, ""end"": 130}, {""label"": ""LOC"", ""text"": ""Америці"", ""start"": 134, ""end"": 141}, {""label"": ""PERS"", ""text"": ""ветеринар"", ""start"": 154, ""end"": 163}, {""label"": ""PERIOD"", ""text"": ""тривалий час"", ""start"": 176, ""end"": 188}, {""label"": ""MISC"", ""text"": ""птахові роду курячих"", ""start"": 235, ""end"": 255}]"
f0e535c2de9345fd25a79245dbd4d4a224dab42dbf468a97bc2bc14a43163587,"Але згодом було визначено вісім видів голубів , сприйнятливих до цього захворювання .",[],[]
e433cb2404cafff0f5674f3ab50b0c30d92669468a4b412e9ff7900819a42368,Найбільш схильні до інфекції молоді птахи .,[],"[{""label"": ""MISC"", ""text"": ""молоді птахи"", ""start"": 29, ""end"": 41}]"
c3aef26ba81af21ebedcd4fa30fe5a8830d3762934a28cfe47b17af412fb8f37,"За словами Сергія Корнієнка , у ветмедицині доведено можливість перенесення інфекції від голубів на курей .","[{""label"": ""PERS"", ""text"": ""Сергія Корнієнка""}]","[{""label"": ""PERS"", ""text"": ""Сергія Корнієнка"", ""start"": 11, ""end"": 27}, {""label"": ""ORG"", ""text"": ""ветмедицині"", ""start"": 32, ""end"": 43}]"
ddb3f9221589259dd1700c2a93103434def672ad72e18f4fee9b9cbe9a7d2dc0,"Також вірус , яким хворіють і який переносять голуби , може заразити кішок , собак , свиней та навіть велику рогату худобу .",[],"[{""label"": ""MISC"", ""text"": ""вірус"", ""start"": 6, ""end"": 11}, {""label"": ""MISC"", ""text"": ""голуби"", ""start"": 46, ""end"": 52}, {""label"": ""MISC"", ""text"": ""кішок"", ""start"": 69, ""end"": 74}, {""label"": ""MISC"", ""text"": ""свиней"", ""start"": 85, ""end"": 91}, {""label"": ""MISC"", ""text"": ""велику рогату худобу"", ""start"": 102, ""end"": 122}]"
5e3034f98ffca75c66fa5810a219fe124ee2db3d7c250b9572ff84ec0fcd5129,"Але , як правило , Ньюкаслом хворіють птахи , для людей же , говорить спеціаліст , вірус не становить загрози .","[{""label"": ""MISC"", ""text"": ""Ньюкаслом""}]","[{""label"": ""LOC"", ""text"": ""Ньюкаслом"", ""start"": 19, ""end"": 28}, {""label"": ""MISC"", ""text"": ""птахи"", ""start"": 38, ""end"": 43}, {""label"": ""PERS"", ""text"": ""спеціаліст"", ""start"": 70, ""end"": 80}, {""label"": ""MISC"", ""text"": ""вірус"", ""start"": 83, ""end"": 88}]"
a78a29301d0ac666a26d9fc1188aae9d253c3e2e6a2a202e2bc76a8b4cccf54f,"Однак деякі фахівці вважають , що від цієї хвороби можуть постраждати і люди .",[],"[{""label"": ""PERS"", ""text"": ""люди"", ""start"": 72, ""end"": 76}]"
e6751e56831965b450561c59afedebe4699be400cedf0ab4d44bf77f5d6b5606,"У них вертячка виражається симптомами , схожими на застуду , а потім супроводжується гострим кон'юнктивітом .",[],"[{""label"": ""ART"", ""text"": ""вертячка"", ""start"": 6, ""end"": 14}]"
e9ac1d0392a1fbf9ba0b0073e0bba24489d5c35923de893d24c865a0b79939f6,Тому мертвих і хворих птахів ні у жодному разі не можна брати в руки !,[],[]
ae2a9688b18f53ddbc34c06d3a313f11e864f70d9117e4cbdd165b45c68a2c0b,"До речі , не виключено , що вірус , який скоріш за все і вбиває голубів , прийшов в Україну з Росії .","[{""label"": ""LOC"", ""text"": ""Україну""}, {""label"": ""LOC"", ""text"": ""Росії""}]","[{""label"": ""LOC"", ""text"": ""Україну"", ""start"": 84, ""end"": 91}, {""label"": ""LOC"", ""text"": ""Росії"", ""start"": 94, ""end"": 99}]"
73702d5fe8dcd6c18440e6f1ce19d9731f3ba67931b6011b9953335c09a78a05,"Преса сусідів кілька тижнів тому повідомляла , що голуби в Москві стали повільними та схожими на зомбі .","[{""label"": ""LOC"", ""text"": ""Москві""}]","[{""label"": ""ORG"", ""text"": ""Преса сусідів"", ""start"": 0, ""end"": 13}, {""label"": ""MISC"", ""text"": ""голуби"", ""start"": 50, ""end"": 56}, {""label"": ""LOC"", ""text"": ""Москві"", ""start"": 59, ""end"": 65}]"
f0d903bc0aeb87c813b6d46752008cbcc3ef56b885dced116805c067aeff6261,"А представники Россільгоспнагляду після перевірок заявили , що більшість померлих птахів були інфіковані хворобою Ньюкасла і сальмонельозом . Орнітологи ж – фахівці , які вивчають птахів , – вважають , що зараз у голубів відбувається щорічне загострення через різкі перепади температури .","[{""label"": ""ORG"", ""text"": ""Россільгоспнагляду""}, {""label"": ""MISC"", ""text"": ""Ньюкасла""}, {""label"": ""JOB"", ""text"": ""Орнітологи""}]","[{""label"": ""ORG"", ""text"": ""Россільгоспнагляду"", ""start"": 15, ""end"": 33}, {""label"": ""MISC"", ""text"": ""сальмонельозом"", ""start"": 125, ""end"": 139}, {""label"": ""JOB"", ""text"": ""Орнітологи"", ""start"": 142, ""end"": 152}, {""label"": ""PERIOD"", ""text"": ""щорічне загострення"", ""start"": 234, ""end"": 253}]"
53473b16f4cba2e72cf0dc7a9aed2ef5ff70d7af573df1cad7154388ee05c108,"Тобто , за їхньою версією , немає нічого дивного в тому , що голуби масово гинуть .",[],"[{""label"": ""MISC"", ""text"": ""голуби"", ""start"": 61, ""end"": 67}]"
56dd40dde7d37fcae4ff8ace121c34d5f07914fe3c8c5f30f7451ebf157ff176,"Правда , орнітологи зауважують , що цього року значний мор птиці спричинила рання весна .","[{""label"": ""JOB"", ""text"": ""орнітологи""}]","[{""label"": ""ORG"", ""text"": ""орнітологи"", ""start"": 9, ""end"": 19}, {""label"": ""PERIOD"", ""text"": ""рання весна"", ""start"": 76, ""end"": 87}]"
cc15d5ec387c9cf371135bbc2e8aceba4cf022be5c1001531ceed4f77d7bf3aa,"З’явилося багато пташенят і вони не встигли зміцніти , тож тепер погано борються з інфекцією . Гроші нині є еквівалентом життя , скаже кожна Офісна Людина .","[{""label"": ""PERS"", ""text"": ""Офісна Людина""}]","[{""label"": ""MON"", ""text"": ""Гроші"", ""start"": 95, ""end"": 100}, {""label"": ""PERS"", ""text"": ""Офісна Людина"", ""start"": 141, ""end"": 154}]"
871276afc670a432e6e7ef988d50df8ab2e3a92d0b2414b8326584d6b4ed6c11,"Маєш їх — ти на коні , не маєш — тебе затопчуть .",[],"[{""label"": ""PERS"", ""text"": ""ти"", ""start"": 10, ""end"": 12}, {""label"": ""PERS"", ""text"": ""тебе"", ""start"": 33, ""end"": 37}]"
652f88a3755469d40ec11d34b5a31a6be81b3f430a0cfece7795a8ffae62cfaa,"Грошові відзнаки — це кров життя , лише їм варто молитися , лише для них треба створювати культові споруди , де має бути поєднана мудрість різних релігій у ставленні до матеріального , бо кесар завжди хоче кесаревого , а не духовного .",[],"[{""label"": ""MON"", ""text"": ""Грошові відзнаки"", ""start"": 0, ""end"": 16}, {""label"": ""ART"", ""text"": ""культові споруди"", ""start"": 90, ""end"": 106}, {""label"": ""MISC"", ""text"": ""матеріального"", ""start"": 169, ""end"": 182}, {""label"": ""PERS"", ""text"": ""кесар"", ""start"": 188, ""end"": 193}, {""label"": ""MISC"", ""text"": ""кесаревого"", ""start"": 206, ""end"": 216}, {""label"": ""MISC"", ""text"": ""духовного"", ""start"": 224, ""end"": 233}]"
bae87b54f452e2307e23b63597db4ff9cc4f429d38c69a34e10d0f4f4bdafee8,"До слова « духовність » Офісна Людина ставиться з підозрою , прикритою сарказмом .","[{""label"": ""PERS"", ""text"": ""Офісна Людина""}]","[{""label"": ""MISC"", ""text"": ""духовність"", ""start"": 11, ""end"": 21}, {""label"": ""PERS"", ""text"": ""Офісна Людина"", ""start"": 24, ""end"": 37}]"
348eb14b7e01d941588979f315fb066139c3c271ef8a294af451d908d653dbc1,"Що ж , під егідою цього лозунгу творили злочини і переступи .",[],[]
4fdd0f9ef3f1b912af1b7e49392624d0eb82548bea4d0890f487e3c432bc9ec5,"Це слово використовували , як презерватив , щоб швидко викинути після злуки з якоюсь доктриною .",[],"[{""label"": ""ART"", ""text"": ""Це слово"", ""start"": 0, ""end"": 8}, {""label"": ""ART"", ""text"": ""презерватив"", ""start"": 30, ""end"": 41}]"
28ea02788ad8eabfc832bf3964391b911f777b2605aba3d9fddf25b8fadf1044,Народники і їхні майбутні фальшивомонетники також зацукрували й спрофанували це слово .,[],"[{""label"": ""PERS"", ""text"": ""Народники"", ""start"": 0, ""end"": 9}]"
e2bb3e2e570015dd2076130257592db091bbdddfabc22b4389d43583ad737b15,"Але Офісна Людина разом із водою вихлюпнула й дитину , не пам'ятаючи дотиків світла .","[{""label"": ""PERS"", ""text"": ""Офісна Людина""}]","[{""label"": ""PERS"", ""text"": ""Людина"", ""start"": 11, ""end"": 17}]"
f21e4467cbf1128e2acb06a59999644272f5a4f2aaaea653b01fc458621cece5,"Тому її підозра є підозрою сліпого , який не вірить , що сонце все ж таки світить і гріє .",[],"[{""label"": ""PERS"", ""text"": ""сліпого"", ""start"": 27, ""end"": 34}, {""label"": ""MISC"", ""text"": ""сонце"", ""start"": 57, ""end"": 62}]"
8a2c2ccde22c121a7c206ddf04f9f83da365b88efb1d371eca3aa76527327a46,Навряд чи між двома офісними людьми може виникнути щось подібне до кохання .,[],"[{""label"": ""PERS"", ""text"": ""двома офісними людьми"", ""start"": 14, ""end"": 35}]"
082ae51b96adf3c22590c6d63082172900f0db5df368a22e786b75f8506eb958,"Нє , нє , це нерозумно , для чого нам робочі романи ?",[],"[{""label"": ""MISC"", ""text"": ""робочі романи"", ""start"": 38, ""end"": 51}]"
f1bddd19662502edce33c4bb508b8bca9ed2df391713846aad22130a2a7cbe6e,Є інші способи статевої релаксації .,[],[]
e5356ba9de00af12e582dc9b006e8e21ea9c26c7a956a47916db307a4871276e,Є інші шляхи розслабону .,[],"[{""label"": ""MISC"", ""text"": ""Є інші шляхи розслабону"", ""start"": 0, ""end"": 23}]"
e166635ebebe4d67251f6b879e8bea4a9d0a181c6f1b2ca6ca9368225c527fb2,"Будь-яке кохання — це міфи , видумані неврівноваженими митцями і зграйкою їх шанувальників .",[],"[{""label"": ""ART"", ""text"": ""Будь-яке кохання"", ""start"": 0, ""end"": 16}, {""label"": ""ART"", ""text"": ""міфи"", ""start"": 22, ""end"": 26}, {""label"": ""PERS"", ""text"": ""неврівноваженими митцями"", ""start"": 38, ""end"": 62}, {""label"": ""PERS"", ""text"": ""зграйкою їх шанувальників"", ""start"": 65, ""end"": 90}]"
2b328103d495805309b3ce7a114ff649a5b822933009c9e0a3b7c9423db2e0e3,"Є приязнь , є симпатії , є інстинкт , якому неможливо опиратися , ми можемо навіть визнати , що існують тимчасові потьмарення розуму .",[],[]
8e730a61343f8c0a2cc4119d249650c4b8b3d703a4d29c8b769ad2a409664c5a,Але й вони закроєні на дії великого інстинкту розмноження .,[],[]
223eac27426be2d69135983b453669e0a7933f56db603c7f6cd5b506c738c578,"Отже , є лише наказ до розмноження , прикрашений невротиками , які чомусь творять культуру .",[],"[{""label"": ""ART"", ""text"": ""наказ до розмноження"", ""start"": 14, ""end"": 34}, {""label"": ""PERS"", ""text"": ""невротиками"", ""start"": 49, ""end"": 60}, {""label"": ""MISC"", ""text"": ""культуру"", ""start"": 82, ""end"": 90}]"
c922a9f668ae99c97d2b0acd3899059d394b032eac0f3f520d3512883c70ef47,"Так , Офісна Людина направду не пам'ятає дотиків світла .","[{""label"": ""PERS"", ""text"": ""Офісна Людина""}]","[{""label"": ""PERS"", ""text"": ""Офісна Людина"", ""start"": 6, ""end"": 19}]"
278f76f7ea04b4ee66bcf4668b8e863c4cdab38fe6530c7c27501f2a5dfd1f99,"Або , пригадуючи , із кров'ю відриває свою маску .",[],[]
4a4e44b4391835021ee85cfbac441c839ceb49ad842b227c02b3f2015ce34680,"А далі на неї чигає або переродження , або конання .",[],[]
c6ade9c17814f36f68719bf5914f54d33c806a4868cd5c7a989f7f14a2b01298,"Зрештою , переродження або конання чигають на всіх .",[],"[{""label"": ""MISC"", ""text"": ""переродження або конання"", ""start"": 10, ""end"": 34}]"
ee75fc967cda817943bf9b6377ffa515fdd7157f048389b814ed6082ce4d29e6,"Любов виникає не завдяки , а всупереч .",[],[]
e5fc2bcbe9f3428972fc9a3d164b4aaf8e0deab078b113b08d9b103ef2e2f935,"Вона співчуває , а не вимагає .",[],"[{""label"": ""PERS"", ""text"": ""Вона"", ""start"": 0, ""end"": 4}]"
ba07ac41215a14a3e088730cfed788d86e28957a0673c482e440223d82f72faa,"Вона — це жаль і біль , а не захцянки двох егоцентричних субстанцій .",[],[]
9f5c04a7fd76cb99dc06273581ad1b6eb65b040201088678bfebea1919d2277e,"Вона вбирає в себе все , бо любові ніщо ніколи не є відразливим чи небезпечним .",[],"[{""label"": ""PERS"", ""text"": ""Вона"", ""start"": 0, ""end"": 4}, {""label"": ""PERS"", ""text"": ""любові"", ""start"": 28, ""end"": 34}]"
f09ed0f5e1ed8d6f2fad082d1e66b9718274a8b7909397532be92c578c24601d,Ніхто не може вирахувати її приходу .,[],"[{""label"": ""PERS"", ""text"": ""Ніхто"", ""start"": 0, ""end"": 5}]"
22bf1eeb6d39d9f868da751654f030f17b298045c4620998189fcdbb29eb8638,"Для неї нема ні перепон , ні застережень .",[],"[{""label"": ""PERS"", ""text"": ""неї"", ""start"": 4, ""end"": 7}]"
4c8fec851fcab224fc3666318825f4aeb109ba79a248cc2095a19e660002f17d,Але вона приходить слабосилим дитятком .,[],"[{""label"": ""PERS"", ""text"": ""вона"", ""start"": 4, ""end"": 8}]"
738e0541c5e7ba2dd138bfd025e31125770979e216e1149b041cfad4d5ba3ab7,"А потім ми або ростимо цього малюка , або нищимо . Первісна людина могла істотно регулювати чисельність окремих видів тварин , рослин , забруднювати продуктами життєдіяльності місця свого розселення .",[],"[{""label"": ""PERS"", ""text"": ""Первісна людина"", ""start"": 51, ""end"": 66}, {""label"": ""LOC"", ""text"": ""місця свого розселення"", ""start"": 176, ""end"": 198}]"
9ff7b767ed144e1c81074ba45fb975949e02bb8c2d50fce6e342433a301542d7,Однак загалом її взаємостосунки з природою були гармонійні .,[],[]
d555ad4fdb2d2e6d367f83ccd6b145870f3e6d87d16c04649449d9591d13d281,"Первісна людина сприймала світ , відчуваючи себе частинкою природи . Леві-Брюль у своїй праці « Первісне мислення » відзначає , що між групами первісних людей і землею , на якій вони існували , встановились відносини співучасті , коли кожна соціальна група відчувала себе містично пов’язаною з тією частиною території , на якій вона мешкає або по якій пересувається .","[{""label"": ""PERS"", ""text"": ""Леві-Брюль""}, {""label"": ""ART"", ""text"": ""Первісне мислення""}]","[{""label"": ""PERS"", ""text"": ""Первісна людина"", ""start"": 0, ""end"": 15}, {""label"": ""PERS"", ""text"": ""Леві-Брюль"", ""start"": 69, ""end"": 79}, {""label"": ""MISC"", ""text"": ""Первісне мислення"", ""start"": 96, ""end"": 113}]"
4b9364f9a433bba62b317021a89302ad2635850feb02ee9c181604f4425676f3,Мал . 16 Знаряддя праці первісних людей,[],"[{""label"": ""ART"", ""text"": ""Знаряддя праці первісних людей"", ""start"": 9, ""end"": 39}]"
550b2cc86c806a0efe0e4d50d6694af8cb822f034bb61779444a15b029e214db,"Епоха аграрної культури . Аграрна культура охоплює період , коли основою матеріального виробництва було землеробство і скотарство з моменту появи сільського господарства ( близько 8 тис . років тому ) до виникнення повноцінного промислового виробництва ( середина XVIII ст . н . е . ) .","[{""label"": ""DATE"", ""text"": ""8 тис . років""}, {""label"": ""DATE"", ""text"": ""середина XVIII ст . н . е .""}]","[{""label"": ""MISC"", ""text"": ""аграрної культури"", ""start"": 6, ""end"": 23}, {""label"": ""MISC"", ""text"": ""Аграрна культура"", ""start"": 26, ""end"": 42}, {""label"": ""MISC"", ""text"": ""землеробство і скотарство"", ""start"": 104, ""end"": 129}, {""label"": ""TIME"", ""text"": ""близько 8 тис . років тому"", ""start"": 172, ""end"": 198}, {""label"": ""DATE"", ""text"": ""середина XVIII ст . н . е ."", ""start"": 255, ""end"": 282}]"
8840d48c92d1126076aac202cf261fa5a6861ef41ec10b832381868c995b30da,"Приручення тварин , перехід від мисливства до сільського господарства й осілого способу життя отримало назву неолітичної революції ( мал . 17 , 18 ) .",[],"[{""label"": ""MISC"", ""text"": ""Приручення тварин"", ""start"": 0, ""end"": 17}, {""label"": ""MISC"", ""text"": ""мисливства"", ""start"": 32, ""end"": 42}, {""label"": ""MISC"", ""text"": ""сільського господарства"", ""start"": 46, ""end"": 69}, {""label"": ""PERIOD"", ""text"": ""неолітичної революції"", ""start"": 109, ""end"": 130}]"
229388f711615c65aa947fd9400f9cf97c3d2f1d86c4e39b0aaeb43e1284272e,"З появою перших сільськогосподарських культур ( гарбуза , гороху , квасолі , льону ) можна вести мову про перші цивілізації , які виникли на Сході і змінили епоху варварства .","[{""label"": ""LOC"", ""text"": ""Сході""}]","[{""label"": ""MISC"", ""text"": ""гарбуза , гороху , квасолі , льону"", ""start"": 48, ""end"": 82}, {""label"": ""LOC"", ""text"": ""Сході"", ""start"": 141, ""end"": 146}, {""label"": ""PERIOD"", ""text"": ""епоху варварства"", ""start"": 157, ""end"": 173}]"
47058fd540a2e26d2682a2308294820355b68594dfad830515311d4ae1793f62,Розвиток землеробства і скотарства зумовив істотні зміни в ландшафтах .,[],"[{""label"": ""MISC"", ""text"": ""Розвиток землеробства і скотарства"", ""start"": 0, ""end"": 34}, {""label"": ""LOC"", ""text"": ""ландшафтах"", ""start"": 59, ""end"": 69}]"
f17cde7c67a4d85240dd7650fda51e193f4b0740c8caf5ec21eda4c2dfb17eda,"За оцінками демографів , в епоху землеробства значно зросла чисельність населення , його густота .","[{""label"": ""JOB"", ""text"": ""демографів""}]","[{""label"": ""PERIOD"", ""text"": ""епоху землеробства"", ""start"": 27, ""end"": 45}, {""label"": ""QUANT"", ""text"": ""чисельність населення"", ""start"": 60, ""end"": 81}]"
d20ebb2d78dcd4081917717a85e373b63a7394acbbfb09e717f5850c360f7459,"Перші землероби і скотарі об’єднувалися в групи до 300 , інколи 500 осіб .","[{""label"": ""JOB"", ""text"": ""землероби""}]","[{""label"": ""JOB"", ""text"": ""Перші землероби і скотарі"", ""start"": 0, ""end"": 25}, {""label"": ""QUANT"", ""text"": ""300"", ""start"": 51, ""end"": 54}, {""label"": ""QUANT"", ""text"": ""500"", ""start"": 64, ""end"": 67}]"
4e3cc9f1e37db3dfc33402c077272f22576cd61a0bf28d8f644f936762e235c1,Зросла і тривалість життя людей .,[],"[{""label"": ""PERS"", ""text"": ""людей"", ""start"": 26, ""end"": 31}]"
b1fa5187b8ee5c27ace16a5399aa2a81857fa5185fcdc86f3b85e889e81acc63,"Основним регулятором тривалості життя були хвороби , які людині діставалися від тварин і через погіршення санітарно-гігієнічних умов проживання .",[],"[{""label"": ""MISC"", ""text"": ""хвороби"", ""start"": 43, ""end"": 50}, {""label"": ""PERS"", ""text"": ""людині"", ""start"": 57, ""end"": 63}, {""label"": ""MISC"", ""text"": ""тварин"", ""start"": 80, ""end"": 86}]"
ab0c0d274f9b3744eb1a141bfd7cce2d6146fc109a24bc9c8c9a6a4ca450001b,"Навколо поселень накопичувалися відходи , нечистоти , забруднювалися ґрунти і водойми , що сприяло поширенню збудників інфекцій .",[],"[{""label"": ""LOC"", ""text"": ""Навколо поселень"", ""start"": 0, ""end"": 16}, {""label"": ""MISC"", ""text"": ""відходи"", ""start"": 32, ""end"": 39}, {""label"": ""LOC"", ""text"": ""ґрунти і водойми"", ""start"": 69, ""end"": 85}]"
25f1dbbad858e8dc1e0e2d4fa0e27b8e23b965d4a2119cb43125e24af0933d21,Істотної шкоди природному середовищу завдавало скотарство .,[],"[{""label"": ""MISC"", ""text"": ""скотарство"", ""start"": 47, ""end"": 57}]"
36c7b7ff3cb71cbef13105f9cc6621865698c1b87bbfd5667d531b42a61995ca,"Розведення домашніх тварин , їхнє скупчення в околицях населених пунктів , випас на обмежених ділянках призвели до деградації трав’яного покриву , лісово-чагарникових угруповань , розвитку процесів спустелення в ряді регіонів світу .",[],"[{""label"": ""MISC"", ""text"": ""Розведення домашніх тварин"", ""start"": 0, ""end"": 26}, {""label"": ""LOC"", ""text"": ""околицях населених пунктів"", ""start"": 46, ""end"": 72}, {""label"": ""LOC"", ""text"": ""обмежених ділянках"", ""start"": 84, ""end"": 102}, {""label"": ""MISC"", ""text"": ""трав’яного покриву"", ""start"": 126, ""end"": 144}, {""label"": ""MISC"", ""text"": ""лісово-чагарникових угруповань"", ""start"": 147, ""end"": 177}, {""label"": ""LOC"", ""text"": ""ряді регіонів світу"", ""start"": 212, ""end"": 231}]"
b9612a88865c32dded502c1d8bdc2e79f501e104590a2342b79be5b765a534e3,"Виникнення міських поселень у 4-3 тис . до н . е . сприяло концентрації населення , розвитку систем комунікацій , що істотно змінювало навколишню природу .","[{""label"": ""PERIOD"", ""text"": ""4-3 тис . до н . е .""}]","[{""label"": ""ORG"", ""text"": ""міських поселень"", ""start"": 11, ""end"": 27}, {""label"": ""PERIOD"", ""text"": ""4-3 тис . до н . е ."", ""start"": 30, ""end"": 50}]"
12348d04e1264622849e8809f28a5da63fd03a521f1140cc3e40f0286de45db3,"Розпочався процес окультурення ландшафтів , який виявлявся у зміні їхньої структури , збідненні видової різноманітності , забрудненні водойм , ґрунтів , повітряного середовища .",[],"[{""label"": ""LOC"", ""text"": ""ландшафтів"", ""start"": 31, ""end"": 41}, {""label"": ""MISC"", ""text"": ""видової різноманітності"", ""start"": 96, ""end"": 119}]"
1791b880dc92c7285179dbafe316bbb7a5f7cc3175ed08b7950613972acc900a,"В епоху античності в результаті посиленого антропогенного тиску на природні процеси відбулися помітні зміни негативного характеру багатьох регіонів світу : узбережжя Середземного моря , Месопотамії , Єгипту , Середньої Азії , Південно-Східної Азії , Центральної Америки тощо .","[{""label"": ""LOC"", ""text"": ""Середземного моря""}, {""label"": ""LOC"", ""text"": ""Месопотамії""}, {""label"": ""LOC"", ""text"": ""Єгипту""}, {""label"": ""LOC"", ""text"": ""Середньої Азії""}, {""label"": ""LOC"", ""text"": ""Південно-Східної Азії""}, {""label"": ""LOC"", ""text"": ""Центральної Америки""}]","[{""label"": ""PERIOD"", ""text"": ""епоху античності"", ""start"": 2, ""end"": 18}, {""label"": ""LOC"", ""text"": ""Середземного моря"", ""start"": 166, ""end"": 183}, {""label"": ""LOC"", ""text"": ""Месопотамії"", ""start"": 186, ""end"": 197}, {""label"": ""LOC"", ""text"": ""Єгипту"", ""start"": 200, ""end"": 206}, {""label"": ""LOC"", ""text"": ""Середньої Азії"", ""start"": 209, ""end"": 223}, {""label"": ""LOC"", ""text"": ""Південно-Східної Азії"", ""start"": 226, ""end"": 247}, {""label"": ""LOC"", ""text"": ""Центральної Америки"", ""start"": 250, ""end"": 269}]"
c99b65a7ceaa2d1083e9321f49018d76004c50eb9def817fe72e5e5a84aa5c16,Останнім етапом у розвитку аграрної культури стала епоха феодалізму ( V - V I ст . н . е . ) .,"[{""label"": ""PERIOD"", ""text"": ""V - V I ст . н . е .""}]","[{""label"": ""MISC"", ""text"": ""аграрної культури"", ""start"": 27, ""end"": 44}, {""label"": ""PERIOD"", ""text"": ""епоха феодалізму"", ""start"": 51, ""end"": 67}, {""label"": ""PERIOD"", ""text"": ""V - V I ст . н . е ."", ""start"": 70, ""end"": 90}]"
acabb5a4cb0eea7f26a4f7ac4b56fb7eafdfd4714d6f7e347e186784b6554972,Для неї характерною особливістю є широке використання у виробничих процесах природних енергетичних ресурсів - вітрових і водних .,[],"[{""label"": ""MISC"", ""text"": ""природних енергетичних ресурсів"", ""start"": 76, ""end"": 107}, {""label"": ""MISC"", ""text"": ""вітрових і водних"", ""start"": 110, ""end"": 127}]"
06239bce17dd046c267bcb0e5c3144f12e189290acc2cb783c16d6c85bbb45b4,"Вітрові й водні двигуни вперше були використані в млинах , на мануфактурах .",[],"[{""label"": ""ART"", ""text"": ""Вітрові й водні двигуни"", ""start"": 0, ""end"": 23}, {""label"": ""LOC"", ""text"": ""млинах"", ""start"": 50, ""end"": 56}, {""label"": ""LOC"", ""text"": ""мануфактурах"", ""start"": 62, ""end"": 74}]"
95db002c77a60c86785d34e6f62dbd455ba716430956b0a2c310be83e94197b1,"Роль тяглової сили в господарських процесах виконують воли , коні , інші свійські тварини .",[],[]
b8bc8ee8143fc98d2d3b453afca5442bba15a8cd7fb62e6a2e5660211de4fe29,Мал . 17 .,[],[]
d6cab471ae5e2b17cff6e0dec47f5f229392a4790a88f11a2a2c1e2ece4d4df9,Плуг .,[],"[{""label"": ""ART"", ""text"": ""Плуг"", ""start"": 0, ""end"": 4}]"
edd7fa4635c2c7527396a4d645f2179f5f2c7e2d79e6a27f36cd90db355ca45e,Винайдення плуга сприяло розвитку землеробства,[],"[{""label"": ""ART"", ""text"": ""Винайдення плуга"", ""start"": 0, ""end"": 16}]"
58cf4bc9edde0f6e73f2c9cb4980c38e91ec73b4b2adc30a431415cad86bad4d,"У цей період істотно змінюється світосприйняття людини , розуміння її місця й ролі в природному середовищі .",[],"[{""label"": ""PERIOD"", ""text"": ""У цей період"", ""start"": 0, ""end"": 12}, {""label"": ""PERS"", ""text"": ""людини"", ""start"": 48, ""end"": 54}, {""label"": ""LOC"", ""text"": ""природному середовищі"", ""start"": 85, ""end"": 106}]"
e1381264085acad41b5fc4f018e96745d0e664a5412998214044cd1c477dbea0,"Так , в епоху середньовіччя стали з’являтися перші законодавчі акти природоохоронного спрямування , які регулювали мисливство , оберігали водно-болотяні угіддя , озера , ліси .","[{""label"": ""DATE"", ""text"": ""середньовіччя""}]","[{""label"": ""PERIOD"", ""text"": ""епоху середньовіччя"", ""start"": 8, ""end"": 27}, {""label"": ""DOC"", ""text"": ""перші законодавчі акти природоохоронного спрямування"", ""start"": 45, ""end"": 97}, {""label"": ""MISC"", ""text"": ""мисливство"", ""start"": 115, ""end"": 125}, {""label"": ""LOC"", ""text"": ""водно-болотяні угіддя , озера , ліси"", ""start"": 138, ""end"": 174}]"
f408564ab6988ad60ff08c9a5ac010071c9efb82252993d42ed2e9abc9340a32,Розвиток уявлень про Всесвіт сприяв формуванню нового тлумачення і розуміння людських відносин із природою .,"[{""label"": ""MISC"", ""text"": ""Всесвіт""}]","[{""label"": ""MISC"", ""text"": ""Розвиток уявлень про Всесвіт"", ""start"": 0, ""end"": 28}]"
0f6be8b986b69c54016cca29a9a2f14dc72ae30db7174af921ac54f8deab2871,Розвиток географічного світогляду людства за великими географічними відкриттями і накопиченням значної кількості емпіричних знань потребували теоретичного узагальнення й осмислення .,[],"[{""label"": ""MISC"", ""text"": ""емпіричних знань"", ""start"": 113, ""end"": 129}]"
3e9ab73aa52ee34da91f957cfc7e235058ad19f397cfce1eb47a1f45422c34e9,Однак природодослідження ще перебували під контролем релігійних догм .,[],"[{""label"": ""ORG"", ""text"": ""природодослідження"", ""start"": 6, ""end"": 24}]"
9293426aae22824387ea6afc09b87e0b923c599c41e4f568ab8611237cd9e0ef,"Етап індустріального суспільства . Атрибутами нової індустріальної епохи спеціалісти вважають зародження машинного виробництва , яке спричинило різке зростання обсягів продукції , нових форм його організації ( фабрик , заводів ) і зростання рівня життя та чисельності населення .",[],"[{""label"": ""PERS"", ""text"": ""спеціалісти"", ""start"": 73, ""end"": 84}, {""label"": ""MISC"", ""text"": ""машинного виробництва"", ""start"": 105, ""end"": 126}, {""label"": ""QUANT"", ""text"": ""різке зростання обсягів продукції"", ""start"": 144, ""end"": 177}, {""label"": ""ORG"", ""text"": ""фабрик , заводів"", ""start"": 210, ""end"": 226}]"
bde8020a1cd4442afcd0654010c310116dcce67ef77d239569722c4fb616a838,"Свій відлік епоха індустріалізації веде з другої половини XVIII ст . У цей період зростають обсяги видобутку корисних копалин ( вугілля , залізної руди , кольорових металів , нафти і газу ) . Як бачимо , апологія ченця у Вишенського не будується на поетиці похвали , а більше з ортодоксального розмислу зі своїми надмірностями в той чи інший бік .","[{""label"": ""DATE"", ""text"": ""другої половини XVIII ст .""}, {""label"": ""JOB"", ""text"": ""ченця""}, {""label"": ""PERS"", ""text"": ""Вишенського""}]","[{""label"": ""PERIOD"", ""text"": ""другої половини XVIII ст ."", ""start"": 42, ""end"": 68}, {""label"": ""PERS"", ""text"": ""Вишенського"", ""start"": 221, ""end"": 232}]"
3ff8b40bb9509966621e5db8ea0a0698cd8a0d8712fe251c5a1be563431324ac,"А назагал бачить ченця в ідеалі вибраною людиною , яка прагне досягти християнської досконалості і цим врятувати себе від смерті , здобувши вічне життя , що потрібно передусім йому самому .","[{""label"": ""JOB"", ""text"": ""ченця""}]","[{""label"": ""PERS"", ""text"": ""ченця"", ""start"": 17, ""end"": 22}, {""label"": ""PERS"", ""text"": ""йому самому"", ""start"": 176, ""end"": 187}]"
dbcd3bfe8b633333bb607c845826eca2aaff435dacbf61745531d59dabc2b134,"Але й не тільки , принаймні полеміст переконаний , що світ не занепав і що має Божу милість саме тому , що люди , подібні до справжніх , а не фальшивих , ченців , існують у ньому , однак перебувають у постійній важкій війні зі звабами світу , яких не завжди перемагають .","[{""label"": ""JOB"", ""text"": ""полеміст""}, {""label"": ""PERS"", ""text"": ""Божу""}, {""label"": ""JOB"", ""text"": ""ченців""}]","[{""label"": ""PERS"", ""text"": ""полеміст"", ""start"": 28, ""end"": 36}, {""label"": ""LOC"", ""text"": ""світ"", ""start"": 54, ""end"": 58}, {""label"": ""MISC"", ""text"": ""звабами світу"", ""start"": 227, ""end"": 240}]"
b8b02179caeb25ebe313bab619af2ded42978afa2b699d81871b409d0f37cfd3,"« Розмисел про іноче життя » Петра Могили має інший характер : писався твір не для полеміки з латинниками , а задля зміцнення розхитаної дисципліни в тодішніх монастирях , отож твір має розглядатися саме в такому контексті .","[{""label"": ""ART"", ""text"": ""Розмисел про іноче життя""}, {""label"": ""PERS"", ""text"": ""Петра Могили""}]","[{""label"": ""ART"", ""text"": ""Розмисел про іноче життя"", ""start"": 2, ""end"": 26}, {""label"": ""PERS"", ""text"": ""Петра Могили"", ""start"": 29, ""end"": 41}, {""label"": ""ART"", ""text"": ""твір"", ""start"": 71, ""end"": 75}, {""label"": ""LOC"", ""text"": ""тодішніх монастирях"", ""start"": 150, ""end"": 169}, {""label"": ""ART"", ""text"": ""твір"", ""start"": 177, ""end"": 181}]"
e9d1c5c7560a8395285df7201bec762365c7ff616d7b1841973b063a015a1c09,"У рукописі його не розбито на поетичні рядки , але перед нами зразок так званої архаїчної поезії , що мала своє утвердження в церковних піснеспівах : канонах , кондаках , ірмосах тощо .",[],"[{""label"": ""DOC"", ""text"": ""рукописі"", ""start"": 2, ""end"": 10}, {""label"": ""ART"", ""text"": ""зразок так званої архаїчної поезії"", ""start"": 62, ""end"": 96}, {""label"": ""MISC"", ""text"": ""канонах"", ""start"": 150, ""end"": 157}, {""label"": ""MISC"", ""text"": ""ірмосах"", ""start"": 171, ""end"": 178}]"
eed3e9e5cb1a953733480b8b1437950ce8326a007b4e9b753ac91077709bba5f,"Загалом ця ритмізована проза широко культивувалася від часів Київської Руси , на поетичні рядки вона розкладається легко , бо речення збудовано з чітко означених періодів .","[{""label"": ""LOC"", ""text"": ""Київської Руси""}]","[{""label"": ""MISC"", ""text"": ""ритмізована проза"", ""start"": 11, ""end"": 28}, {""label"": ""ART"", ""text"": ""поетичні рядки"", ""start"": 81, ""end"": 95}, {""label"": ""PERIOD"", ""text"": ""чітко означених періодів"", ""start"": 146, ""end"": 170}]"
5e52c532e5570301fd2ab8b1921904919dee147f9b020f18548b7fb633e1ca39,"Перед нами розбите на постулати повчання , яким має бути інок в ідеалі .","[{""label"": ""JOB"", ""text"": ""інок""}]","[{""label"": ""PERS"", ""text"": ""інок"", ""start"": 57, ""end"": 61}]"
624fdbce331cf2d3f4e845007e7ffdbb741d56f67a87fd3f0e593f74cccaa18d,"Ось вони : безкорисливість , досконалість християнського життя , непорочність ( дівство ) , послушання та любов .",[],"[{""label"": ""MISC"", ""text"": ""безкорисливість"", ""start"": 11, ""end"": 26}, {""label"": ""MISC"", ""text"": ""досконалість християнського життя"", ""start"": 29, ""end"": 62}, {""label"": ""MISC"", ""text"": ""непорочність ( дівство )"", ""start"": 65, ""end"": 89}, {""label"": ""MISC"", ""text"": ""послушання"", ""start"": 92, ""end"": 102}, {""label"": ""MISC"", ""text"": ""любов"", ""start"": 106, ""end"": 111}]"
0d40dbd757f4f1339d92d0d6b2900f049e731cfc7417670dad00929b29698b67,"При цьому зазначається , що любов є подвійна : духовна і плотська , які поміж себе не можуть з’єднатися ; ясна річ , що плотська любов для ченця гостро заперечується .","[{""label"": ""JOB"", ""text"": ""ченця""}]","[{""label"": ""MISC"", ""text"": ""духовна"", ""start"": 47, ""end"": 54}, {""label"": ""MISC"", ""text"": ""плотська"", ""start"": 120, ""end"": 128}, {""label"": ""PERS"", ""text"": ""ченця"", ""start"": 139, ""end"": 144}]"
5ba9de9fe65843a970a97a9829009d9f594b103cc6f44dc6ec87d3beb4de7851,Плотолюбність для ченця з’єднується з корисливістю — головним бичем чернецтва .,"[{""label"": ""JOB"", ""text"": ""ченця""}]","[{""label"": ""MISC"", ""text"": ""Плотолюбність"", ""start"": 0, ""end"": 13}, {""label"": ""PERS"", ""text"": ""ченця"", ""start"": 18, ""end"": 23}, {""label"": ""MISC"", ""text"": ""корисливістю"", ""start"": 38, ""end"": 50}, {""label"": ""ORG"", ""text"": ""чернецтва"", ""start"": 68, ""end"": 77}]"
db82d42a44ceed282e30e6a17dace20544dce3fd895621ecb9280df5d287f86f,"Отже , істинна любов інока може бути « в Бозі , в самому Бозі » ; любов також є « досконалість християнської спілки » , тобто при гуртожитному існуванні в монастирях .","[{""label"": ""JOB"", ""text"": ""інока""}, {""label"": ""PERS"", ""text"": ""Бозі""}, {""label"": ""PERS"", ""text"": ""Бозі""}]","[{""label"": ""PERS"", ""text"": ""інока"", ""start"": 21, ""end"": 26}, {""label"": ""LOC"", ""text"": ""в Бозі , в самому Бозі"", ""start"": 39, ""end"": 61}]"
48a998f1cbfec52066841944e4ab5efc272ad9b88ef22b7b14e30d8bd02a8bdb,"Любов не має дружби з ненавистю , бо « ненависть же від того : моє і твоє — з’являється » . Інок має творити « всі добродійності наявні » .","[{""label"": ""JOB"", ""text"": ""Інок""}]","[{""label"": ""PERS"", ""text"": ""Любов"", ""start"": 0, ""end"": 5}, {""label"": ""MISC"", ""text"": ""ненавистю"", ""start"": 22, ""end"": 31}, {""label"": ""MISC"", ""text"": ""ненависть"", ""start"": 39, ""end"": 48}, {""label"": ""PERS"", ""text"": ""Інок"", ""start"": 92, ""end"": 96}, {""label"": ""ART"", ""text"": ""всі добродійності наявні"", ""start"": 111, ""end"": 135}]"
dd7de04b5e16acbb7ff2aa437b46638de1d39097b2c5b7e4633114516fcbf993,По тому йдеться про грішність і про грішників .,[],"[{""label"": ""MISC"", ""text"": ""грішність"", ""start"": 20, ""end"": 29}]"
d0e74e8eb049a40bc093f38ced949a54bc0796cc841e11f394395ba6787b8e4b,"Загалом , інок має відректися від усього житейського « конечним відреченням » , і не тільки світу , а « всього відректися і нічого свого не мати » . Інок не повинен турбуватися про завтрашній день , має сповідатися про свої гріхи , його ж життя має стати богобаченням , він повинен жити цілком « у послушанні монастирському » , не догоджати своїй волі , бувши відреченим од світу , жити не для себе , а для Христа , тобто здійснювати не свою волю .","[{""label"": ""JOB"", ""text"": ""інок""}, {""label"": ""JOB"", ""text"": ""Інок""}, {""label"": ""PERS"", ""text"": ""Христа""}]","[{""label"": ""PERS"", ""text"": ""інок"", ""start"": 10, ""end"": 14}, {""label"": ""MISC"", ""text"": ""світу"", ""start"": 92, ""end"": 97}, {""label"": ""PERS"", ""text"": ""Інок"", ""start"": 149, ""end"": 153}, {""label"": ""PERIOD"", ""text"": ""завтрашній день"", ""start"": 181, ""end"": 196}, {""label"": ""MISC"", ""text"": ""богобаченням"", ""start"": 255, ""end"": 267}, {""label"": ""MISC"", ""text"": ""світу"", ""start"": 374, ""end"": 379}]"
990e6340eaa81ef1e7c5e26224918ed4eb94f348bc42cf2360e6d55ec8a35daa,"З іншого боку , він не повинен бути бездіяльний , бо інакше стане « діячем лихих розмислів » , а жити завжди у визначеному дійстві , « безділля-бо породжує гріх » .",[],"[{""label"": ""PERS"", ""text"": ""він"", ""start"": 16, ""end"": 19}]"
38c908469583732289a9111decd4de46f0629f5a96d53579ba7762e8be660094,"Має при цьому жити в терпінні , постійно перебувати в молитві .",[],[]
97154a6cdadbe01024d1a7cd6172f2cc0273ec4458c08202c898ad80dd583cc0,Оце і є « наближення досконалості » і « богобачення ступені » .,[],"[{""label"": ""MISC"", ""text"": ""наближення досконалості"", ""start"": 10, ""end"": 33}, {""label"": ""MISC"", ""text"": ""богобачення ступені"", ""start"": 40, ""end"": 59}]"
90de3c98e2744cbe527ff3ac3a29263b6ac7e507204ed120ff724d6eda7da97a,Твір витримано у строгій православній ортодоксальності .,[],"[{""label"": ""ART"", ""text"": ""Твір"", ""start"": 0, ""end"": 4}]"
568f953de7101ea133dce83e3090819b5842d2778adc224ea16e707edc9932a6,"Досконалий чернець ( людина взагалі ) тут бачиться цілком позбавленим свого « я » , власної думки , волі , тобто має перетворитися на цілковитого робота , чужого творчому началу , який живе ніби за натисненням певних ідеологічних кнопок .","[{""label"": ""JOB"", ""text"": ""чернець""}]","[{""label"": ""JOB"", ""text"": ""Досконалий чернець"", ""start"": 0, ""end"": 18}, {""label"": ""JOB"", ""text"": ""людина взагалі"", ""start"": 21, ""end"": 35}, {""label"": ""JOB"", ""text"": ""робота"", ""start"": 146, ""end"": 152}]"
a76c9d1c363add671c9a4b8a2ac84bf04a9f97b059a2bb0dac5f86a816ff0a62,"Проте як пам’ятка духовності твір вельми цікавий , особливо для нас , котрі пережили часи комуністичного тоталітаризму з його формулою : « Наши цели ясны , задачи определены , за работу , товарищи ! » — відтак конструювання ідеальної людини-ченця П . Могилою вельми нагадують пізніші комуністичні .","[{""label"": ""JOB"", ""text"": ""людини-ченця""}, {""label"": ""PERS"", ""text"": ""П . Могилою""}]","[{""label"": ""ART"", ""text"": ""твір"", ""start"": 29, ""end"": 33}, {""label"": ""PERIOD"", ""text"": ""часи комуністичного тоталітаризму"", ""start"": 85, ""end"": 118}, {""label"": ""PERS"", ""text"": ""П . Могилою"", ""start"": 247, ""end"": 258}]"
c41d2725dcb7726b8cc100fd16aaa5c5a4809c6ce87e275f5b86978ca52f4d0b,"Із поетичного боку — це твір чистого бароко з його розлогою , складною метафорикою .",[],"[{""label"": ""ART"", ""text"": ""твір чистого бароко"", ""start"": 24, ""end"": 43}]"
0c7dfe6f1297aa567b16b81a5e8384d1f16cfdbd6de8c9780c0a5c8459c7a951,Подібно до І . Вишенського бачить ченця Кирило Транквіліон-Ставровецький .,"[{""label"": ""PERS"", ""text"": ""І . Вишенського""}, {""label"": ""JOB"", ""text"": ""ченця""}, {""label"": ""PERS"", ""text"": ""Кирило Транквіліон-Ставровецький""}]","[{""label"": ""PERS"", ""text"": ""І . Вишенського"", ""start"": 11, ""end"": 26}, {""label"": ""PERS"", ""text"": ""Кирило Транквіліон-Ставровецький"", ""start"": 40, ""end"": 72}]"
f5b1d94996697e7d10b5587743e80fa844d52ee4d5f1a43d41b8523baed9f35d,"Він ніби розвиває думку полеміста , що інок при своєму убогому та повстримному існуванні перебуває в постійній війні зі світовими звабами та в гріховних помислах .","[{""label"": ""JOB"", ""text"": ""полеміста""}]","[{""label"": ""PERS"", ""text"": ""Він"", ""start"": 0, ""end"": 3}, {""label"": ""PERS"", ""text"": ""полеміста"", ""start"": 24, ""end"": 33}, {""label"": ""PERS"", ""text"": ""інок"", ""start"": 39, ""end"": 43}, {""label"": ""MISC"", ""text"": ""світовими звабами"", ""start"": 120, ""end"": 137}, {""label"": ""MISC"", ""text"": ""гріховних помислах"", ""start"": 143, ""end"": 161}]"
1f9f30c887d42e2795b387e4bf17eadef51eddd95ba40e42fd4c491fcc581bb0,"На цю тему поет умістив у книгу « Перло многоцінне » , що вийшла в Чернігові в 1646 р . , окремого твора під назвою « Ліки пустельникам та чесним ченцям на помисли гріховні про те , як подвижник завжди повинен з гріховними помислами воювати » .","[{""label"": ""JOB"", ""text"": ""поет""}, {""label"": ""ART"", ""text"": ""Перло многоцінне""}, {""label"": ""LOC"", ""text"": ""Чернігові""}, {""label"": ""DATE"", ""text"": ""1646 р .""}, {""label"": ""ART"", ""text"": ""Ліки пустельникам та чесним ченцям на помисли гріховні про те , як подвижник завжди повинен з гріховними помислами воювати""}]","[{""label"": ""PERS"", ""text"": ""поет"", ""start"": 11, ""end"": 15}, {""label"": ""ART"", ""text"": ""Перло многоцінне"", ""start"": 34, ""end"": 50}, {""label"": ""LOC"", ""text"": ""Чернігові"", ""start"": 67, ""end"": 76}, {""label"": ""DATE"", ""text"": ""1646 р ."", ""start"": 79, ""end"": 87}, {""label"": ""ART"", ""text"": ""Ліки пустельникам та чесним ченцям на помисли гріховні"", ""start"": 118, ""end"": 172}, {""label"": ""PERS"", ""text"": ""подвижник"", ""start"": 185, ""end"": 194}]"
fb73a5f43841bfc42e74b19391c804877f1ed7be5058ac65c0d1971150ced0cb,"В основу « Ліків пустельникам » кладеться проблема взаємозв’язку і співжиття душі і тіла як категорій антагоністичних , певною мірою непримиренних та взаємоворожих , які ведуть поміж себе в людині постійну війну , а не живуть у злагоді — цим самим підкреслюється антагоністичність небесного і земного , Божого і людського , що бачиться поетом як одна із віковічних драм людини .","[{""label"": ""ART"", ""text"": ""Ліків пустельникам""}, {""label"": ""PERS"", ""text"": ""Божого""}, {""label"": ""JOB"", ""text"": ""поетом""}]","[{""label"": ""ART"", ""text"": ""Ліків пустельникам"", ""start"": 11, ""end"": 29}, {""label"": ""MISC"", ""text"": ""Божого і людського"", ""start"": 303, ""end"": 321}, {""label"": ""PERS"", ""text"": ""поетом"", ""start"": 336, ""end"": 342}, {""label"": ""PERS"", ""text"": ""людини"", ""start"": 370, ""end"": 376}]"
4be6ea44f6da2e800b7ee59b860f63e5110aaf79986bd878a7941441cf5e1c88,"І хоча й тут автор не виходить поза межі християнської ортодоксії , зокрема мізантропічної , твір переростає догматичні засновки вже тим , що реально , в поетичному й філософському узагальненні , з’являє внутрішню розкладку сил і начал у людині бароко , яка мусила жити у вельми складному , сколоченому , битому війнами та моровими пошестями світі й за цих обставин вести боротьбу за високість своїх духовних начал , щоб не перетворитися на звіра .","[{""label"": ""JOB"", ""text"": ""автор""}]","[{""label"": ""PERS"", ""text"": ""автор"", ""start"": 13, ""end"": 18}, {""label"": ""MISC"", ""text"": ""мізантропічної"", ""start"": 76, ""end"": 90}, {""label"": ""ART"", ""text"": ""твір"", ""start"": 93, ""end"": 97}, {""label"": ""PERS"", ""text"": ""людині бароко"", ""start"": 238, ""end"": 251}, {""label"": ""LOC"", ""text"": ""вельми складному , сколоченому , битому війнами та моровими пошестями світі"", ""start"": 272, ""end"": 347}]"
68c57e8c856b339310093064ace830ebb698e63c392da0261940f9d1370ba541,"Адже за філософським ученням К . Транквіліона-Ставровецького людина має найвищу достойність серед живих істот , бо тварини , на його думку , створені словом , а людина — рукою Божою і подихом : те , що створене рукою Божою , є тіло , а те , що подихом , — душа .","[{""label"": ""PERS"", ""text"": ""К . Транквіліона-Ставровецького""}, {""label"": ""PERS"", ""text"": ""Божою""}, {""label"": ""PERS"", ""text"": ""Божою""}]","[{""label"": ""PERS"", ""text"": ""К . Транквіліона-Ставровецького"", ""start"": 29, ""end"": 60}, {""label"": ""PERS"", ""text"": ""людина"", ""start"": 61, ""end"": 67}, {""label"": ""ART"", ""text"": ""словом"", ""start"": 150, ""end"": 156}, {""label"": ""PERS"", ""text"": ""людина"", ""start"": 161, ""end"": 167}, {""label"": ""ART"", ""text"": ""тіло"", ""start"": 227, ""end"": 231}, {""label"": ""ART"", ""text"": ""душа"", ""start"": 256, ""end"": 260}]"
6bfef043a8b614a53b517d03a5f4f6fd9ff26cab4c0c977839ef357398a35453,"Більше того , людина є складником первнів життя : плоть — земля , кров — вода , дихання — повітря , теплота тіла — вогонь .",[],"[{""label"": ""PERS"", ""text"": ""людина"", ""start"": 14, ""end"": 20}, {""label"": ""MISC"", ""text"": ""плоть"", ""start"": 50, ""end"": 55}, {""label"": ""MISC"", ""text"": ""кров — вода"", ""start"": 66, ""end"": 77}, {""label"": ""MISC"", ""text"": ""дихання"", ""start"": 80, ""end"": 87}, {""label"": ""MISC"", ""text"": ""повітря"", ""start"": 90, ""end"": 97}, {""label"": ""MISC"", ""text"": ""теплота тіла"", ""start"": 100, ""end"": 112}, {""label"": ""MISC"", ""text"": ""вогонь"", ""start"": 115, ""end"": 121}]"
f0c757c574da9646ff1ccd7d3cafa49c02434c0029b42d86c6a310280625e886,"Вона уподібнена до тварини , а водночас і до ангелів .",[],"[{""label"": ""PERS"", ""text"": ""Вона"", ""start"": 0, ""end"": 4}, {""label"": ""ART"", ""text"": ""тварини"", ""start"": 19, ""end"": 26}, {""label"": ""ART"", ""text"": ""ангелів"", ""start"": 45, ""end"": 52}]"
2464b8fc3d660cf7d02d9c743b2c6b2b32b151c6e918ccb2da9d7bbe07bf4cc2,Саме такі первні зіштовхує поет у своїх « Ліках пустельникам » .,"[{""label"": ""JOB"", ""text"": ""поет""}, {""label"": ""ART"", ""text"": ""Ліках пустельникам""}]","[{""label"": ""PERS"", ""text"": ""поет"", ""start"": 27, ""end"": 31}, {""label"": ""ART"", ""text"": ""Ліках пустельникам"", ""start"": 42, ""end"": 60}]"
2903324d1436a090b9714d0434911260fd5108960157f207eccd0cf65ed0272b,"При цьому душа « немов бездомна блукає » , має мешкання з дикими звірми і загибає без милості в нестатках .",[],"[{""label"": ""PERS"", ""text"": ""душа"", ""start"": 10, ""end"": 14}, {""label"": ""MISC"", ""text"": ""дикими звірми"", ""start"": 58, ""end"": 71}]"
79da7b052e58bb497ff13a79e5388eda633d8ae84554f6fbd2866e10e56af3b7,"Тіло ж хоче вбити в собі душу ( суперечність Неба і Землі ) , отже , знищити в собі високі духовні якості .",[],[]
0e4b93cb8116b38359ce78291ae067927d709eefbf9701acd6908c1924904e75,"Похотіння гріха ( синонім до тіла ) при цьому каже , що життя в погідності з душею — це смерть тілу .",[],[]
154bd95c2ecb53a0d6ee70814d7ef1b0cdebd4396ee3de5b1e3c330b4fa7848d,"Душа заперечує : смерть тілу — не погідне життя з душею , а з гріхами , бо тільки душа може витягти тіло з геєни та увільнити від вічної муки .",[],"[{""label"": ""PERS"", ""text"": ""Душа"", ""start"": 0, ""end"": 4}, {""label"": ""ART"", ""text"": ""тілу"", ""start"": 24, ""end"": 28}, {""label"": ""PERS"", ""text"": ""душею"", ""start"": 50, ""end"": 55}, {""label"": ""ART"", ""text"": ""гріхами"", ""start"": 62, ""end"": 69}, {""label"": ""PERS"", ""text"": ""душа"", ""start"": 82, ""end"": 86}, {""label"": ""ART"", ""text"": ""тіло"", ""start"": 100, ""end"": 104}]"
a7ba924d19d2e324216d8fd793755249507486cc1408b3255f927b571bf8d703,"Тіло зауважує , що його долають тут , на землі , « докука , голод , спрага » — чи ж може воно при цьому думати про вічність ?",[],"[{""label"": ""PERS"", ""text"": ""Тіло"", ""start"": 0, ""end"": 4}, {""label"": ""LOC"", ""text"": ""на землі"", ""start"": 38, ""end"": 46}, {""label"": ""MISC"", ""text"": ""докука , голод , спрага"", ""start"": 51, ""end"": 74}, {""label"": ""PERIOD"", ""text"": ""вічність"", ""start"": 115, ""end"": 123}]"
97b98fdb61d2e964aca7d26c84646e66a61d36031a0d0395f731d6f6470bcc8d,"Душа переконує , що земні блага — ніщо порівняно із землею обітованою , до якої людина має прагнути .",[],"[{""label"": ""PERS"", ""text"": ""Душа"", ""start"": 0, ""end"": 4}, {""label"": ""MISC"", ""text"": ""земні блага"", ""start"": 20, ""end"": 31}, {""label"": ""ART"", ""text"": ""землею обітованою"", ""start"": 52, ""end"": 69}, {""label"": ""PERS"", ""text"": ""людина"", ""start"": 80, ""end"": 86}]"
7891152fd60493583ae7db214dad33f8508f453a4adf0c733707f5dcc132dad9,"Тіло ж живе у відчаї , оточене незчисленними ворогами , тому воно , « мов анагр ( осел . — В . Ш . ) на скелях оцих розпачливих » волає .",[],"[{""label"": ""PERS"", ""text"": ""анагр"", ""start"": 74, ""end"": 79}, {""label"": ""LOC"", ""text"": ""скелях оцих розпачливих"", ""start"": 104, ""end"": 127}]"
b0042a582a581b0253c64790621fc696bd4a50d86a995c42ec1b5719fcb8a74d,Душа закликає тіло до терпіння й мужності .,[],"[{""label"": ""PERS"", ""text"": ""Душа"", ""start"": 0, ""end"": 4}]"
56a7405de2dd0359090cd7258aae75c4b2e2a905e52f4bd74bf0966baaa063e7,"Тіло ж признається , що в нього немає сили боротися з « роду людського страшним губителем » .",[],"[{""label"": ""PERS"", ""text"": ""Тіло"", ""start"": 0, ""end"": 4}, {""label"": ""ART"", ""text"": ""роду людського"", ""start"": 56, ""end"": 70}]"
98f9a88dbc840d7e43face8e3eaf9a38595ef1cddd13191153a96ac1a26f947a,"Світ же для душі — « зі всім змієвим та гаспидським родом » і з « бісівським смородом » , душа радить тікати від нього .",[],"[{""label"": ""LOC"", ""text"": ""Світ"", ""start"": 0, ""end"": 4}, {""label"": ""PERS"", ""text"": ""душі"", ""start"": 12, ""end"": 16}, {""label"": ""MISC"", ""text"": ""бісівським смородом"", ""start"": 66, ""end"": 85}, {""label"": ""PERS"", ""text"": ""душа"", ""start"": 90, ""end"": 94}]"
06aa9960d33a23369633ba3da9481fd4cbce369ac6358a8c2fd99e086d4d8d43,"Як бачимо , вірш виразно мізантропічний , але створено його енергійним образним словом , тут і там блискоче яскрава метафора , часом по-бароковому ускладнена — це вже не ялові , на шаблонах будовані , церковні піснеспіви , яких , до речі , немало створив і цей поет .","[{""label"": ""JOB"", ""text"": ""поет""}]","[{""label"": ""ART"", ""text"": ""вірш"", ""start"": 12, ""end"": 16}, {""label"": ""MISC"", ""text"": ""церковні піснеспіви"", ""start"": 201, ""end"": 220}, {""label"": ""PERS"", ""text"": ""цей поет"", ""start"": 257, ""end"": 265}]"
182bb9082ef4e5a8631f7ec687453a4293a812e33e833db0bf0fd0a5c726b80f,"Тут відчувається і біль , і змагання , і конфлікт , і відчай , відтак філософська рефлексія набуває не так медитаційних форм ( як у вірші « Про премудрість » ) , як форм художнього узагальнення , тобто справді мистецьких .","[{""label"": ""ART"", ""text"": ""Про премудрість""}]","[{""label"": ""ART"", ""text"": ""філософська рефлексія"", ""start"": 70, ""end"": 91}, {""label"": ""ART"", ""text"": ""Про премудрість"", ""start"": 140, ""end"": 155}, {""label"": ""MISC"", ""text"": ""художнього узагальнення"", ""start"": 170, ""end"": 193}]"
60f16c152e8a6d465ba6a73f9e58ce89a93df2a84022f91301a741e5bcc0791f,Через це можна вважати « Ліки пустельникам » одним із шедеврів мізантропічної барокової поезії .,"[{""label"": ""ART"", ""text"": ""Ліки пустельникам""}]","[{""label"": ""ART"", ""text"": ""Ліки пустельникам"", ""start"": 25, ""end"": 42}]"
daa3ead4a26c33792493f38a27c0aa1f52e5ac3aa881cb6ad3d957276fdddf9d,"Пізніше , в 1737 р . , цю тему доведе до апогею Йоасаф Горленко в поемі « Бран семи добродійностей з сімома гріхами в людині-мандрівцю » ( у наше видання не ввійшло ) .","[{""label"": ""DATE"", ""text"": ""1737 р .""}, {""label"": ""PERS"", ""text"": ""Йоасаф Горленко""}, {""label"": ""ART"", ""text"": ""Бран семи добродійностей з сімома гріхами в людині-мандрівцю""}]","[{""label"": ""DATE"", ""text"": ""1737 р ."", ""start"": 12, ""end"": 20}, {""label"": ""PERS"", ""text"": ""Йоасаф Горленко"", ""start"": 48, ""end"": 63}, {""label"": ""ART"", ""text"": ""Бран семи добродійностей з сімома гріхами в людині-мандрівцю"", ""start"": 74, ""end"": 134}]"
fa8321338ea3743b0b2ab0bd2fe20d3b7f92e7b1514b2b1495e061e16ee917d6,"Цікавим документом про чернечий побит , цього разу вчителів Києво-Могилянської академії , є « Ляментація києво-братських учителів » від 1672 р . Випадок унікальний тим , що учителі-ченці постали супроти ігумена свого монастиря і ректора академії , при тому в своєму часі видатного , Варлаама Ясинського , поета , голови поетичного осередку , згодом київського митрополита за часів І . Мазепи . Учителі ж обстоюють приватні житейські інтереси , часом і обскурантно , не враховуючи , що після воєнних розрухів академія перебувала у важкому фінансовому стані .","[{""label"": ""JOB"", ""text"": ""вчителів""}, {""label"": ""ORG"", ""text"": ""Києво-Могилянської академії""}, {""label"": ""DOC"", ""text"": ""Ляментація києво-братських учителів""}, {""label"": ""DATE"", ""text"": ""1672 р""}, {""label"": ""JOB"", ""text"": ""учителі-ченці""}, {""label"": ""JOB"", ""text"": ""ігумена""}, {""label"": ""JOB"", ""text"": ""ректора""}, {""label"": ""PERS"", ""text"": ""Варлаама Ясинського""}, {""label"": ""JOB"", ""text"": ""поета""}, {""label"": ""JOB"", ""text"": ""голови""}, {""label"": ""JOB"", ""text"": ""митрополита""}, {""label"": ""PERS"", ""text"": ""І . Мазепи""}, {""label"": ""JOB"", ""text"": ""Учителі""}]","[{""label"": ""ORG"", ""text"": ""Києво-Могилянської академії"", ""start"": 60, ""end"": 87}, {""label"": ""DOC"", ""text"": ""Ляментація києво-братських учителів"", ""start"": 94, ""end"": 129}, {""label"": ""DATE"", ""text"": ""1672 р ."", ""start"": 136, ""end"": 144}, {""label"": ""JOB"", ""text"": ""ігумена свого монастиря"", ""start"": 203, ""end"": 226}, {""label"": ""PERS"", ""text"": ""Варлаама Ясинського"", ""start"": 283, ""end"": 302}, {""label"": ""JOB"", ""text"": ""голови поетичного осередку"", ""start"": 313, ""end"": 339}, {""label"": ""JOB"", ""text"": ""київського митрополита"", ""start"": 349, ""end"": 371}, {""label"": ""PERS"", ""text"": ""І . Мазепи"", ""start"": 381, ""end"": 391}]"
d9edacdd6c83c61af0b1fa84dd64e1e8cfbb04ac3eb1354137bda2e8a0e71f09,"Але для історії побиту учителів-ченців документ значимий : вони не мали на зиму шуб чи кожухів , а дехто й чобіт .","[{""label"": ""JOB"", ""text"": ""учителів-ченців""}]","[{""label"": ""JOB"", ""text"": ""учителів-ченців"", ""start"": 23, ""end"": 38}, {""label"": ""DOC"", ""text"": ""документ значимий"", ""start"": 39, ""end"": 56}, {""label"": ""ART"", ""text"": ""шуб чи кожухів"", ""start"": 80, ""end"": 94}, {""label"": ""ART"", ""text"": ""чобіт"", ""start"": 107, ""end"": 112}]"
c9674d22650c1b8587154909163146e1a01699a108fc79bd8f793b5a2860c13b,"На сьогодні смішно звучить , що вчителі вимагають « порції » , тобто горілки , однак традиція видавати ченцям-учителям хмільні трунки була сталою і давньою , фіксуємо цей звичай і в XVIII ст . , хоча те , що « трапеза лиха » і що вчителі не мали найпотрібнішого , було зумовлено важким часом , а ці освічені люди ніби й забули , що справжній чернець , за вимогами ортодоксії , мав би жити лісницьким життям , тобто з « лихою трапезою » .","[{""label"": ""DATE"", ""text"": ""сьогодні""}, {""label"": ""JOB"", ""text"": ""вчителі""}, {""label"": ""JOB"", ""text"": ""ченцям-учителям""}, {""label"": ""DATE"", ""text"": ""XVIII ст .""}, {""label"": ""JOB"", ""text"": ""вчителі""}, {""label"": ""JOB"", ""text"": ""чернець""}]","[{""label"": ""PERS"", ""text"": ""вчителі"", ""start"": 32, ""end"": 39}, {""label"": ""QUANT"", ""text"": ""порції"", ""start"": 52, ""end"": 58}, {""label"": ""ART"", ""text"": ""горілки"", ""start"": 69, ""end"": 76}, {""label"": ""ART"", ""text"": ""хмільні трунки"", ""start"": 119, ""end"": 133}, {""label"": ""PERIOD"", ""text"": ""XVIII ст ."", ""start"": 182, ""end"": 192}, {""label"": ""PERS"", ""text"": ""вчителі"", ""start"": 230, ""end"": 237}, {""label"": ""PERS"", ""text"": ""справжній чернець"", ""start"": 332, ""end"": 349}]"
b59169c8d5665211dbb00abd8bbccec39a063629ae39697a3bc31c8a8ff22651,"Деякі речі в « Ляментації » звучать як доноси на ректора : що той , беручи гроші за молебні , молебнів не проводить , або ж , що братія « не часто оббиває церковні пороги » , як і сам ректор .","[{""label"": ""DOC"", ""text"": ""Ляментації""}, {""label"": ""JOB"", ""text"": ""ректора""}, {""label"": ""JOB"", ""text"": ""ректор""}]","[{""label"": ""ART"", ""text"": ""Деякі речі"", ""start"": 0, ""end"": 10}, {""label"": ""ORG"", ""text"": ""Ляментації"", ""start"": 15, ""end"": 25}, {""label"": ""JOB"", ""text"": ""ректора"", ""start"": 49, ""end"": 56}, {""label"": ""MON"", ""text"": ""гроші"", ""start"": 75, ""end"": 80}, {""label"": ""ORG"", ""text"": ""братія"", ""start"": 129, ""end"": 135}, {""label"": ""JOB"", ""text"": ""ректор"", ""start"": 184, ""end"": 190}]"
344b2e3473c2dd74fa5ef26bbba645586a6a56133d69ed786b0234e8fa8e2487,Дорікають ректору і за загибель іноків у с . Новосілки .,"[{""label"": ""JOB"", ""text"": ""ректору""}, {""label"": ""JOB"", ""text"": ""іноків""}, {""label"": ""LOC"", ""text"": ""с . Новосілки""}]","[{""label"": ""PERS"", ""text"": ""ректору"", ""start"": 10, ""end"": 17}, {""label"": ""MISC"", ""text"": ""іноків"", ""start"": 32, ""end"": 38}, {""label"": ""LOC"", ""text"": ""с . Новосілки"", ""start"": 41, ""end"": 54}]"
8cd8ad8dc93195a0c92a323bfe3a9d3ae60b45cfa3b2a436578d8d572f10ef53,"Зберігся щодо цього лист В . Ясинського до Л . Барановича , в якому ректор сам вельми уболівав за цю трагедію .","[{""label"": ""PERS"", ""text"": ""В . Ясинського""}, {""label"": ""PERS"", ""text"": ""Л . Барановича""}, {""label"": ""JOB"", ""text"": ""ректор""}]","[{""label"": ""PERS"", ""text"": ""В . Ясинського"", ""start"": 25, ""end"": 39}, {""label"": ""LOC"", ""text"": ""Л . Барановича"", ""start"": 43, ""end"": 57}, {""label"": ""JOB"", ""text"": ""ректор"", ""start"": 68, ""end"": 74}]"
7861e2d299715ec5f6cccc2cc2106bb02892cdc99fc411c31b17b86d38f21721,Цікавий факт : у Новосілках ректор улаштував в’язницю для непокірних ченців .,"[{""label"": ""LOC"", ""text"": ""Новосілках""}, {""label"": ""JOB"", ""text"": ""ректор""}, {""label"": ""JOB"", ""text"": ""ченців""}]","[{""label"": ""LOC"", ""text"": ""Новосілках"", ""start"": 17, ""end"": 27}, {""label"": ""JOB"", ""text"": ""ректор"", ""start"": 28, ""end"": 34}]"
7d01acc7c55ba9ce4a0b131289181651bfb4570a6bcaec2ecfc0d5217e642d51,"До студентів ставився лагідно , а до ченців суворо — це ченці засуджують , як і давню практику посилати здібніших студентів до Польщі ; осуджують учителі й шинкування в монастирі , хоча це була загальна практика .","[{""label"": ""JOB"", ""text"": ""студентів""}, {""label"": ""JOB"", ""text"": ""ченців""}, {""label"": ""JOB"", ""text"": ""ченці""}, {""label"": ""JOB"", ""text"": ""студентів""}, {""label"": ""LOC"", ""text"": ""Польщі""}, {""label"": ""JOB"", ""text"": ""учителі""}]","[{""label"": ""PERS"", ""text"": ""студентів"", ""start"": 3, ""end"": 12}, {""label"": ""PERS"", ""text"": ""ченці"", ""start"": 56, ""end"": 61}, {""label"": ""PERS"", ""text"": ""студентів"", ""start"": 114, ""end"": 123}, {""label"": ""LOC"", ""text"": ""Польщі"", ""start"": 127, ""end"": 133}, {""label"": ""JOB"", ""text"": ""учителі"", ""start"": 146, ""end"": 153}, {""label"": ""ORG"", ""text"": ""монастирі"", ""start"": 169, ""end"": 178}, {""label"": ""MISC"", ""text"": ""загальна практика"", ""start"": 194, ""end"": 211}]"
e850b574bef9b2ead14b5bdca51d4609cbb0e129cccca7bb4e39eccd4b0379e3,"А ще постають проти того , щоб по воду до колодязя в монастирі не приходили жінки — дивно на сьогодні це звучить .",[],"[{""label"": ""ORG"", ""text"": ""монастирі"", ""start"": 53, ""end"": 62}, {""label"": ""PERS"", ""text"": ""жінки"", ""start"": 76, ""end"": 81}]"
da06d65c50558c1fefb24440b84ce7a027b0b6e63f144462c45d7fbcc212ed1f,"Постають учителі-ченці й проти втручання братства в монастирські справи , хоча монастир звався Братський .","[{""label"": ""JOB"", ""text"": ""учителі-ченці""}, {""label"": ""ORG"", ""text"": ""Братський""}]","[{""label"": ""JOB"", ""text"": ""учителі-ченці"", ""start"": 9, ""end"": 22}, {""label"": ""ORG"", ""text"": ""братства"", ""start"": 41, ""end"": 49}, {""label"": ""ORG"", ""text"": ""Братський"", ""start"": 95, ""end"": 104}]"
d435f3ec6f76d2627724b06b4f029fb6f6c01ed3f12062f1b9347248ee1c3904,Загалом скаржники виглядають у « Ляментації » непривабливо .,"[{""label"": ""DOC"", ""text"": ""Ляментації""}]","[{""label"": ""PERS"", ""text"": ""скаржники"", ""start"": 8, ""end"": 17}, {""label"": ""LOC"", ""text"": ""Ляментації"", ""start"": 33, ""end"": 43}]"
4578b5c4be6054c23eb709479aa92a1627ad4ae9b4ba9bc8012f38558e120e23,"Яскраво описав ченців і частково монастирі поет другої половини XVII ст . Климентій Зіновіїв , сам чернець , а ще й ієромонах .","[{""label"": ""JOB"", ""text"": ""ченців""}, {""label"": ""JOB"", ""text"": ""поет""}, {""label"": ""DATE"", ""text"": ""другої половини XVII ст""}, {""label"": ""PERS"", ""text"": ""Климентій Зіновіїв""}, {""label"": ""JOB"", ""text"": ""чернець""}, {""label"": ""JOB"", ""text"": ""ієромонах""}]","[{""label"": ""ORG"", ""text"": ""монастирі"", ""start"": 33, ""end"": 42}, {""label"": ""PERIOD"", ""text"": ""другої половини XVII ст ."", ""start"": 48, ""end"": 73}, {""label"": ""PERS"", ""text"": ""Климентій Зіновіїв"", ""start"": 74, ""end"": 92}, {""label"": ""JOB"", ""text"": ""чернець"", ""start"": 99, ""end"": 106}, {""label"": ""JOB"", ""text"": ""ієромонах"", ""start"": 116, ""end"": 125}]"
e3bd9be5d9b921f611c06e5cc6abff3b6409ed91faed150d85f28f322ab6123f,"З одного боку , він захищає монастирі від ктиторів ( фундаторів ) , які убачають у них джерело власних прибутків , а з іншого — дістається тим ченцям , що « волочаться по містах , по школах і по корчемних домах » .","[{""label"": ""JOB"", ""text"": ""ктиторів""}, {""label"": ""JOB"", ""text"": ""фундаторів""}, {""label"": ""JOB"", ""text"": ""ченцям""}]","[{""label"": ""PERS"", ""text"": ""він"", ""start"": 16, ""end"": 19}, {""label"": ""ORG"", ""text"": ""монастирі"", ""start"": 28, ""end"": 37}, {""label"": ""PERS"", ""text"": ""ченцям"", ""start"": 143, ""end"": 149}, {""label"": ""LOC"", ""text"": ""містах"", ""start"": 171, ""end"": 177}, {""label"": ""LOC"", ""text"": ""школах"", ""start"": 183, ""end"": 189}, {""label"": ""LOC"", ""text"": ""корчемних домах"", ""start"": 195, ""end"": 210}]"
cb98e972031bc057459376d34954271dc4295135ec313e6f63e9c3c3dc6959a3,"До них поет ставиться не так милостиво , як І . Вишенський , а зве їх волоцюгами та гультяями .","[{""label"": ""JOB"", ""text"": ""поет""}, {""label"": ""PERS"", ""text"": ""І . Вишенський""}]","[{""label"": ""PERS"", ""text"": ""поет"", ""start"": 7, ""end"": 11}, {""label"": ""PERS"", ""text"": ""І . Вишенський"", ""start"": 44, ""end"": 58}, {""label"": ""MISC"", ""text"": ""волоцюгами та гультяями"", ""start"": 70, ""end"": 93}]"
344e1ca426f005921b967ea822dd1bba7de356b75f9734575e91abfd04ed370d,"Курйозність ситуації в тому , що поет і сам належав до мандрівних ченців , хоча й усвідомлював : « Своя-бо воля добра , але не пожитна , бо родиться від неї погибіль навітна » .","[{""label"": ""JOB"", ""text"": ""поет""}, {""label"": ""JOB"", ""text"": ""ченців""}]","[{""label"": ""PERS"", ""text"": ""поет"", ""start"": 33, ""end"": 37}, {""label"": ""ORG"", ""text"": ""мандрівних ченців"", ""start"": 55, ""end"": 72}, {""label"": ""ART"", ""text"": ""пожитна"", ""start"": 127, ""end"": 134}]"
8dc873ca7e24c3c40d9cc0e94fc4042e31accd8632dc11e284abdcc76f61d680,"Отож радить милостині мандрованцям не подавати , бо саме через них про ченців-законників у суспільстві починають думати погано , адже « монастирям безчестя накине він досить » .","[{""label"": ""JOB"", ""text"": ""ченців-законників""}]","[{""label"": ""ORG"", ""text"": ""ченців-законників"", ""start"": 71, ""end"": 88}, {""label"": ""ORG"", ""text"": ""монастирям"", ""start"": 136, ""end"": 146}]"
eb6774ed0ca09b57607cb523c4053c7dedbdda2bae44a4dd669620f29f2d7eb4,Тим-то :,[],"[{""label"": ""JOB"", ""text"": ""Тим-то"", ""start"": 0, ""end"": 6}]"
1739e1c46b38ff92c1d17a33953e84a2b920643a525640b3ca8be6dffa1eb53e,"Здається людям : кожен чернець лихочинний ,","[{""label"": ""JOB"", ""text"": ""чернець""}]","[{""label"": ""JOB"", ""text"": ""чернець лихочинний"", ""start"": 23, ""end"": 41}]"
df8513b8a483123a5131390cb845bb02d16ee5be4e87c52f85d14dacad99def0,"Як цей чин нецнотливий , проклятий , провинний .",[],[]
3d7f8110e3358a86a8ce87db28b160a5673533d06c1722c24cc9e2a2efddaa11,Загалом радить щодо мандрованця : « Нехай би кат такого самого споров » .,[],"[{""label"": ""PERS"", ""text"": ""мандрованця"", ""start"": 20, ""end"": 31}]"
7287c2d98fbb1cba0af503b581aea2a8e141d86605a81b239c28ff866ec1eb57,"Щоправда , й між мандрованими ченцями зустрічається й такий , що « в добрі вміє жити » , — такі ведуть себе пристойно , в корчмах не ночують , а йдуть до священика й т . ін .","[{""label"": ""JOB"", ""text"": ""ченцями""}, {""label"": ""JOB"", ""text"": ""священика""}]","[{""label"": ""LOC"", ""text"": ""корчмах"", ""start"": 122, ""end"": 129}, {""label"": ""JOB"", ""text"": ""священика"", ""start"": 154, ""end"": 163}]"
76e0c96d15c3a960468ccb13102053f21a668382207f6a1cb3b8a6fa99a4b74f,Цим милостиню подавати годиться .,[],[]
6243aaed4ea2ba1510ad6ed67e3b26bb1d9f5f94d9c01d858fbd2a557f24ac7b,"Звісно , себе поет відносить до останніх .","[{""label"": ""JOB"", ""text"": ""поет""}]","[{""label"": ""PERS"", ""text"": ""поет"", ""start"": 14, ""end"": 18}]"
38f231bbc79f53ff8b08e318912dca10707811a0de5d8b6be5983be2ffc56a94,"Окремо ставиться тема , з’явлена в розлогому заголовку вірша : « Про тих багатих людей , що вступають із світових розкошей в убоге й нищотне іноче життя , щоб не жаліли й не каялися по тому , не призапастивши на свої пожитки маєтка , тобто речей , їжі та пиття . А передусім грошей , оскільки без маєтку в монастирях важко , особливо тим , що раніше мали багатство » .","[{""label"": ""ART"", ""text"": ""Про тих багатих людей , що вступають із світових розкошей в убоге й нищотне іноче життя , щоб не жаліли й не каялися по тому , не призапастивши на свої пожитки маєтка , тобто речей , їжі та пиття . А передусім грошей , оскільки без маєтку в монастирях важко , особливо тим , що раніше мали багатство""}]","[{""label"": ""PERS"", ""text"": ""багатих людей"", ""start"": 73, ""end"": 86}, {""label"": ""ART"", ""text"": ""речей"", ""start"": 240, ""end"": 245}, {""label"": ""MON"", ""text"": ""грошей"", ""start"": 275, ""end"": 281}, {""label"": ""ART"", ""text"": ""маєтку"", ""start"": 297, ""end"": 303}, {""label"": ""ORG"", ""text"": ""монастирях"", ""start"": 306, ""end"": 316}]"
e07845707b196ec5cde39d39390125fd9a666007a11fb48f8afe80cbb5b11b00,"Звертає на себе увагу вірш « Про ченців і тих , котрі хочуть у чернецтво » .","[{""label"": ""ART"", ""text"": ""Про ченців і тих , котрі хочуть у чернецтво""}]",[]
f4e04d1a1792286558b858c64df5f962b477d8b32cc3c9c9d70776f154c0feba,"Він ніби дискусійний до апології І . Вишенського , бо наперед ставить постулата : « Чорна риза-бо себе іще не спасає » .","[{""label"": ""PERS"", ""text"": ""І . Вишенського""}]","[{""label"": ""PERS"", ""text"": ""Він"", ""start"": 0, ""end"": 3}, {""label"": ""PERS"", ""text"": ""І . Вишенського"", ""start"": 33, ""end"": 48}, {""label"": ""ART"", ""text"": ""Чорна риза-бо"", ""start"": 84, ""end"": 97}]"
a82830931dbc1bf14399dafc2f835129f13486042e95523b765336457f95c304,"Головне — не одежа ( риза ) , а творення добрих справ .",[],"[{""label"": ""ART"", ""text"": ""Головне"", ""start"": 0, ""end"": 7}, {""label"": ""ART"", ""text"": ""одежа ( риза )"", ""start"": 13, ""end"": 27}]"
fd125873cc9fae3b2fbfea58089c19792225b01cc5051b9f7e4dd3d99addce37,"Тому , хто не грішить , покута не потрібна , а в ченці часто йдуть люди , не знаючи , що їх у монастирі чекає .","[{""label"": ""JOB"", ""text"": ""ченці""}]","[{""label"": ""PERS"", ""text"": ""хто не грішить"", ""start"": 7, ""end"": 21}, {""label"": ""MISC"", ""text"": ""покута"", ""start"": 24, ""end"": 30}, {""label"": ""JOB"", ""text"": ""ченці"", ""start"": 49, ""end"": 54}, {""label"": ""PERS"", ""text"": ""люди"", ""start"": 67, ""end"": 71}, {""label"": ""ORG"", ""text"": ""монастирі"", ""start"": 94, ""end"": 103}]"
eef927863b312f15fdfc31ae8f7703ee655465919a3b581b50965c67ef250296,Відтак поет досить різко вістить :,"[{""label"": ""JOB"", ""text"": ""поет""}]","[{""label"": ""PERS"", ""text"": ""поет"", ""start"": 7, ""end"": 11}]"
2683622bdd898880b0f850fbf64e15203ecdfeb3287a2ca9ce2bd20a99b1943b,"Коли б знав , а що йому у ченцях прийде ,","[{""label"": ""JOB"", ""text"": ""ченцях""}]","[{""label"": ""MISC"", ""text"": ""ченцях"", ""start"": 26, ""end"": 32}]"
5e48db805c4dd674f77a23e8f52e6b699bc76d4b0955b0448d6b85f1db763147,"Постригатись не бажав ніяк би й ніде ,",[],[]
626fc594e54488d34b7264899e26081ab1c5af9ed093a377cd68206cae65fa54,"Собі б камінь прив’язав , у воду б втопився ,",[],"[{""label"": ""ART"", ""text"": ""камінь"", ""start"": 7, ""end"": 13}]"
f2d3dbccf6c097986437c64bbc67a7166ae75bf4f1dde8aa3f503088ed6c5d93,"Ніж би в вічну скорб таку , в чернецтво , вступився .",[],"[{""label"": ""ORG"", ""text"": ""чернецтво"", ""start"": 30, ""end"": 39}]"
bcbd43164c66e8b6bae29f02131fa9185e65420656d78a53153640b897097501,"Правда , те , що у ченцях є вічна неволя ,","[{""label"": ""JOB"", ""text"": ""ченцях""}]","[{""label"": ""ORG"", ""text"": ""ченцях"", ""start"": 19, ""end"": 25}]"
d7da41e0f3f7c15666352b28276de6519b413296b34aaaaa3e649a305593fe99,Світським це у речах всіх завжди бува воля ...,[],"[{""label"": ""MISC"", ""text"": ""Світським"", ""start"": 0, ""end"": 9}, {""label"": ""ART"", ""text"": ""речах"", ""start"": 15, ""end"": 20}]"
b6d1b7082e422f2a3c61a78a10c7e4dbdf0068e58e784082b4fc9e1554a75a57,"Отже , чернець у всьому невільник — цікава протиполога до « Розмислу про іноче життя » П . Могили .","[{""label"": ""JOB"", ""text"": ""чернець""}, {""label"": ""ART"", ""text"": ""Розмислу про іноче життя""}, {""label"": ""PERS"", ""text"": ""П . Могили""}]","[{""label"": ""JOB"", ""text"": ""чернець"", ""start"": 7, ""end"": 14}, {""label"": ""JOB"", ""text"": ""невільник"", ""start"": 24, ""end"": 33}, {""label"": ""ART"", ""text"": ""Розмислу про іноче життя"", ""start"": 60, ""end"": 84}, {""label"": ""PERS"", ""text"": ""П . Могили"", ""start"": 87, ""end"": 97}]"
6c5b7ab3c405f54e41ea7481c1297cf7af903582bd4af4b983429a2ab4af31f7,"Отож , вступаючи в іноцтво , треба знати , на що йдеш .",[],"[{""label"": ""MISC"", ""text"": ""іноцтво"", ""start"": 19, ""end"": 26}]"
78b5a3cfffd571d918906dd1c6942468eb708f3ce558674cfc8a2bc6ce36e83c,"Сам поет у тому « достойний дізналець , над страждальців , від усіх найбільший страждалець » .","[{""label"": ""JOB"", ""text"": ""поет""}]","[{""label"": ""PERS"", ""text"": ""Сам поет"", ""start"": 0, ""end"": 8}, {""label"": ""JOB"", ""text"": ""достойний дізналець"", ""start"": 18, ""end"": 37}, {""label"": ""JOB"", ""text"": ""над страждальців"", ""start"": 40, ""end"": 56}, {""label"": ""JOB"", ""text"": ""найбільший страждалець"", ""start"": 68, ""end"": 90}]"
7ad4306c70d554183e8061cbe8459ee197f194e33cd22dbbcdf9ae104a2a50c0,"З бусурманської неволі легше звільнитися , як із чернечої , отож ліпше того не приймати , « ніж , прийнявши , Богу так наругу віддати » .","[{""label"": ""PERS"", ""text"": ""Богу""}]","[{""label"": ""LOC"", ""text"": ""бусурманської неволі"", ""start"": 2, ""end"": 22}, {""label"": ""JOB"", ""text"": ""чернечої"", ""start"": 49, ""end"": 57}]"
ab294e2cade57b668000269c3c3d4b65e99568e85278f574cfd6b9b65cdbd4c5,"Тему про власне майно в іноків спеціяльно розроблено у вірші « Про тих , що кажуть : мовляв , інокам не треба мати ніяких надбань » , — тут маємо ніби ремінісценцію до вимоги св . Теодосія Печерського .","[{""label"": ""JOB"", ""text"": ""іноків""}, {""label"": ""ART"", ""text"": ""Про тих , що кажуть : мовляв , інокам не треба мати ніяких надбань""}, {""label"": ""PERS"", ""text"": ""Теодосія Печерського""}]","[{""label"": ""MISC"", ""text"": ""власне майно"", ""start"": 9, ""end"": 21}, {""label"": ""ORG"", ""text"": ""іноків"", ""start"": 24, ""end"": 30}, {""label"": ""PERS"", ""text"": ""св . Теодосія Печерського"", ""start"": 175, ""end"": 200}]"
b5893c10565aa28744018a0b357f7d27098eb40c16c21bdffe53b78dc0fa0825,"Так вважали колись , тепер же : « “ Всього треба ! ” — сказати потрібно » .",[],[]
ee343999d54c63d1b9198bb39707e36fd2591b773b9c3dcbb1aa564f0079ac4f,"Безмаєтний чернець мусить ставати жебраком , бо в монастирях « не часто дають » .","[{""label"": ""JOB"", ""text"": ""чернець""}]","[{""label"": ""PERS"", ""text"": ""Безмаєтний чернець"", ""start"": 0, ""end"": 18}, {""label"": ""JOB"", ""text"": ""жебраком"", ""start"": 34, ""end"": 42}, {""label"": ""LOC"", ""text"": ""монастирях"", ""start"": 50, ""end"": 60}]"
45b634fb4a37c02f2330d2504479e95c8701086fa21929d5591b64805738b290,"Там добре живуть лише запасливі , тобто з майном та грішми .",[],"[{""label"": ""LOC"", ""text"": ""Там"", ""start"": 0, ""end"": 3}, {""label"": ""MISC"", ""text"": ""запасливі"", ""start"": 22, ""end"": 31}, {""label"": ""MISC"", ""text"": ""майном"", ""start"": 42, ""end"": 48}]"
758af31ba45fc8e5308da786409a92331854776456a559a90baac716bd99d34f,"Отож , голяку-ченцю не легко живеться , як і бідакам у світі , таких і до монастиря неохоче беруть .","[{""label"": ""JOB"", ""text"": ""голяку-ченцю""}]","[{""label"": ""PERS"", ""text"": ""голяку-ченцю"", ""start"": 7, ""end"": 19}, {""label"": ""JOB"", ""text"": ""бідакам"", ""start"": 45, ""end"": 52}, {""label"": ""LOC"", ""text"": ""світі"", ""start"": 55, ""end"": 60}, {""label"": ""ORG"", ""text"": ""монастиря"", ""start"": 74, ""end"": 83}]"
f9fcd3889d77423226de5660becb74f5a2dff070b26ecba2b15b4a973d4589b9,"У теперішній вік блаженний той , хто має свого удосталь .",[],"[{""label"": ""PERIOD"", ""text"": ""теперішній вік"", ""start"": 2, ""end"": 16}]"
5b0513b79bba862afb609a97ab8177a6a7e5cfa592057f96ec77451876fde48b,"Інший вірш ( « Про іноків , нас уже останніх , які , безневинно терплять і по вині численні напасті , та скорботи , та гоніння , та наклепи , та ненависті , та всілякі озлоблення » ) позбавлений конкретики , у нім лише загальна констатація .","[{""label"": ""ART"", ""text"": ""Про іноків , нас уже останніх , які , безневинно терплять і по вині численні напасті , та скорботи , та гоніння , та наклепи , та ненависті , та всілякі озлоблення""}]","[{""label"": ""PERS"", ""text"": ""іноків"", ""start"": 19, ""end"": 25}]"
552afcd931e61c9fac19c5684a145b80f54d577267eee2352e150f303bc6720e,"В « Безженному іночому житті » говориться , що хоча інок вільний од жінки та дітей , але має потребу в господині , а ще хоче « усяке й багато » , отож мусить , бідака , потерпати .","[{""label"": ""ART"", ""text"": ""Безженному іночому житті""}, {""label"": ""JOB"", ""text"": ""інок""}]","[{""label"": ""PERS"", ""text"": ""інок"", ""start"": 52, ""end"": 56}, {""label"": ""JOB"", ""text"": ""господині"", ""start"": 103, ""end"": 112}, {""label"": ""MISC"", ""text"": ""усяке"", ""start"": 127, ""end"": 132}]"
24ba0d3ec6865bb93d7d550d6e80e9188ec8ee9bc2884b952d3a8dbdc4463843,"Одружений має у скорботах утіху , а ченцеві потіха лише від Бога — твір не без гумору .","[{""label"": ""JOB"", ""text"": ""ченцеві""}, {""label"": ""PERS"", ""text"": ""Бога""}]","[{""label"": ""PERS"", ""text"": ""Одружений"", ""start"": 0, ""end"": 9}, {""label"": ""ART"", ""text"": ""твір не без гумору"", ""start"": 67, ""end"": 85}]"
922a243c767865a5fda32c410c6ce95838a538d900477e01cbed7f64be4b0560,"Вірш « Про іноче усамітнення » засуджує гуртожитне життя в келії — тоді між ченцями виникає ворожнеча й ненависть , автор за усамітнене перебування в монастирі .","[{""label"": ""ART"", ""text"": ""Про іноче усамітнення""}, {""label"": ""JOB"", ""text"": ""ченцями""}, {""label"": ""JOB"", ""text"": ""автор""}]","[{""label"": ""LOC"", ""text"": ""келії"", ""start"": 59, ""end"": 64}, {""label"": ""PERS"", ""text"": ""автор"", ""start"": 116, ""end"": 121}, {""label"": ""LOC"", ""text"": ""монастирі"", ""start"": 150, ""end"": 159}]"
469fb093a2287fa5f65eeaac71c4abdf901b7afbd2cda303123064740a9f82cf,"Загалом , похвалу Климентій складає хіба тим інокам , « що трудяться біля бджіл » .","[{""label"": ""PERS"", ""text"": ""Климентій""}, {""label"": ""JOB"", ""text"": ""інокам""}]","[{""label"": ""PERS"", ""text"": ""Климентій"", ""start"": 18, ""end"": 27}, {""label"": ""JOB"", ""text"": ""інокам"", ""start"": 45, ""end"": 51}]"
75200545a0ceea27b24e300b7f160133b3eb4b400068f933ca3643fd82646427,Співчуває і шафарям ( управителям господарства ) — світським і монастирським .,"[{""label"": ""JOB"", ""text"": ""шафарям""}, {""label"": ""JOB"", ""text"": ""управителям""}]","[{""label"": ""JOB"", ""text"": ""шафарям"", ""start"": 12, ""end"": 19}, {""label"": ""JOB"", ""text"": ""управителям господарства"", ""start"": 22, ""end"": 46}, {""label"": ""MISC"", ""text"": ""світським і монастирським"", ""start"": 51, ""end"": 76}]"
0703e28a885e19dece2755d6f8e128945eb88c095d4854c8125db19df0d8aef9,"Окремий вірш про трапезних та келарів , описано їхні обов’язки , до того ж предметно .","[{""label"": ""JOB"", ""text"": ""келарів""}]","[{""label"": ""ART"", ""text"": ""Окремий вірш про трапезних та келарів"", ""start"": 0, ""end"": 37}]"
2c142ec11253138574a33f463daac2f6728c8fd233f42ac2f28b8493df9cf855,"Звертає увагу визначення в творі « про іноків та світських , які щиро трудяться » : « Іноків же найбільше вража сріблолюбність , але спасенну користь дає трудолюбність » .","[{""label"": ""JOB"", ""text"": ""іноків""}, {""label"": ""JOB"", ""text"": ""Іноків""}]","[{""label"": ""PERS"", ""text"": ""Іноків"", ""start"": 86, ""end"": 92}, {""label"": ""MISC"", ""text"": ""сріблолюбність"", ""start"": 112, ""end"": 126}]"
42da97acdf0307ae13dc8293e45a36c3edd6b2fd7325f050bab4a1be448ac335,У « Слові особливім про нестатечне життя » поет знову вістить про невигоди гуртожитного життя зі « злим співмешканцем » .,"[{""label"": ""ART"", ""text"": ""Слові особливім про нестатечне життя""}, {""label"": ""JOB"", ""text"": ""поет""}]","[{""label"": ""ART"", ""text"": ""Слові особливім про нестатечне життя"", ""start"": 4, ""end"": 40}, {""label"": ""PERS"", ""text"": ""поет"", ""start"": 43, ""end"": 47}, {""label"": ""PERS"", ""text"": ""злим співмешканцем"", ""start"": 99, ""end"": 117}]"
0f70fc740c507e00cdd09ebc5a5a2d13a4dce35e129140d696d7ce06b8c1cfca,"Цей цикл можна назвати вартісним знадібком до пізнання іночого життя в XVII ст . , зокрема , в його другій половині . Автор не перебільшує й не применшує , а щиро викладає свої думки і враження без апології та передзавзять .","[{""label"": ""DATE"", ""text"": ""XVII ст .""}, {""label"": ""JOB"", ""text"": ""Автор""}]","[{""label"": ""PERIOD"", ""text"": ""XVII ст ."", ""start"": 71, ""end"": 80}, {""label"": ""PERIOD"", ""text"": ""другій половині"", ""start"": 100, ""end"": 115}, {""label"": ""PERS"", ""text"": ""Автор"", ""start"": 118, ""end"": 123}]"
cac2a8b0a4c2f97775f553ec2bf6ed0e6e3d87041f1c5d748c87925524796322,"Важливий причинок до загальної історії монастирів того ж часу — « Манускрипт велебного отця Камінського , писаний до певного уніята литовського » від 1686 р . — унікальний документ , що свідчить про стан уніятської конфесії .","[{""label"": ""DOC"", ""text"": ""Манускрипт велебного отця Камінського , писаний до певного уніята литовського""}, {""label"": ""DATE"", ""text"": ""1686 р .""}]","[{""label"": ""ORG"", ""text"": ""монастирів"", ""start"": 39, ""end"": 49}, {""label"": ""DOC"", ""text"": ""Манускрипт велебного отця Камінського , писаний до певного уніята литовського"", ""start"": 66, ""end"": 143}, {""label"": ""DATE"", ""text"": ""1686 р ."", ""start"": 150, ""end"": 158}, {""label"": ""ORG"", ""text"": ""уніятської конфесії"", ""start"": 204, ""end"": 223}]"
d5b038bc143b814cf62d5a8fa9edc1ae3224c7de99938f5df23def4f7ecb1ed2,"Уніятські ченці тоді об’єднувались в ордені св . Василія Великого ( василіяни ) , а інші були підлеглі митрополиту ( в Дермані , Дубні та інших місцях ) .","[{""label"": ""JOB"", ""text"": ""ченці""}, {""label"": ""ORG"", ""text"": ""ордені св . Василія Великого""}, {""label"": ""JOB"", ""text"": ""митрополиту""}, {""label"": ""LOC"", ""text"": ""Дермані""}, {""label"": ""LOC"", ""text"": ""Дубні""}]","[{""label"": ""ORG"", ""text"": ""Уніятські ченці"", ""start"": 0, ""end"": 15}, {""label"": ""PERS"", ""text"": ""св . Василія Великого"", ""start"": 44, ""end"": 65}, {""label"": ""MISC"", ""text"": ""василіяни"", ""start"": 68, ""end"": 77}, {""label"": ""JOB"", ""text"": ""митрополиту"", ""start"": 103, ""end"": 114}, {""label"": ""LOC"", ""text"": ""Дермані"", ""start"": 119, ""end"": 126}, {""label"": ""LOC"", ""text"": ""Дубні"", ""start"": 129, ""end"": 134}]"
613aca171b2f7ad4d403379b6d35181472b3e9816a994f755ed88bab965922ed,"До речі , підданих митрополит мав багато , а ченців мало : в Березвечах — три , в Бориса та Гліба — два , в Дубні — чотири , в Дермані — шість ; немало монастирів стояли порожні , відали ними світські люди та єпископи чи священики , бо маєтності зберігалися , — такий стан був загальний і свідчив про занепад монастирів , що були колись православні . Автор щодо цього подає немало разючих фактів ; це стосувалося і сільських парафій .","[{""label"": ""JOB"", ""text"": ""митрополит""}, {""label"": ""JOB"", ""text"": ""ченців""}, {""label"": ""LOC"", ""text"": ""Березвечах""}, {""label"": ""LOC"", ""text"": ""Бориса та Гліба""}, {""label"": ""LOC"", ""text"": ""Дубні""}, {""label"": ""LOC"", ""text"": ""Дермані""}, {""label"": ""JOB"", ""text"": ""єпископи""}, {""label"": ""JOB"", ""text"": ""священики""}, {""label"": ""JOB"", ""text"": ""Автор""}]","[{""label"": ""PERS"", ""text"": ""митрополит"", ""start"": 19, ""end"": 29}, {""label"": ""QUANT"", ""text"": ""мало"", ""start"": 52, ""end"": 56}, {""label"": ""LOC"", ""text"": ""Березвечах"", ""start"": 61, ""end"": 71}, {""label"": ""QUANT"", ""text"": ""три"", ""start"": 74, ""end"": 77}, {""label"": ""PERS"", ""text"": ""Бориса"", ""start"": 82, ""end"": 88}, {""label"": ""LOC"", ""text"": ""Гліба"", ""start"": 92, ""end"": 97}, {""label"": ""QUANT"", ""text"": ""два"", ""start"": 100, ""end"": 103}, {""label"": ""LOC"", ""text"": ""Дубні"", ""start"": 108, ""end"": 113}, {""label"": ""QUANT"", ""text"": ""чотири"", ""start"": 116, ""end"": 122}, {""label"": ""LOC"", ""text"": ""Дермані"", ""start"": 127, ""end"": 134}, {""label"": ""QUANT"", ""text"": ""шість"", ""start"": 137, ""end"": 142}, {""label"": ""ORG"", ""text"": ""монастирів"", ""start"": 152, ""end"": 162}, {""label"": ""ORG"", ""text"": ""монастирів"", ""start"": 309, ""end"": 319}, {""label"": ""PERS"", ""text"": ""Автор"", ""start"": 351, ""end"": 356}, {""label"": ""ORG"", ""text"": ""сільських парафій"", ""start"": 415, ""end"": 432}]"
cad3420e607e94510f3f37daef1373347f8d5fd2f37cf7103c2ff331d686b579,"Оповідається також про « партію уніятських василіян » , про яких сказано : « Вони хоч і ненавидять грецький обряд та руську народність , та таки Римові не зовсім повинуються » — наводяться й приклади .","[{""label"": ""LOC"", ""text"": ""Римові""}]","[{""label"": ""ORG"", ""text"": ""партію уніятських василіян"", ""start"": 25, ""end"": 51}, {""label"": ""MISC"", ""text"": ""грецький обряд"", ""start"": 99, ""end"": 113}, {""label"": ""MISC"", ""text"": ""руську народність"", ""start"": 117, ""end"": 134}]"
a7a769547eba4b6a66ac411d1b134b338ccb97fae270378c9cb18d837c490864,"Відтак , між митрополитом К . Жоховським і василіянами встановилися напружені стосунки , що переросли у справжню війну чи бунти .","[{""label"": ""JOB"", ""text"": ""митрополитом""}, {""label"": ""PERS"", ""text"": ""К . Жоховським""}]","[{""label"": ""PERS"", ""text"": ""митрополитом К . Жоховським"", ""start"": 13, ""end"": 40}, {""label"": ""ORG"", ""text"": ""василіянами"", ""start"": 43, ""end"": 54}]"
f1e6c3ba870a3b511f1c4e77be392ce3d3a79cec0619ee92bd1d150ccf53aae9,"Подається історична довідка про стосунки єпископів із монастирями , ще за православної церкви .","[{""label"": ""JOB"", ""text"": ""єпископів""}]","[{""label"": ""ART"", ""text"": ""історична довідка"", ""start"": 10, ""end"": 27}, {""label"": ""PERS"", ""text"": ""єпископів"", ""start"": 41, ""end"": 50}, {""label"": ""ORG"", ""text"": ""монастирями"", ""start"": 54, ""end"": 65}, {""label"": ""ORG"", ""text"": ""православної церкви"", ""start"": 74, ""end"": 93}]"
adab3621dc48d45d5a998fe1dde0d9d79e6d2034c3f7f548e0808ae2ebdc1343,"За традицією мав управляти обителями єпископ , бо він чернець .","[{""label"": ""JOB"", ""text"": ""єпископ""}, {""label"": ""JOB"", ""text"": ""чернець""}]","[{""label"": ""LOC"", ""text"": ""обителями"", ""start"": 27, ""end"": 36}, {""label"": ""PERS"", ""text"": ""єпископ"", ""start"": 37, ""end"": 44}, {""label"": ""JOB"", ""text"": ""чернець"", ""start"": 54, ""end"": 61}]"
59bd33c55dfc8d94c5dfa9dd2dd4c31237b936432216514954d2036033a957d4,"Однак у римо-католицькій церкві « орденів багато » , тож задля різнорідності звичаїв біскуп не може ними управляти , адже біскупи все-таки належали до білого духовенства ( світського ) . Оповідається історія Василіянського ордену . Моторні оливи , що містять забруднювальні домішки , не можуть задовольняти поставлені до них вимоги , тому їх потрібно замінювати свіжими оливами .","[{""label"": ""ORG"", ""text"": ""римо-католицькій церкві""}, {""label"": ""JOB"", ""text"": ""біскуп""}, {""label"": ""JOB"", ""text"": ""біскупи""}, {""label"": ""ORG"", ""text"": ""Василіянського ордену""}]","[{""label"": ""ORG"", ""text"": ""римо-католицькій церкві"", ""start"": 8, ""end"": 31}, {""label"": ""PERS"", ""text"": ""біскуп"", ""start"": 85, ""end"": 91}, {""label"": ""PERS"", ""text"": ""біскупи"", ""start"": 122, ""end"": 129}, {""label"": ""ART"", ""text"": ""Моторні оливи"", ""start"": 232, ""end"": 245}, {""label"": ""ART"", ""text"": ""свіжими оливами"", ""start"": 362, ""end"": 377}]"
3a7d500bb140b0a71cdb0001cfccc89e97e06252ffa31e876b1319b1e59d8b4b,"Аби зберегти цінну сировину , відпрацьовані оливи збирають і піддають регенерації , що є економічно вигідним .",[],"[{""label"": ""ART"", ""text"": ""відпрацьовані оливи"", ""start"": 30, ""end"": 49}]"
0c4c4d66cfcca6ceeff964e2ca57e9f9904a83cfef9cd525969d4ba6b14c7034,"Кількість машин і механізмів , які використовують енергію двигуна внутрішнього згоряння , дедалі зростає , відповідно збільшується виробництво моторних олив .",[],"[{""label"": ""QUANT"", ""text"": ""Кількість машин і механізмів"", ""start"": 0, ""end"": 28}, {""label"": ""MISC"", ""text"": ""виробництво моторних олив"", ""start"": 131, ""end"": 156}]"
5606ad97bc84e4fc9ffab1d0cfcc0a5ca7a2991c46708e046bd0c70439ed240c,"У процесі експлуатації в оливах накопичуються продукти окислення , забруднення та інші домішки , які різко знижують їхню якість .",[],"[{""label"": ""ART"", ""text"": ""оливах"", ""start"": 25, ""end"": 31}, {""label"": ""MISC"", ""text"": ""продукти окислення"", ""start"": 46, ""end"": 64}]"
3e4f977157c31b3f8c035835b21c308b085807da08e9579f5e6aa79093734826,"Переробляти відпрацьовані моторні оливи разом із нафтою не можна , тому що присадки , що містяться в оливах , порушують роботу нафтопереробного устаткування .",[],"[{""label"": ""MISC"", ""text"": ""присадки"", ""start"": 75, ""end"": 83}, {""label"": ""ORG"", ""text"": ""нафтопереробного устаткування"", ""start"": 127, ""end"": 156}]"
1aae2ecc60cab78f192335e2b99971b670877d35844d00a436391c99586daac7,"Залежно від процесу регенерації отримують 2-3 фракції базових олив , з яких за допомогою компаундування та введення присадок можна виготовити товарні оливи .",[],"[{""label"": ""QUANT"", ""text"": ""2-3"", ""start"": 42, ""end"": 45}, {""label"": ""MISC"", ""text"": ""базових олив"", ""start"": 54, ""end"": 66}, {""label"": ""ART"", ""text"": ""товарні оливи"", ""start"": 142, ""end"": 155}]"
0feaeee19886b2fa8adfd75f6972526cf45bea28806484efda0cd21ed6ccb7ca,"Середній вихід регенерованої оливи з відпрацьованої , яка містить близько 2-4 % твердих забруднювальних домішок і воду , до 10 % палива , сягає 70-85 % залежно від способу регенерації .","[{""label"": ""PCT"", ""text"": ""2-4 %""}, {""label"": ""PCT"", ""text"": ""10 %""}, {""label"": ""PCT"", ""text"": ""70-85 %""}]","[{""label"": ""PCT"", ""text"": ""2-4 %"", ""start"": 74, ""end"": 79}, {""label"": ""ART"", ""text"": ""твердих забруднювальних домішок і воду"", ""start"": 80, ""end"": 118}, {""label"": ""PCT"", ""text"": ""10 %"", ""start"": 124, ""end"": 128}, {""label"": ""ART"", ""text"": ""палива"", ""start"": 129, ""end"": 135}, {""label"": ""PCT"", ""text"": ""70-85 %"", ""start"": 144, ""end"": 151}]"
508c232dd80bddd10f5be49a9069ada1e0e71a63d08142fe0c66b685f95bc0de,"Для відновлення відпрацьованих олив застосовують різноманітні технологічні операції , які ґрунтуються на фізичних , фізико-хімічних і хімічних процесах і полягають в обробці оливи з метою видалення з неї продуктів старіння і забруднення .",[],"[{""label"": ""ART"", ""text"": ""олив"", ""start"": 31, ""end"": 35}, {""label"": ""MISC"", ""text"": ""різноманітні технологічні операції"", ""start"": 49, ""end"": 83}, {""label"": ""MISC"", ""text"": ""фізичних , фізико-хімічних і хімічних процесах"", ""start"": 105, ""end"": 151}, {""label"": ""ART"", ""text"": ""оливи"", ""start"": 174, ""end"": 179}]"
2848973d44bb6210f5d57310b0494c4b56ea173255c7b20fe6bdfafedc307f32,У процесі технологічної обробки зазвичай дотримуються такої послідовності методів :,[],[]
763b4e66ebf3f4101378e5d7cd1aba9babf4705f5e95c527485dff89a0b4185c,• механічний — видалення з оливи вільної води і твердих забруднень ;,[],"[{""label"": ""MISC"", ""text"": ""механічний"", ""start"": 2, ""end"": 12}]"
023ced9eeeeed016b95c05d1abef3a460917d4dacd69e4f1dfd06e3fcbc5cac2,"• теплофізичний ( випарювання , вакуумна перегонка ) ;",[],"[{""label"": ""MISC"", ""text"": ""теплофізичний ( випарювання , вакуумна перегонка )"", ""start"": 2, ""end"": 52}]"
7b270bb2c196d29d2940e03b3eeaa96f467601dc2193ccdb2f6780409242a166,"• фізико-хімічний ( коагуляція , адсорбція ) .",[],"[{""label"": ""MISC"", ""text"": ""фізико-хімічний"", ""start"": 2, ""end"": 17}, {""label"": ""MISC"", ""text"": ""коагуляція , адсорбція"", ""start"": 20, ""end"": 42}]"
df251f02f66e1bd958a3ea29c39288fd6e4dd0f1926630cabc7a77651d6fb7ad,"Якщо їх недостатньо , застосовують хімічні способи регенерації олив , що потребують складнішого обладнання і більших витрат .",[],"[{""label"": ""ART"", ""text"": ""хімічні способи регенерації олив"", ""start"": 35, ""end"": 67}, {""label"": ""ART"", ""text"": ""складнішого обладнання"", ""start"": 84, ""end"": 106}]"
405b2592e22b98e2423cdd88b460b21c837da6815cf8f060a0050fc421bc2720,Фізичні методи,[],[]
c0dd17c7c067d37e3e96e671f8d6e51b8a674a0bb08411e83a0c22e012606c2d,"За допомогою фізичних методів із олив видаляють тверді частинки забруднень , мікрокраплі води і частково — смолисті й коксоподібні речовини , за допомогою випарювання — легкокиплячі домішки .",[],"[{""label"": ""MISC"", ""text"": ""тверді частинки забруднень"", ""start"": 48, ""end"": 74}, {""label"": ""MISC"", ""text"": ""мікрокраплі води"", ""start"": 77, ""end"": 93}, {""label"": ""MISC"", ""text"": ""смолисті й коксоподібні речовини"", ""start"": 107, ""end"": 139}, {""label"": ""MISC"", ""text"": ""легкокиплячі домішки"", ""start"": 169, ""end"": 189}]"
248790ada8bdccb9afa7608d69462ecbffa4d04b116857c0aaed3200657597ad,"Оливи обробляють у силовому полі з використанням гравітаційних , відцентрових і рідше електричних , магнітних і вібраційних сил , а також за допомогою фільтрування , випарювання та вакуумної дистиляції .",[],"[{""label"": ""ART"", ""text"": ""Оливи"", ""start"": 0, ""end"": 5}]"
984d2a807abdbcf1fdebc10dd6863531b4ee65ac930812980955ad27caa80e2b,"До фізичних методів очищення відпрацьованих олив належать також різні масо - і теплообмінні процеси , за допомогою яких із олив видаляють продукти окислення вуглеводнів , воду і легкокиплячі фракції .",[],"[{""label"": ""ART"", ""text"": ""олив"", ""start"": 44, ""end"": 48}, {""label"": ""MISC"", ""text"": ""різні масо - і теплообмінні процеси"", ""start"": 64, ""end"": 99}, {""label"": ""ART"", ""text"": ""олив"", ""start"": 123, ""end"": 127}]"
90cad9345ea146a2599e299186b4692fed4e328a169f1c340ec890731a3281b4,Відстоювання,[],"[{""label"": ""MISC"", ""text"": ""Відстоювання"", ""start"": 0, ""end"": 12}]"
bc3ac500da51908deba1038c5169e8b2eeec9d2124819882fc5918c9ec9e8b49,Це найпростіший метод природного осадження механічних частинок і води під дією гравітаційних сил .,[],[]
3a698f26e18e85c8cdd678ddb151fe8ca1c72592fd885a4494c4799eb0d295e9,"Залежно від ступеня забруднення оливи і часу , відведеного на очищення , відстоювання застосовують або самостійно , або як метод , що передує фільтрації чи відцентровому очищенню .",[],"[{""label"": ""PERIOD"", ""text"": ""часу , відведеного на очищення"", ""start"": 40, ""end"": 70}, {""label"": ""MISC"", ""text"": ""відстоювання"", ""start"": 73, ""end"": 85}]"
6e5863f94cf805de365a6f13c6f6203d3e005b001bb48cf9280bd7710ec7a762,Основним недоліком цього методу є тривалість процесу осідання частинок до повного очищення і видалення лише найбільших часточок розміром 50-100 мкм .,"[{""label"": ""QUANT"", ""text"": ""50-100 мкм""}]","[{""label"": ""QUANT"", ""text"": ""50-100 мкм"", ""start"": 137, ""end"": 147}]"
d460459baa58cfc89f90b0c0d08614a976466f577366193506f56ad1aa2b4912,Фільтрація,[],[]
74ff55ce38c2f7ab47b5c63ec456cfe77d6f9b13967483db9a6c89240869390d,Фільтрація — це видалення частинок механічних домішок і смолистих сполук шляхом пропускання оливи крізь сітчасті чи пористі перегородки фільтрів .,[],"[{""label"": ""MISC"", ""text"": ""Фільтрація"", ""start"": 0, ""end"": 10}]"
1c3b0354c96f14f24b1d735998dc337cabd4137bc4cfb102b427f1d9a0f11e0c,"Фільтраційними матеріалами слугують металеві та пластмасові сітки , повсть , тканини , папір , композиційні матеріали і кераміка .",[],"[{""label"": ""ART"", ""text"": ""металеві та пластмасові сітки"", ""start"": 36, ""end"": 65}, {""label"": ""ART"", ""text"": ""повсть"", ""start"": 68, ""end"": 74}, {""label"": ""MISC"", ""text"": ""папір"", ""start"": 87, ""end"": 92}, {""label"": ""MISC"", ""text"": ""композиційні матеріали"", ""start"": 95, ""end"": 117}]"
7c843effc7573cf99617b3582ede80a905ad38e603a91c930d56e0ea8d96db6e,"Часто для підвищення якості очищення моторних олив збільшують кількість фільтрів грубого очищення , а також вдаються до тонкого очищення оливи .",[],"[{""label"": ""ART"", ""text"": ""моторних олив"", ""start"": 37, ""end"": 50}, {""label"": ""QUANT"", ""text"": ""кількість фільтрів грубого очищення"", ""start"": 62, ""end"": 97}]"
4e525d0d14d0fdccdb255e7d1ecb6ef41b6d5f36e780296841a600e19109e775,Відцентрове очищення,[],"[{""label"": ""MISC"", ""text"": ""Відцентрове очищення"", ""start"": 0, ""end"": 20}]"
4faf1296b7c0e768949e85432ad46b504638b915207f698223cf8611b423cbbb,Це найефективніший і високопродуктивний метод видалення механічних домішок і води за допомогою центрифуг .,[],"[{""label"": ""ART"", ""text"": ""центрифуг"", ""start"": 95, ""end"": 104}]"
3942f89380b34e918097b2b0d2ecc3664acc3cba9535e592b1f65a6ea819eca4,У його основі лежить поділ різних фракцій неоднорідних сумішей під дією відцентрової сили .,[],"[{""label"": ""MISC"", ""text"": ""неоднорідних сумішей"", ""start"": 42, ""end"": 62}]"
9c3824390b2f949c9a862c308c4b77d23577e41f2b3a795fa6cd606ec75625a5,"Застосування центрифуг забезпечує очищення олив від механічних домішок до 0,005 % за масою , що відповідає 13-му класу чистоти за ГОСТ 17216-2001 « Чистота промышленная . Классы чистоты жидкостей » , і зневоднення до 0,6 % за масою .","[{""label"": ""PCT"", ""text"": ""0,005 %""}, {""label"": ""DOC"", ""text"": ""ГОСТ 17216-2001 « Чистота промышленная . Классы чистоты жидкостей »""}, {""label"": ""PCT"", ""text"": ""0,6 %""}]","[{""label"": ""PCT"", ""text"": ""0,005 %"", ""start"": 74, ""end"": 81}, {""label"": ""PCT"", ""text"": ""0,6 %"", ""start"": 217, ""end"": 222}]"
3388070ae66445cce38483349b9368500dd7d017754c483a4399bd03059c5dc9,Фізико-хімічні методи,[],"[{""label"": ""MISC"", ""text"": ""Фізико-хімічні методи"", ""start"": 0, ""end"": 21}]"
7155254a0c669a4c890cd2f13ec7a83aebe1980e8fdb2062e1d93238f744083c,"Для регенерації олив широко застосовують фізико-хімічні методи , які включають коагуляцію , адсорбцію і селективне розчинення забруднень , що містяться в оливі . 10 столових ложок масла кладемо у ринку і розтоплюємо .",[],"[{""label"": ""ART"", ""text"": ""олив"", ""start"": 16, ""end"": 20}, {""label"": ""ART"", ""text"": ""оливі"", ""start"": 154, ""end"": 159}, {""label"": ""QUANT"", ""text"": ""10 столових ложок масла"", ""start"": 162, ""end"": 185}, {""label"": ""LOC"", ""text"": ""ринку"", ""start"": 196, ""end"": 201}]"
ecbc283b749e0a4f670a763ad52b71d417164af4cdbd14d8d9494700ca768dc0,"Додаємо 8 повних ложок борошна і продовжуємо нагрівати суміш , помішуючи дерев’яною ложкою . Через кілька хвилин знімаємо з вогню , додаємо трохи холодного молока і пучку солі .","[{""label"": ""TIME"", ""text"": ""Через кілька хвилин""}]","[{""label"": ""QUANT"", ""text"": ""8 повних ложок борошна"", ""start"": 8, ""end"": 30}, {""label"": ""PERIOD"", ""text"": ""кілька хвилин"", ""start"": 99, ""end"": 112}, {""label"": ""MISC"", ""text"": ""пучку солі"", ""start"": 165, ""end"": 175}]"
824555f96ba58860d61d5a254d4929d7d667fcc40043f06ba6db3d947c889af9,"Все це розмішуємо , доки суміш загусне , а тоді ринку знову ставимо на 2 хвилини на вогонь .","[{""label"": ""PERIOD"", ""text"": ""2 хвилини""}]","[{""label"": ""LOC"", ""text"": ""ринку"", ""start"": 48, ""end"": 53}, {""label"": ""PERIOD"", ""text"": ""2 хвилини"", ""start"": 71, ""end"": 80}]"
6bb6e36ebd3331e99597fa6c3a74dc06b2c959322bbd32ffd8b9f9323f7527fc,Потім додаємо ложку кавового екстракту ( або розчину кави у необхідній пропорції ) і шість ложок цукрової пудри .,[],"[{""label"": ""QUANT"", ""text"": ""ложку кавового екстракту"", ""start"": 14, ""end"": 38}, {""label"": ""QUANT"", ""text"": ""шість ложок"", ""start"": 85, ""end"": 96}, {""label"": ""ART"", ""text"": ""цукрової пудри"", ""start"": 97, ""end"": 111}]"
148690b547fc6fcc51eede2a466dccb6d277c6ab5c68cde542e51d4bb0244b52,"Беремо п’ять яєць , відділяємо білки від жовтків .",[],"[{""label"": ""QUANT"", ""text"": ""п’ять яєць"", ""start"": 7, ""end"": 17}, {""label"": ""MISC"", ""text"": ""білки"", ""start"": 31, ""end"": 36}, {""label"": ""ART"", ""text"": ""жовтків"", ""start"": 41, ""end"": 48}]"
4656d0437ef782c99f99a07260768251c09645b907c358f8d4358e3f55e7c75d,Жовтки додаємо до раніше приготованої суміші і добре збиваємо .,[],"[{""label"": ""ART"", ""text"": ""Жовтки"", ""start"": 0, ""end"": 6}]"
fa24238a9e028aef7914cc47a25c5176add81bd1dffc1c524dba7bf573abcab3,Окремо збиваємо білки і обережно додаємо до всієї суміші .,[],"[{""label"": ""MISC"", ""text"": ""білки"", ""start"": 16, ""end"": 21}]"
e5114812706d9572ad8852569beed35c39b15a7461bd141b205b8af0a579610c,"Маслом намащуємо форму чи кілька невеликих форм і , наповнивши їх до половини сумішшю , ставимо у достатньо гарячу братруру .",[],"[{""label"": ""ART"", ""text"": ""Маслом"", ""start"": 0, ""end"": 6}, {""label"": ""ART"", ""text"": ""форму"", ""start"": 17, ""end"": 22}, {""label"": ""ART"", ""text"": ""форм"", ""start"": 43, ""end"": 47}, {""label"": ""PCT"", ""text"": ""половини"", ""start"": 69, ""end"": 77}, {""label"": ""LOC"", ""text"": ""достатньо гарячу братруру"", ""start"": 98, ""end"": 123}]"
e3cb6921020e4159ce97409f7575acdfa3fa4da22a3e7845c357fd6de8034054,До столу подаємо відразу ж після приготування . Українська література завжди була тісно пов'язана з національним буттям народу .,[],"[{""label"": ""PERIOD"", ""text"": ""відразу ж після приготування"", ""start"": 17, ""end"": 45}, {""label"": ""MISC"", ""text"": ""Українська література"", ""start"": 48, ""end"": 69}]"
6fe49b2c63088e5f40893169ba68d0d8da92ac5a41e81112b0d3c4981559d8d9,"Особливо міцніли ці зв'язки в революційну чи перехідну добу , коли між новим та старим точилася боротьба не на життя , а на смерть .",[],"[{""label"": ""PERIOD"", ""text"": ""революційну чи перехідну добу"", ""start"": 30, ""end"": 59}, {""label"": ""PERS"", ""text"": ""новим та старим"", ""start"": 71, ""end"": 86}]"
2532fceb735bf799612d65baa7ed54fc23a372750a2e76e71571ae02e72825db,Йдеться про першу третину XX століття .,"[{""label"": ""DATE"", ""text"": ""першу третину XX століття""}]","[{""label"": ""PERIOD"", ""text"": ""першу третину XX століття"", ""start"": 12, ""end"": 37}]"
bed2805dcf86b419227ddc05c0d3d3c36241d0b84f17a8f8877bae3c8292b04e,"Тоді гостро постали проблеми гуманізму , сенсу життя людини , свободи , прогресу і справедливості .",[],"[{""label"": ""MISC"", ""text"": ""гуманізму"", ""start"": 29, ""end"": 38}, {""label"": ""MISC"", ""text"": ""свободи"", ""start"": 62, ""end"": 69}]"
b96f70b9b49eac73b0c7d973c7bd1749c24f759f5d173cdbe466325b04bbbaa8,"У пореволюційні роки культура українського народу , мова якого в Російській імперії протягом кількох століть зазнавала жорстоких заборон , забуяла суцвіттям мистецьких талантів .","[{""label"": ""LOC"", ""text"": ""Російській імперії""}, {""label"": ""PERIOD"", ""text"": ""кількох століть""}]","[{""label"": ""PERIOD"", ""text"": ""пореволюційні роки"", ""start"": 2, ""end"": 20}, {""label"": ""LOC"", ""text"": ""Російській імперії"", ""start"": 65, ""end"": 83}]"
44b9e674dc291afaa7b805d206477be4e3e71b04c8c857e6197e91339652697c,Відбувся переворот в естетичній свідомості й художній культурі .,[],[]
d50f03050c4193309b378662f4bfaace5c09412857314c42280221a3036023a3,"Українська література стає модерною за змістом і формами , впевнено крокує під гаслами духовного оновлення й національного відродження .",[],"[{""label"": ""MISC"", ""text"": ""Українська література"", ""start"": 0, ""end"": 21}]"
2fb2d84a23a95a7102a826f9c7acbf7133e50fcddcdbe40b5b9fc2507caec390,"Естетична стратегія . Письменники , що сповідували самодостатність мистецтва , розуміючи його як естетичний феномен , прагнули піднести українську літературу до європейського рівня .",[],"[{""label"": ""MISC"", ""text"": ""Естетична стратегія"", ""start"": 0, ""end"": 19}, {""label"": ""PERS"", ""text"": ""Письменники"", ""start"": 22, ""end"": 33}, {""label"": ""MISC"", ""text"": ""українську літературу"", ""start"": 136, ""end"": 157}]"
10ecdde7271419821daa1c31414df50c88ce0d538acc451b0d04c6a70582821a,"Створивши творчу студію « Урбіно » ( від назви міста , де народився славетний основоположник європейського Ренесансу Рафаель ) , Микола Хвильовий перекинув місток між українським відродженням 20-х років XX століття й італійським початку XVI століття .","[{""label"": ""ORG"", ""text"": ""Урбіно""}, {""label"": ""MISC"", ""text"": ""Ренесансу""}, {""label"": ""PERS"", ""text"": ""Рафаель""}, {""label"": ""PERS"", ""text"": ""Микола Хвильовий""}, {""label"": ""DATE"", ""text"": ""20-х років XX століття""}, {""label"": ""DATE"", ""text"": ""початку XVI століття""}]","[{""label"": ""LOC"", ""text"": ""Урбіно"", ""start"": 26, ""end"": 32}, {""label"": ""PERS"", ""text"": ""Микола Хвильовий"", ""start"": 129, ""end"": 145}, {""label"": ""PERIOD"", ""text"": ""20-х років XX століття"", ""start"": 192, ""end"": 214}, {""label"": ""PERIOD"", ""text"": ""італійським початку XVI століття"", ""start"": 217, ""end"": 249}]"
1950954568d3b6d63dbe23509b63a1f06033d30d1fa4aa4d99f2ae9fc59e063b,"Діячі національного відродження шукали нових стилів , манер та форм творчості , відкидали кайдани нормативності й консерватизму .",[],"[{""label"": ""ORG"", ""text"": ""Діячі національного відродження"", ""start"": 0, ""end"": 31}]"
56713ef3ff4d3089e3e19ef0162005a7c730a5e52ba24fd0dc1d3529c03594b3,"Принцип розмаїтості став у 20-х роках не тільки гаслом , а й реальним фактом .","[{""label"": ""PERIOD"", ""text"": ""20-х роках""}]","[{""label"": ""MISC"", ""text"": ""Принцип розмаїтості"", ""start"": 0, ""end"": 19}, {""label"": ""PERIOD"", ""text"": ""20-х роках"", ""start"": 27, ""end"": 37}]"
63ef39f74abaa02daec160a63db1301812d18331f5cdb73ba0849855f420618e,"Неокласики , наприклад , культивували класичну форму поезії , проте наповнену модерним мисленням , тоді як Михайль Семенко і Валер'ян Поліщук — вільну , верлібр .","[{""label"": ""PERS"", ""text"": ""Михайль Семенко""}, {""label"": ""PERS"", ""text"": ""Валер'ян Поліщук""}]","[{""label"": ""MISC"", ""text"": ""класичну форму поезії"", ""start"": 38, ""end"": 59}, {""label"": ""PERS"", ""text"": ""Михайль Семенко"", ""start"": 107, ""end"": 122}, {""label"": ""PERS"", ""text"": ""Валер'ян Поліщук"", ""start"": 125, ""end"": 141}, {""label"": ""MISC"", ""text"": ""верлібр"", ""start"": 153, ""end"": 160}]"
d2b552d651d383e5d1a8c2bb7e469250e760d02734028e340d6cde78bc214156,"Митці заперечували натуралізм і народницький реалізм , прагнули наповнити мистецтво слова філософською глибиною , що мало піднести літературу на нові ідейно-мистецькі вершини .",[],"[{""label"": ""PERS"", ""text"": ""Митці"", ""start"": 0, ""end"": 5}, {""label"": ""ART"", ""text"": ""мистецтво слова"", ""start"": 74, ""end"": 89}, {""label"": ""ART"", ""text"": ""літературу"", ""start"": 131, ""end"": 141}]"
5b34f647a65224f086504c18878f77dc347eff78855faa7686d8c21fe307aac2,"Літературні угруповання . В жоден період історії розвитку мистецтва слова літературний процес не був таким складним і динамічним , як у 20-і роки .","[{""label"": ""DATE"", ""text"": ""20-і роки""}]","[{""label"": ""ORG"", ""text"": ""Літературні угруповання"", ""start"": 0, ""end"": 23}, {""label"": ""MISC"", ""text"": ""літературний процес"", ""start"": 74, ""end"": 93}, {""label"": ""PERIOD"", ""text"": ""20-і роки"", ""start"": 136, ""end"": 145}]"
e15046776de674176229ec7a10aceb95fc0be3ea5ae1fa1903464a0dad864b2f,"Характерною ознакою його була поява різноманітних літературних груп та організацій , які так чи інакше виражали проблеми своєї доби .",[],"[{""label"": ""ORG"", ""text"": ""різноманітних літературних груп та організацій"", ""start"": 36, ""end"": 82}]"
cfa6fc1d525af2cc8c70dac9d47970cc65f49a8e7476e941c6017f25344695ee,"Митці об'єднувалися за спільними світовідчуттями , естетичними принципами та певною політичною платформою .",[],"[{""label"": ""PERS"", ""text"": ""Митці"", ""start"": 0, ""end"": 5}, {""label"": ""MISC"", ""text"": ""естетичними принципами"", ""start"": 51, ""end"": 73}, {""label"": ""MISC"", ""text"": ""певною політичною платформою"", ""start"": 77, ""end"": 105}]"
1baae1bf695f851c0a75cb2f59aa9bb4ad7a3e22efeea8a6b17f168c21b1f1b4,"Частина письменників прагнула розв'язати соціальні й національні питання , інша — зосереджувала увагу на естетичних проблемах .",[],"[{""label"": ""PERS"", ""text"": ""письменників"", ""start"": 8, ""end"": 20}, {""label"": ""MISC"", ""text"": ""соціальні й національні питання"", ""start"": 41, ""end"": 72}, {""label"": ""MISC"", ""text"": ""естетичних проблемах"", ""start"": 105, ""end"": 125}]"
eb2053d699da2b6d25588ea7fd176f8255323a0cec446a158f7e3bd75d94715c,"У бурхливому літературному житті 20-х років окреслюються такі літературні організації , як « Гарт » ( спілка пролетарських письменників ) , « Плуг » ( спілка селянських письменників ) , « Молодняк » ( спілка молодих письменників ) , « АСПИС » ( Асоціація письменників ) , « Ланка » , « МАРС » ( Майстерня революційного слова ) , « ВАПЛІТЕ » ( Вільна академія пролетарської літератури ) , « Авангард » , « Нова генерація » тощо .","[{""label"": ""DATE"", ""text"": ""20-х років""}, {""label"": ""ORG"", ""text"": ""Гарт""}, {""label"": ""ORG"", ""text"": ""Плуг""}, {""label"": ""ORG"", ""text"": ""Молодняк""}, {""label"": ""ORG"", ""text"": ""АСПИС""}, {""label"": ""ORG"", ""text"": ""Ланка""}, {""label"": ""ORG"", ""text"": ""МАРС""}, {""label"": ""ORG"", ""text"": ""Майстерня революційного слова""}, {""label"": ""ORG"", ""text"": ""ВАПЛІТЕ""}, {""label"": ""ORG"", ""text"": ""Вільна академія пролетарської літератури""}, {""label"": ""ORG"", ""text"": ""Авангард""}, {""label"": ""ORG"", ""text"": ""Нова генерація""}]","[{""label"": ""PERIOD"", ""text"": ""20-х років"", ""start"": 33, ""end"": 43}, {""label"": ""ORG"", ""text"": ""Гарт"", ""start"": 93, ""end"": 97}, {""label"": ""ORG"", ""text"": ""спілка пролетарських письменників"", ""start"": 102, ""end"": 135}, {""label"": ""ORG"", ""text"": ""Плуг"", ""start"": 142, ""end"": 146}, {""label"": ""ORG"", ""text"": ""спілка селянських письменників"", ""start"": 151, ""end"": 181}, {""label"": ""ORG"", ""text"": ""Молодняк"", ""start"": 188, ""end"": 196}, {""label"": ""ORG"", ""text"": ""спілка молодих письменників"", ""start"": 201, ""end"": 228}, {""label"": ""ORG"", ""text"": ""АСПИС"", ""start"": 235, ""end"": 240}, {""label"": ""ORG"", ""text"": ""Асоціація письменників"", ""start"": 245, ""end"": 267}, {""label"": ""ORG"", ""text"": ""Ланка"", ""start"": 274, ""end"": 279}, {""label"": ""ORG"", ""text"": ""МАРС"", ""start"": 286, ""end"": 290}, {""label"": ""ORG"", ""text"": ""Майстерня революційного слова"", ""start"": 295, ""end"": 324}, {""label"": ""ORG"", ""text"": ""ВАПЛІТЕ"", ""start"": 331, ""end"": 338}, {""label"": ""ORG"", ""text"": ""Вільна академія пролетарської літератури"", ""start"": 343, ""end"": 383}, {""label"": ""ORG"", ""text"": ""Авангард"", ""start"": 390, ""end"": 398}, {""label"": ""ORG"", ""text"": ""Нова генерація"", ""start"": 405, ""end"": 419}]"
6d3b1e17ff0d6af40dfec2ff9cf696c5e63eb8f8e93afff6c14bb936c47e75ae,Ці угруповання утверджували модерністські стильові напрями .,[],"[{""label"": ""ORG"", ""text"": ""Ці угруповання"", ""start"": 0, ""end"": 14}, {""label"": ""MISC"", ""text"": ""модерністські стильові напрями"", ""start"": 28, ""end"": 58}]"
1b623f4b460db6c8c245b42a1d3eaa73ecd0b9e911c2a2e3ff65aacecb4a6508,"Символістські групи . Як ви вже знаєте з 10 класу , символісти прагнули висловити індивідуальний емоційний досвід за допомогою символізованої мови .",[],"[{""label"": ""ORG"", ""text"": ""Символістські групи"", ""start"": 0, ""end"": 19}, {""label"": ""PERIOD"", ""text"": ""10 класу"", ""start"": 41, ""end"": 49}, {""label"": ""ORG"", ""text"": ""символісти"", ""start"": 52, ""end"": 62}]"
1713cdaab74bb072c9e1af250fab583c94b5cb8e55cb13a17762b592e45d472f,"Вони заглиблювалися у внутрішній , ірраціональний світ , розкриваючи таємниці людського « Я » за допомогою метафор та образів-символів .",[],"[{""label"": ""PERS"", ""text"": ""Вони"", ""start"": 0, ""end"": 4}]"
c8146389e6c0e1da09bd9019573ffe3e4fa44e7d9c21af5a856464eb6694d49f,"Важливу роль відводили милозвучності , кольору , відтінкам , дбайливо дібраним словам , спроможним відтворити прихований внутрішній світ .",[],"[{""label"": ""MISC"", ""text"": ""милозвучності"", ""start"": 23, ""end"": 36}]"
0b541891503b4a11e6c1b0baf3b644431340adda9ba7fd68ffec213a38d867c0,"У Києві 1918 року символісти заснували школу « Біла студія » , видали збірник « Літературно-критичний альманах » .","[{""label"": ""LOC"", ""text"": ""Києві""}, {""label"": ""DATE"", ""text"": ""1918 року""}, {""label"": ""ORG"", ""text"": ""Біла студія""}, {""label"": ""ART"", ""text"": ""Літературно-критичний альманах""}]","[{""label"": ""LOC"", ""text"": ""Києві"", ""start"": 2, ""end"": 7}, {""label"": ""DATE"", ""text"": ""1918 року"", ""start"": 8, ""end"": 17}, {""label"": ""PERS"", ""text"": ""символісти"", ""start"": 18, ""end"": 28}, {""label"": ""ORG"", ""text"": ""Біла студія"", ""start"": 47, ""end"": 58}, {""label"": ""ART"", ""text"": ""Літературно-критичний альманах"", ""start"": 80, ""end"": 110}]"
0e313bca5611980b8176287d89c020a21ce1c6567c37a257fa4115da85a9b0c1,Його редактором був поет-символіст Яків Савченко .,"[{""label"": ""JOB"", ""text"": ""поет-символіст""}, {""label"": ""PERS"", ""text"": ""Яків Савченко""}]","[{""label"": ""JOB"", ""text"": ""Його редактором"", ""start"": 0, ""end"": 15}, {""label"": ""JOB"", ""text"": ""поет-символіст"", ""start"": 20, ""end"": 34}, {""label"": ""PERS"", ""text"": ""Яків Савченко"", ""start"": 35, ""end"": 48}]"
d404cf0e41fa6f7c15d27b67ac663ef64d7d3545324b32b28bd2b6efb6414b7b,"Тут оприлюднили свої твори Павло Тичина , Павло Савченко , Яків Савченко , Олекса Слісаренко , Дмитро Загул , Микола Терещенко .","[{""label"": ""PERS"", ""text"": ""Павло Тичина""}, {""label"": ""PERS"", ""text"": ""Павло Савченко""}, {""label"": ""PERS"", ""text"": ""Яків Савченко""}, {""label"": ""PERS"", ""text"": ""Олекса Слісаренко""}, {""label"": ""PERS"", ""text"": ""Дмитро Загул""}, {""label"": ""PERS"", ""text"": ""Микола Терещенко""}]","[{""label"": ""LOC"", ""text"": ""Тут"", ""start"": 0, ""end"": 3}, {""label"": ""PERS"", ""text"": ""Павло Тичина"", ""start"": 27, ""end"": 39}, {""label"": ""PERS"", ""text"": ""Павло Савченко"", ""start"": 42, ""end"": 56}, {""label"": ""PERS"", ""text"": ""Яків Савченко"", ""start"": 59, ""end"": 72}, {""label"": ""PERS"", ""text"": ""Олекса Слісаренко"", ""start"": 75, ""end"": 92}, {""label"": ""PERS"", ""text"": ""Дмитро Загул"", ""start"": 95, ""end"": 107}, {""label"": ""PERS"", ""text"": ""Микола Терещенко"", ""start"": 110, ""end"": 126}]"
5e4b59b953a245330d2f6551b6ac084a8936775c597a727c91b93e3d022561a0,У цьому ж році символісти утворили групу « Музагет » ( Музагет — грецький епітет Аполлона й Діоніса як проводирів муз ) й видали однойменний альманах .,"[{""label"": ""ORG"", ""text"": ""Музагет""}, {""label"": ""PERS"", ""text"": ""Музагет""}, {""label"": ""PERS"", ""text"": ""Аполлона""}, {""label"": ""PERS"", ""text"": ""Діоніса""}]","[{""label"": ""ORG"", ""text"": ""символісти"", ""start"": 15, ""end"": 25}, {""label"": ""ORG"", ""text"": ""Музагет"", ""start"": 43, ""end"": 50}, {""label"": ""ORG"", ""text"": ""Музагет"", ""start"": 55, ""end"": 62}, {""label"": ""PERS"", ""text"": ""Аполлона"", ""start"": 81, ""end"": 89}, {""label"": ""PERS"", ""text"": ""Діоніса"", ""start"": 92, ""end"": 99}, {""label"": ""MISC"", ""text"": ""альманах"", ""start"": 141, ""end"": 149}]"
f629d125fab1436c403214182e4acac2e850039faabc137709efe8b90aa4298b,"Естетичну платформу виклав Юрій Іванів-Меженко у програмній статті « Творчість індивідуума і колектив » , у якій стверджував : « Творчий індивідуум тільки тоді може творити , коли визнає себе вищою істотою над загалом » і не підлягає колективові , хоча й відчуває з ним свою національну спорідненість .","[{""label"": ""PERS"", ""text"": ""Юрій Іванів-Меженко""}, {""label"": ""ART"", ""text"": ""Творчість індивідуума і колектив""}]","[{""label"": ""PERS"", ""text"": ""Юрій Іванів-Меженко"", ""start"": 27, ""end"": 46}, {""label"": ""ORG"", ""text"": ""колективові"", ""start"": 234, ""end"": 245}]"
0451490412f6929298c82063b02be3de802994b6c9b67849ba1d4ffd46cc6b1d,Це типово модерністська концепція мистецтва .,[],[]
60998ac997cb801e9b4e281b9a4eae16ed089f07e2975f7f0bff143ac9d1a04a,"Символісти групи « Гроно » видали альманахи « Гроно » ( 1920 ) , « Вир революції » ( 1922 ) .","[{""label"": ""ORG"", ""text"": ""Гроно""}, {""label"": ""ART"", ""text"": ""Гроно""}, {""label"": ""DATE"", ""text"": ""1920""}, {""label"": ""ART"", ""text"": ""Вир революції""}, {""label"": ""DATE"", ""text"": ""1922""}]","[{""label"": ""ORG"", ""text"": ""Гроно"", ""start"": 19, ""end"": 24}, {""label"": ""ORG"", ""text"": ""Гроно"", ""start"": 46, ""end"": 51}, {""label"": ""DATE"", ""text"": ""1920"", ""start"": 56, ""end"": 60}, {""label"": ""ART"", ""text"": ""Вир революції"", ""start"": 67, ""end"": 80}, {""label"": ""DATE"", ""text"": ""1922"", ""start"": 85, ""end"": 89}]"
260531313ad4043c0298f277c0ae2b922bc841250f0164656ff06df0e1d77bfa,"Футуристські угруповання . Футуризм ( латин . , futurum — майбутнє ) був відгалуженням модернізму , ставши одним із напрямів авангардизму .",[],"[{""label"": ""ORG"", ""text"": ""Футуристські угруповання"", ""start"": 0, ""end"": 24}, {""label"": ""MISC"", ""text"": ""Футуризм"", ""start"": 27, ""end"": 35}, {""label"": ""MISC"", ""text"": ""авангардизму"", ""start"": 125, ""end"": 137}]"
5ebfa3e27609a3e10ea063a287af3181fda331dd48908cc3c81eeb2f2db57daa,"Його представники заявляли , що творять « мистецтво майбутнього » , заперечуючи його суспільну функцію та ідейний намір митця .",[],"[{""label"": ""PERS"", ""text"": ""Його представники"", ""start"": 0, ""end"": 17}, {""label"": ""ART"", ""text"": ""мистецтво майбутнього"", ""start"": 42, ""end"": 63}, {""label"": ""PERS"", ""text"": ""митця"", ""start"": 120, ""end"": 125}]"
ed97986745bd849de9d89a26726e2c92066ed29bc467900c8daf14916f7b28a7,Міжпредметні паралелі . Маніфест футуристів склав італійський поет Філіппо Марінетті . оприлюднивши його у паризькій газеті « Фігаро » 1909 року .,"[{""label"": ""JOB"", ""text"": ""поет""}, {""label"": ""PERS"", ""text"": ""Філіппо Марінетті""}, {""label"": ""ORG"", ""text"": ""Фігаро""}, {""label"": ""DATE"", ""text"": ""1909 року""}]","[{""label"": ""MISC"", ""text"": ""Міжпредметні паралелі"", ""start"": 0, ""end"": 21}, {""label"": ""ART"", ""text"": ""Маніфест футуристів"", ""start"": 24, ""end"": 43}, {""label"": ""PERS"", ""text"": ""Філіппо Марінетті"", ""start"": 67, ""end"": 84}, {""label"": ""DATE"", ""text"": ""1909"", ""start"": 135, ""end"": 139}]"
7aee869053bf55fa3fbcaf76445f4810300e5fa91ad13a6f94796a8d04c5edb1,"Він заперечував класичну спадщину , закликав митців порвати з традиціями , стверджуючи , що нова доба вимагає створення нового типу людини , позбавленої моральних страждань , ніжності , любові .",[],"[{""label"": ""PERS"", ""text"": ""Він"", ""start"": 0, ""end"": 3}, {""label"": ""MISC"", ""text"": ""класичну спадщину"", ""start"": 16, ""end"": 33}, {""label"": ""ORG"", ""text"": ""митців"", ""start"": 45, ""end"": 51}, {""label"": ""PERIOD"", ""text"": ""нова доба"", ""start"": 92, ""end"": 101}, {""label"": ""PERS"", ""text"": ""людини"", ""start"": 132, ""end"": 138}]"
56b8ed73eae5e314f42ab3b59f37b90e7b45a81cb32abe4fadbe6c8520379994,"Такі ідеї підхопили француз Гійом Аполлінер , росіяни Володимир Маяковський , Ігор Северянін , Велімир Хлєбніков , українець Михайль Семенко та інші . Пабло Пікассо . Авіньйонські дівчата . 1907 Пабло Пікассо . Портрет Вільгельма Уде . 1911 Першу українську футуристичну організацію « Фламінго » створив Михайль Семенко у 1919 році .","[{""label"": ""PERS"", ""text"": ""Гійом Аполлінер""}, {""label"": ""PERS"", ""text"": ""Володимир Маяковський""}, {""label"": ""PERS"", ""text"": ""Ігор Северянін""}, {""label"": ""PERS"", ""text"": ""Велімир Хлєбніков""}, {""label"": ""PERS"", ""text"": ""Михайль Семенко""}, {""label"": ""PERS"", ""text"": ""Пабло Пікассо""}, {""label"": ""ART"", ""text"": ""Авіньйонські дівчата""}, {""label"": ""DATE"", ""text"": ""1907""}, {""label"": ""PERS"", ""text"": ""Пабло Пікассо""}, {""label"": ""ART"", ""text"": ""Портрет Вільгельма Уде""}, {""label"": ""DATE"", ""text"": ""1911""}, {""label"": ""ORG"", ""text"": ""Фламінго""}, {""label"": ""PERS"", ""text"": ""Михайль Семенко""}, {""label"": ""DATE"", ""text"": ""1919 році""}]","[{""label"": ""PERS"", ""text"": ""Гійом Аполлінер"", ""start"": 28, ""end"": 43}, {""label"": ""PERS"", ""text"": ""Володимир Маяковський"", ""start"": 54, ""end"": 75}, {""label"": ""PERS"", ""text"": ""Ігор Северянін"", ""start"": 78, ""end"": 92}, {""label"": ""PERS"", ""text"": ""Велімир Хлєбніков"", ""start"": 95, ""end"": 112}, {""label"": ""PERS"", ""text"": ""Михайль Семенко"", ""start"": 125, ""end"": 140}, {""label"": ""PERS"", ""text"": ""Пабло Пікассо"", ""start"": 151, ""end"": 164}, {""label"": ""ART"", ""text"": ""Авіньйонські дівчата"", ""start"": 167, ""end"": 187}, {""label"": ""DATE"", ""text"": ""1907"", ""start"": 190, ""end"": 194}, {""label"": ""PERS"", ""text"": ""Пабло Пікассо"", ""start"": 195, ""end"": 208}, {""label"": ""ART"", ""text"": ""Портрет Вільгельма Уде"", ""start"": 211, ""end"": 233}, {""label"": ""ORG"", ""text"": ""Фламінго"", ""start"": 285, ""end"": 293}, {""label"": ""PERS"", ""text"": ""Михайль Семенко"", ""start"": 304, ""end"": 319}, {""label"": ""DATE"", ""text"": ""1919"", ""start"": 322, ""end"": 326}]"
79efe3a7efb8eef527be40d2cda56fa7a9243beb020bf041780a2af4277bc5a9,"До неї увійшли Олекса Слісаренко , Гео Шкурупій , Володимир Ярошенко , художник Анатолій Петрицький та інші .","[{""label"": ""PERS"", ""text"": ""Олекса Слісаренко""}, {""label"": ""PERS"", ""text"": ""Гео Шкурупій""}, {""label"": ""PERS"", ""text"": ""Володимир Ярошенко""}, {""label"": ""PERS"", ""text"": ""Анатолій Петрицький""}]","[{""label"": ""PERS"", ""text"": ""Олекса Слісаренко"", ""start"": 15, ""end"": 32}, {""label"": ""PERS"", ""text"": ""Гео Шкурупій"", ""start"": 35, ""end"": 47}, {""label"": ""PERS"", ""text"": ""Володимир Ярошенко"", ""start"": 50, ""end"": 68}, {""label"": ""PERS"", ""text"": ""Анатолій Петрицький"", ""start"": 80, ""end"": 99}]"
dd3f2b9d47f87916b1fb9623ffde5ac81dfdadd04b81247d77262c2c48f5ef31,"Вони пропагували модернізм у мистецтві , видавали « Універсальний журнал » , « Мистецтво » .","[{""label"": ""ORG"", ""text"": ""Універсальний журнал""}, {""label"": ""ORG"", ""text"": ""Мистецтво""}]","[{""label"": ""ORG"", ""text"": ""Універсальний журнал"", ""start"": 52, ""end"": 72}, {""label"": ""ORG"", ""text"": ""Мистецтво"", ""start"": 79, ""end"": 88}]"
7b23ab5d8fa46c8d79c6c7caadea520c5e21b534b8bca1efb4dd06f52ffe8088,"Символами футуристів були жовта лілія та жовта блуза , яку згодом замінили синьою , що мало вказувати на їхнє пролетарське походження . 1921 року Слісаренко утворює науково-мистецьку групу « Комкосмос » ( Комуністичний космос ) , через рік перейменовану на « Аспанфут » ( Асоціація панфутуристів ) .","[{""label"": ""DATE"", ""text"": ""1921 року""}, {""label"": ""PERS"", ""text"": ""Слісаренко""}, {""label"": ""ORG"", ""text"": ""Комкосмос""}, {""label"": ""ORG"", ""text"": ""Комуністичний космос""}, {""label"": ""DATE"", ""text"": ""рік""}, {""label"": ""ORG"", ""text"": ""Аспанфут""}, {""label"": ""ORG"", ""text"": ""Асоціація панфутуристів""}]","[{""label"": ""ART"", ""text"": ""жовта лілія"", ""start"": 26, ""end"": 37}, {""label"": ""ART"", ""text"": ""жовта блуза"", ""start"": 41, ""end"": 52}, {""label"": ""DATE"", ""text"": ""1921 року"", ""start"": 136, ""end"": 145}, {""label"": ""PERS"", ""text"": ""Слісаренко"", ""start"": 146, ""end"": 156}, {""label"": ""ORG"", ""text"": ""Комкосмос"", ""start"": 191, ""end"": 200}, {""label"": ""ORG"", ""text"": ""Комуністичний космос"", ""start"": 205, ""end"": 225}, {""label"": ""ORG"", ""text"": ""Аспанфут"", ""start"": 259, ""end"": 267}, {""label"": ""ORG"", ""text"": ""Асоціація панфутуристів"", ""start"": 272, ""end"": 295}]"
8dcb6b895f375b4f6b8b349d91fafb531abf0fb21d994364b5702210c2ae3d20,"Активними членами групи були Михайль Семенко , Гео Шкурупій , Михайло Яловий , Олекса Слісаренко , Гео Коляда , Андрій Чужий та інші .","[{""label"": ""PERS"", ""text"": ""Михайль Семенко""}, {""label"": ""PERS"", ""text"": ""Гео Шкурупій""}, {""label"": ""PERS"", ""text"": ""Михайло Яловий""}, {""label"": ""PERS"", ""text"": ""Олекса Слісаренко""}, {""label"": ""PERS"", ""text"": ""Гео Коляда""}, {""label"": ""PERS"", ""text"": ""Андрій Чужий""}]","[{""label"": ""ORG"", ""text"": ""групи"", ""start"": 18, ""end"": 23}, {""label"": ""PERS"", ""text"": ""Михайль Семенко"", ""start"": 29, ""end"": 44}, {""label"": ""PERS"", ""text"": ""Гео Шкурупій"", ""start"": 47, ""end"": 59}, {""label"": ""PERS"", ""text"": ""Михайло Яловий"", ""start"": 62, ""end"": 76}, {""label"": ""PERS"", ""text"": ""Олекса Слісаренко"", ""start"": 79, ""end"": 96}, {""label"": ""PERS"", ""text"": ""Гео Коляда"", ""start"": 99, ""end"": 109}, {""label"": ""PERS"", ""text"": ""Андрій Чужий"", ""start"": 112, ""end"": 124}]"
6cca464ad7b5470dde5bca74cd8ffa0b65cd851ed8a2e1b43796a24899feeab2,"Українські панфутуристи засуджували салонну буржуазну культуру , проголосили руйнування мистецтва , пропонуючи створити нове « метамистецтво » , яке синтезувало б різні галузі культури й спорту .",[],"[{""label"": ""ORG"", ""text"": ""Українські панфутуристи"", ""start"": 0, ""end"": 23}, {""label"": ""ORG"", ""text"": ""салонну буржуазну культуру"", ""start"": 36, ""end"": 62}, {""label"": ""MISC"", ""text"": ""метамистецтво"", ""start"": 127, ""end"": 140}, {""label"": ""MISC"", ""text"": ""різні галузі культури й спорту"", ""start"": 163, ""end"": 193}]"
1926271ea24fefe90e61de86f2e9846ae6de695655c9a8751a54efe353b7e692,"Оскільки футуристи засудили індивідуалізм як міщанство , вони відкинули і лірику як « буржуазний » жанр .",[],"[{""label"": ""MISC"", ""text"": ""індивідуалізм"", ""start"": 28, ""end"": 41}, {""label"": ""MISC"", ""text"": ""міщанство"", ""start"": 45, ""end"": 54}, {""label"": ""MISC"", ""text"": ""лірику"", ""start"": 74, ""end"": 80}, {""label"": ""MISC"", ""text"": ""буржуазний"", ""start"": 86, ""end"": 96}]"
b73243bed7031ee83eba2d758c400873b6a471721d4890d56b47233b4f029707,"На їхню думку , нова доба вимагає розвитку драми , що й зумовило появу авангардного театру , творцем якого був Лесь Курбас .","[{""label"": ""PERS"", ""text"": ""Лесь Курбас""}]","[{""label"": ""PERIOD"", ""text"": ""нова доба"", ""start"": 16, ""end"": 25}, {""label"": ""MISC"", ""text"": ""драми"", ""start"": 43, ""end"": 48}, {""label"": ""ORG"", ""text"": ""авангардного театру"", ""start"": 71, ""end"": 90}, {""label"": ""PERS"", ""text"": ""Лесь Курбас"", ""start"": 111, ""end"": 122}]"
5570103fa795dc60852e182514ad6f79e9d63b07afeb70071451b2271b6127d9,"Футуристи оголосили динамізм художнім стилем нового мистецтва . 1927 року Михайль Семенко утворив організацію « Нова генерація » й видавав до 1930 року під цією назвою журнал , котрий найбільше європеїзував тогочасну українську літературу , пропагуючи під пролетарськими гаслами новітні художні стилі .","[{""label"": ""DATE"", ""text"": ""1927 року""}, {""label"": ""PERS"", ""text"": ""Михайль Семенко""}, {""label"": ""ORG"", ""text"": ""Нова генерація""}, {""label"": ""DATE"", ""text"": ""1930 року""}]","[{""label"": ""MISC"", ""text"": ""динамізм"", ""start"": 20, ""end"": 28}, {""label"": ""DATE"", ""text"": ""1927 року"", ""start"": 64, ""end"": 73}, {""label"": ""PERS"", ""text"": ""Михайль Семенко"", ""start"": 74, ""end"": 89}, {""label"": ""ORG"", ""text"": ""Нова генерація"", ""start"": 112, ""end"": 126}, {""label"": ""PERIOD"", ""text"": ""1930 року"", ""start"": 142, ""end"": 151}]"
92f16a952e71ab272d6e863c43954671fdcdcdb73a7ba8ce4136d97ea1fac7cd,"Лівої орієнтації були харківські пролеткультівські організації « Всеукраїнська федерація пролетарських письменників і митців » , « Цех каменярів » ( 1918 ) , які відкидали класичну спадщину .","[{""label"": ""ORG"", ""text"": ""Всеукраїнська федерація пролетарських письменників і митців""}, {""label"": ""ORG"", ""text"": ""Цех каменярів""}, {""label"": ""DATE"", ""text"": ""1918""}]","[{""label"": ""ORG"", ""text"": ""Всеукраїнська федерація пролетарських письменників і митців"", ""start"": 65, ""end"": 124}, {""label"": ""ORG"", ""text"": ""Цех каменярів"", ""start"": 131, ""end"": 144}, {""label"": ""DATE"", ""text"": ""1918"", ""start"": 149, ""end"": 153}, {""label"": ""MISC"", ""text"": ""класичну спадщину"", ""start"": 172, ""end"": 189}]"
fb61f6fb5147c5e944fe024a05c9c2bc8f4d696f8e1cc64215e285157ac16068,"Український пролеткульт не мав помітних художніх досягнень і 1924 року припинив своє існування , але його роль перебрали на себе ВУАПП ( Всеукраїнська асоціація пролетарських письменників ) , ВУСПП ( Всеукраїнська спілка пролетарських письменників ) .","[{""label"": ""DATE"", ""text"": ""1924 року""}, {""label"": ""ORG"", ""text"": ""ВУАПП""}, {""label"": ""ORG"", ""text"": ""Всеукраїнська асоціація пролетарських письменників""}, {""label"": ""ORG"", ""text"": ""ВУСПП""}, {""label"": ""ORG"", ""text"": ""Всеукраїнська спілка пролетарських письменників""}]","[{""label"": ""ORG"", ""text"": ""Український пролеткульт"", ""start"": 0, ""end"": 23}, {""label"": ""DATE"", ""text"": ""1924 року"", ""start"": 61, ""end"": 70}, {""label"": ""ORG"", ""text"": ""ВУАПП"", ""start"": 129, ""end"": 134}, {""label"": ""ORG"", ""text"": ""Всеукраїнська асоціація пролетарських письменників"", ""start"": 137, ""end"": 187}, {""label"": ""ORG"", ""text"": ""ВУСПП"", ""start"": 192, ""end"": 197}, {""label"": ""ORG"", ""text"": ""Всеукраїнська спілка пролетарських письменників"", ""start"": 200, ""end"": 247}]"
5d1731af50a0273a4dbf6fe0695dc76f9c4f8bf4f797d3b32ea6017ca51ec00d,"Помітною була організація « Гарт » ( 1923 — 1925 ) , назву якої утворено від слова « гартованці » , запозиченого з роману Володимира Винниченка « Божки » , в якому так називалося товариство робітників . « Гарт » очолив відомий поет Василь Еллан-Блакитний .","[{""label"": ""ORG"", ""text"": ""Гарт""}, {""label"": ""PERIOD"", ""text"": ""1923 — 1925""}, {""label"": ""PERS"", ""text"": ""Володимира Винниченка""}, {""label"": ""ART"", ""text"": ""Божки""}, {""label"": ""ORG"", ""text"": ""Гарт""}, {""label"": ""JOB"", ""text"": ""поет""}, {""label"": ""PERS"", ""text"": ""Василь Еллан-Блакитний""}]","[{""label"": ""ORG"", ""text"": ""Гарт"", ""start"": 28, ""end"": 32}, {""label"": ""DATE"", ""text"": ""1923 — 1925"", ""start"": 37, ""end"": 48}, {""label"": ""ORG"", ""text"": ""Гарт"", ""start"": 205, ""end"": 209}, {""label"": ""PERS"", ""text"": ""Василь Еллан-Блакитний"", ""start"": 232, ""end"": 254}]"
32be99334f1ba9dd3f694cfa331cbe7f5eb4d3bb742787a136b85c9fe2a4e1a6,"Серед перших членів « Гарту » були Кость Гордієнко , Іван Дніпровський , Олександр Довженко , Майк Йогансен , Олександр Копиленко , Іван Кулик , Володимир Сосюра , Павло Тичина , Микола Хвильовий та інші .","[{""label"": ""ORG"", ""text"": ""Гарту""}, {""label"": ""PERS"", ""text"": ""Кость Гордієнко""}, {""label"": ""PERS"", ""text"": ""Іван Дніпровський""}, {""label"": ""PERS"", ""text"": ""Олександр Довженко""}, {""label"": ""PERS"", ""text"": ""Майк Йогансен""}, {""label"": ""PERS"", ""text"": ""Олександр Копиленко""}, {""label"": ""PERS"", ""text"": ""Іван Кулик""}, {""label"": ""PERS"", ""text"": ""Володимир Сосюра""}, {""label"": ""PERS"", ""text"": ""Павло Тичина""}, {""label"": ""PERS"", ""text"": ""Микола Хвильовий""}]","[{""label"": ""ORG"", ""text"": ""Гарту"", ""start"": 22, ""end"": 27}, {""label"": ""PERS"", ""text"": ""Кость Гордієнко"", ""start"": 35, ""end"": 50}, {""label"": ""PERS"", ""text"": ""Іван Дніпровський"", ""start"": 53, ""end"": 70}, {""label"": ""PERS"", ""text"": ""Олександр Довженко"", ""start"": 73, ""end"": 91}, {""label"": ""PERS"", ""text"": ""Майк Йогансен"", ""start"": 94, ""end"": 107}, {""label"": ""PERS"", ""text"": ""Олександр Копиленко"", ""start"": 110, ""end"": 129}, {""label"": ""PERS"", ""text"": ""Іван Кулик"", ""start"": 132, ""end"": 142}, {""label"": ""PERS"", ""text"": ""Володимир Сосюра"", ""start"": 145, ""end"": 161}, {""label"": ""PERS"", ""text"": ""Павло Тичина"", ""start"": 164, ""end"": 176}, {""label"": ""PERS"", ""text"": ""Микола Хвильовий"", ""start"": 179, ""end"": 195}]"
5e4d1bc7e7621a4a9909522074aa971be0eb35783791b08b4b76116ada9d2636,"У статуті оприлюднювалося , що пролетарські митці поширюватимуть комуністичну ідеологію , користуватимуться українською мовою як знаряддям творчості , пропагуючи активну роль мистецтва у вихованні читача .",[],"[{""label"": ""DOC"", ""text"": ""статуті"", ""start"": 2, ""end"": 9}, {""label"": ""ORG"", ""text"": ""пролетарські митці"", ""start"": 31, ""end"": 49}, {""label"": ""MISC"", ""text"": ""українською мовою"", ""start"": 108, ""end"": 125}, {""label"": ""MISC"", ""text"": ""мистецтва"", ""start"": 175, ""end"": 184}, {""label"": ""PERS"", ""text"": ""читача"", ""start"": 197, ""end"": 203}]"
805da84927d702964910683973487f9e3688c1e4887ad0940d74c7c944110b0e,"Від письменників вимагалося оспівувати сучасність , писати твори , які б у масах викликали настрої бадьорості й життєздатності .",[],"[{""label"": ""PERS"", ""text"": ""письменників"", ""start"": 4, ""end"": 16}, {""label"": ""ART"", ""text"": ""твори"", ""start"": 59, ""end"": 64}]"
52827c061634f7917a1456839f696b5160f54bbbf38fb08af93977bac1a0c530,Платформу організації виклав Василь Еллан-Блакитний у статті « Без маніфесту » .,"[{""label"": ""PERS"", ""text"": ""Василь Еллан-Блакитний""}, {""label"": ""ART"", ""text"": ""Без маніфесту""}]","[{""label"": ""ORG"", ""text"": ""Платформу організації"", ""start"": 0, ""end"": 21}, {""label"": ""PERS"", ""text"": ""Василь Еллан-Блакитний"", ""start"": 29, ""end"": 51}, {""label"": ""ART"", ""text"": ""Без маніфесту"", ""start"": 63, ""end"": 76}]"
5552e0cdd36e43e010cb4a016c452f02db497c0ec44a5c46daa8035382600db7,"Пролетарських письменників — « мистецький авангард переможного класу » — мала об'єднувати марксистська ідеологія , так звана « класова позиція » .",[],"[{""label"": ""ORG"", ""text"": ""мистецький авангард переможного класу"", ""start"": 31, ""end"": 68}, {""label"": ""MISC"", ""text"": ""класова позиція"", ""start"": 127, ""end"": 142}]"
009e10d2a14980e0caad6b96abe14c57566d1eba8f62712c585e7ef5ec1893a2,В естетиці надавалась перевага змісту над формою .,[],"[{""label"": ""MISC"", ""text"": ""естетиці"", ""start"": 2, ""end"": 10}, {""label"": ""ART"", ""text"": ""змісту"", ""start"": 31, ""end"": 37}, {""label"": ""ART"", ""text"": ""формою"", ""start"": 42, ""end"": 48}]"
a87fcf91cfeacbd082d0f813141a0b6b8d6250e470109437456fba80419b6c8a,"Це був спрощений погляд на роль мистецтва в суспільстві , зумовлений утилітарним його розумінням як потреби дня .",[],"[{""label"": ""ART"", ""text"": ""мистецтва"", ""start"": 32, ""end"": 41}]"
49b9657e60c6e919941cba87fa8debd608691ac512237e5e1b827ce3d9a37bdd,"У 1926 році , коли « Гарт » розпався , Микола Хвильовий утворив літературну організацію ВАПЛІТЕ . « Ваплітяни » боролися проти політизації літератури , за високу письменницьку майстерність і відкидали більшовицькі командні методи організації літературного процесу . ВАПЛІТЕ організувалась як академія , і така назва , на думку її творців , зобов'язувала серйозно ставитись до творення нового мистецтва .","[{""label"": ""DATE"", ""text"": ""1926 році""}, {""label"": ""ORG"", ""text"": ""Гарт""}, {""label"": ""PERS"", ""text"": ""Микола Хвильовий""}, {""label"": ""ORG"", ""text"": ""ВАПЛІТЕ""}, {""label"": ""ORG"", ""text"": ""Ваплітяни""}, {""label"": ""ORG"", ""text"": ""ВАПЛІТЕ""}]","[{""label"": ""DATE"", ""text"": ""1926 році"", ""start"": 2, ""end"": 11}, {""label"": ""ORG"", ""text"": ""« Гарт »"", ""start"": 19, ""end"": 27}, {""label"": ""PERS"", ""text"": ""Микола Хвильовий"", ""start"": 39, ""end"": 55}, {""label"": ""ORG"", ""text"": ""ВАПЛІТЕ"", ""start"": 88, ""end"": 95}, {""label"": ""ORG"", ""text"": ""ВАПЛІТЕ"", ""start"": 266, ""end"": 273}]"
7037dd73ad31e56ab9307c429bbd4dc3e75a05cd3fc8b21c7bf230c9b9ac5884,"Вони закликали митців глибоко освоювати класичну спадщину , дотримувались непримиренної позиції щодо неуцтва , халтури , графоманства , що заполонили пролетарську літературу .",[],"[{""label"": ""PERS"", ""text"": ""Вони"", ""start"": 0, ""end"": 4}, {""label"": ""ART"", ""text"": ""класичну спадщину"", ""start"": 40, ""end"": 57}, {""label"": ""ART"", ""text"": ""пролетарську літературу"", ""start"": 150, ""end"": 173}]"
b55ba5c67e02b8adbdf8b654097ff7dde1645dcfd38eb35f247dc4fc04e7891d,Під цією ж назвою видавали журнал .,[],"[{""label"": ""DOC"", ""text"": ""журнал"", ""start"": 27, ""end"": 33}]"
85b39df8c20cdd92297f45fb40f86e2c0623db3d70f634d23257ee9637e82c72,"Організацію очолили Микола Хвильовий , Михайло Яловий , Олесь Досвітній .","[{""label"": ""PERS"", ""text"": ""Микола Хвильовий""}, {""label"": ""PERS"", ""text"": ""Михайло Яловий""}, {""label"": ""PERS"", ""text"": ""Олесь Досвітній""}]","[{""label"": ""ORG"", ""text"": ""Організацію"", ""start"": 0, ""end"": 11}, {""label"": ""PERS"", ""text"": ""Микола Хвильовий"", ""start"": 20, ""end"": 36}, {""label"": ""PERS"", ""text"": ""Михайло Яловий"", ""start"": 39, ""end"": 53}, {""label"": ""PERS"", ""text"": ""Олесь Досвітній"", ""start"": 56, ""end"": 71}]"
8d7e2c21b774b098bed09aed246f66aa85dd9879e550aa1595632f009f20752e,"До неї входили Микола Бажан , Олександр Довженко , Григорій Епік , Майк Йогансен , Григорій Коцюба , Олександр Копиленко , Микола Куліш , Аркадій Любченко , Юрій Смолич , Володимир Сосюра , Павло Тичина та інші .","[{""label"": ""PERS"", ""text"": ""Микола Бажан""}, {""label"": ""PERS"", ""text"": ""Олександр Довженко""}, {""label"": ""PERS"", ""text"": ""Григорій Епік""}, {""label"": ""PERS"", ""text"": ""Майк Йогансен""}, {""label"": ""PERS"", ""text"": ""Григорій Коцюба""}, {""label"": ""PERS"", ""text"": ""Олександр Копиленко""}, {""label"": ""PERS"", ""text"": ""Микола Куліш""}, {""label"": ""PERS"", ""text"": ""Аркадій Любченко""}, {""label"": ""PERS"", ""text"": ""Юрій Смолич""}, {""label"": ""PERS"", ""text"": ""Володимир Сосюра""}, {""label"": ""PERS"", ""text"": ""Павло Тичина""}]","[{""label"": ""PERS"", ""text"": ""Микола Бажан"", ""start"": 15, ""end"": 27}, {""label"": ""PERS"", ""text"": ""Олександр Довженко"", ""start"": 30, ""end"": 48}, {""label"": ""PERS"", ""text"": ""Григорій Епік"", ""start"": 51, ""end"": 64}, {""label"": ""PERS"", ""text"": ""Майк Йогансен"", ""start"": 67, ""end"": 80}, {""label"": ""PERS"", ""text"": ""Григорій Коцюба"", ""start"": 83, ""end"": 98}, {""label"": ""PERS"", ""text"": ""Олександр Копиленко"", ""start"": 101, ""end"": 120}, {""label"": ""PERS"", ""text"": ""Микола Куліш"", ""start"": 123, ""end"": 135}, {""label"": ""PERS"", ""text"": ""Аркадій Любченко"", ""start"": 138, ""end"": 154}, {""label"": ""PERS"", ""text"": ""Юрій Смолич"", ""start"": 157, ""end"": 168}, {""label"": ""PERS"", ""text"": ""Володимир Сосюра"", ""start"": 171, ""end"": 187}, {""label"": ""PERS"", ""text"": ""Павло Тичина"", ""start"": 190, ""end"": 202}]"
9b265bec852461bc4c6a96838cd132b9dd857f79267ee38aa363921708dfceea,Внаслідок переслідування партійними органами ВАПЛІТЕ на початку 1928 року саморозпустилася .,"[{""label"": ""ORG"", ""text"": ""ВАПЛІТЕ""}, {""label"": ""DATE"", ""text"": ""початку 1928 року""}]","[{""label"": ""ORG"", ""text"": ""ВАПЛІТЕ"", ""start"": 45, ""end"": 52}, {""label"": ""DATE"", ""text"": ""початку 1928 року"", ""start"": 56, ""end"": 73}]"
e6c325542ad0172638400c72778224ed77bab12ac9a23b246d7de365938a0ed0,"На інших позиціях стояли учасники літературної організації « Плуг » , що виникла у Харкові в березні 1922 року та об'єднала селянських письменників .","[{""label"": ""ORG"", ""text"": ""Плуг""}, {""label"": ""LOC"", ""text"": ""Харкові""}, {""label"": ""DATE"", ""text"": ""березні 1922 року""}]","[{""label"": ""ORG"", ""text"": ""Плуг"", ""start"": 61, ""end"": 65}, {""label"": ""LOC"", ""text"": ""Харкові"", ""start"": 83, ""end"": 90}, {""label"": ""DATE"", ""text"": ""березні 1922 року"", ""start"": 93, ""end"": 110}]"
cf982b82fc9974982a8d2862bfbd87249dc64b6e58ace9973cf38fd8e9129f8e,Її очолив байкар і прозаїк Сергій Пилипенко .,"[{""label"": ""JOB"", ""text"": ""байкар""}, {""label"": ""JOB"", ""text"": ""прозаїк""}, {""label"": ""PERS"", ""text"": ""Сергій Пилипенко""}]","[{""label"": ""JOB"", ""text"": ""байкар і прозаїк"", ""start"": 10, ""end"": 26}, {""label"": ""PERS"", ""text"": ""Сергій Пилипенко"", ""start"": 27, ""end"": 43}]"
c51eaa11001a67e3ac7044b8fd1bbadf1b38835b01fa4387107abd57ff8b844b,"До « Плуга » входили Дмитро Бедзик , Володимир Гжицький , Андрій Головко , Наталя Забіла , Василь Минко , Іван Сенченко , Павло Усенко та інші .","[{""label"": ""ORG"", ""text"": ""Плуга""}, {""label"": ""PERS"", ""text"": ""Дмитро Бедзик""}, {""label"": ""PERS"", ""text"": ""Володимир Гжицький""}, {""label"": ""PERS"", ""text"": ""Андрій Головко""}, {""label"": ""PERS"", ""text"": ""Наталя Забіла""}, {""label"": ""PERS"", ""text"": ""Василь Минко""}, {""label"": ""PERS"", ""text"": ""Іван Сенченко""}, {""label"": ""PERS"", ""text"": ""Павло Усенко""}]","[{""label"": ""ORG"", ""text"": ""« Плуга »"", ""start"": 3, ""end"": 12}, {""label"": ""PERS"", ""text"": ""Дмитро Бедзик"", ""start"": 21, ""end"": 34}, {""label"": ""PERS"", ""text"": ""Володимир Гжицький"", ""start"": 37, ""end"": 55}, {""label"": ""PERS"", ""text"": ""Андрій Головко"", ""start"": 58, ""end"": 72}, {""label"": ""PERS"", ""text"": ""Наталя Забіла"", ""start"": 75, ""end"": 88}, {""label"": ""PERS"", ""text"": ""Василь Минко"", ""start"": 91, ""end"": 103}, {""label"": ""PERS"", ""text"": ""Іван Сенченко"", ""start"": 106, ""end"": 119}, {""label"": ""PERS"", ""text"": ""Павло Усенко"", ""start"": 122, ""end"": 134}]"
24b1705d0f7fbf734f175fa2e97c4b7c65a011d28d82caecc2e1978fe372b05f,"Видавали журнал « Плужанин » ( 1925 — 1927 ) , а також часопис « Плуг » ( 1928 — 1932 ) . « Плужани » заявили про своє бажання змальовувати життя нового села , критично ставились до мистецтва минулого , захищали марксистську тезу про перевагу змісту твору над його формою .","[{""label"": ""ART"", ""text"": ""Плужанин""}, {""label"": ""PERIOD"", ""text"": ""1925 — 1927""}, {""label"": ""ART"", ""text"": ""Плуг""}, {""label"": ""PERIOD"", ""text"": ""1928 — 1932""}]","[{""label"": ""ORG"", ""text"": ""журнал « Плужанин »"", ""start"": 9, ""end"": 28}, {""label"": ""PERIOD"", ""text"": ""1925 — 1927"", ""start"": 31, ""end"": 42}, {""label"": ""ORG"", ""text"": ""часопис « Плуг »"", ""start"": 55, ""end"": 71}, {""label"": ""PERIOD"", ""text"": ""1928 — 1932"", ""start"": 74, ""end"": 85}, {""label"": ""ORG"", ""text"": ""« Плужани »"", ""start"": 90, ""end"": 101}]"
b2e42464575abb33f8db856e10f65fa47ce5d0301bf3b5f9aafabd2ea389d4f2,"Вони проводили масові вечори ( « понеділки » ) , на яких обговорювали нові мистецькі явища .",[],"[{""label"": ""ORG"", ""text"": ""Вони"", ""start"": 0, ""end"": 4}, {""label"": ""PERIOD"", ""text"": ""понеділки"", ""start"": 33, ""end"": 42}, {""label"": ""ART"", ""text"": ""нові мистецькі явища"", ""start"": 70, ""end"": 90}]"
4c5f318294fa9c5048349bd78de3be4859833c2748b3506d2089e19b803200c8,"« Ланка » ( 1924 — 1929 ) — об'єднання київських письменників , які вважали себе ланкою між культурою минулого і майбутнього .","[{""label"": ""ORG"", ""text"": ""Ланка""}, {""label"": ""PERIOD"", ""text"": ""1924 — 1929""}]","[{""label"": ""ORG"", ""text"": ""Ланка"", ""start"": 2, ""end"": 7}, {""label"": ""DATE"", ""text"": ""1924 — 1929"", ""start"": 12, ""end"": 23}, {""label"": ""ORG"", ""text"": ""київських письменників"", ""start"": 39, ""end"": 61}, {""label"": ""ORG"", ""text"": ""ланкою"", ""start"": 81, ""end"": 87}]"
b73e5567c45a0aa451167815f595c2909e1b94db367b833c0036aebd9de865cb,"До нього входили Валер'ян Підмогильний , Михайло Івченко , Борис Антоненко-Давидович , Григорій Косинка , Євген Плужник та інші .","[{""label"": ""PERS"", ""text"": ""Валер'ян Підмогильний""}, {""label"": ""PERS"", ""text"": ""Михайло Івченко""}, {""label"": ""PERS"", ""text"": ""Борис Антоненко-Давидович""}, {""label"": ""PERS"", ""text"": ""Григорій Косинка""}, {""label"": ""PERS"", ""text"": ""Євген Плужник""}]","[{""label"": ""PERS"", ""text"": ""Валер'ян Підмогильний"", ""start"": 17, ""end"": 38}, {""label"": ""PERS"", ""text"": ""Михайло Івченко"", ""start"": 41, ""end"": 56}, {""label"": ""PERS"", ""text"": ""Борис Антоненко-Давидович"", ""start"": 59, ""end"": 84}, {""label"": ""PERS"", ""text"": ""Григорій Косинка"", ""start"": 87, ""end"": 103}, {""label"": ""PERS"", ""text"": ""Євген Плужник"", ""start"": 106, ""end"": 119}]"
25ec4a072f72c1c498ce17a85b73912f964de60439a47dfe55bb2ed2c65126dc,"Вони відкидали ідеологічну тенденційність мистецтва , спиралися на кращі традиції світового письменства , репрезентували високохудожні твори .",[],"[{""label"": ""PERS"", ""text"": ""Вони"", ""start"": 0, ""end"": 4}, {""label"": ""ART"", ""text"": ""кращі традиції світового письменства"", ""start"": 67, ""end"": 103}, {""label"": ""ART"", ""text"": ""високохудожні твори"", ""start"": 121, ""end"": 140}]"
ff19bf11cb14c4773d8923951c82b3ae22232d5de157891a147e3012412af48f,Оприлюднювали свої твори в журналі « Життя й революція » .,"[{""label"": ""ART"", ""text"": ""Життя й революція""}]","[{""label"": ""ORG"", ""text"": ""журналі « Життя й революція »"", ""start"": 27, ""end"": 56}]"
e7e96f31003ebf567a870c3e7ef9f29f6748fff91ffb656a7298954baf6f8857,"До організації « Молодняк » ( 1926 — 1932 ) входили Сергій Воскрекасенко , Іван Гончаренко , Ярослав Гримайло , Сава Голованівський , Борис Коваленко , Петро Колесник , Олександр Корнійчук , Степан Крижанівський , Терень Масенко , Леонід Первомайський , Леонід Смілянський , Анатолій Шиян та інші .","[{""label"": ""ORG"", ""text"": ""Молодняк""}, {""label"": ""PERIOD"", ""text"": ""1926 — 1932""}, {""label"": ""PERS"", ""text"": ""Сергій Воскрекасенко""}, {""label"": ""PERS"", ""text"": ""Іван Гончаренко""}, {""label"": ""PERS"", ""text"": ""Ярослав Гримайло""}, {""label"": ""PERS"", ""text"": ""Сава Голованівський""}, {""label"": ""PERS"", ""text"": ""Борис Коваленко""}, {""label"": ""PERS"", ""text"": ""Петро Колесник""}, {""label"": ""PERS"", ""text"": ""Олександр Корнійчук""}, {""label"": ""PERS"", ""text"": ""Степан Крижанівський""}, {""label"": ""PERS"", ""text"": ""Терень Масенко""}, {""label"": ""PERS"", ""text"": ""Леонід Первомайський""}, {""label"": ""PERS"", ""text"": ""Леонід Смілянський""}, {""label"": ""PERS"", ""text"": ""Анатолій Шиян""}]","[{""label"": ""ORG"", ""text"": ""Молодняк"", ""start"": 17, ""end"": 25}, {""label"": ""PERIOD"", ""text"": ""1926 — 1932"", ""start"": 30, ""end"": 41}, {""label"": ""PERS"", ""text"": ""Сергій Воскрекасенко"", ""start"": 52, ""end"": 72}, {""label"": ""PERS"", ""text"": ""Іван Гончаренко"", ""start"": 75, ""end"": 90}, {""label"": ""PERS"", ""text"": ""Ярослав Гримайло"", ""start"": 93, ""end"": 109}, {""label"": ""PERS"", ""text"": ""Сава Голованівський"", ""start"": 112, ""end"": 131}, {""label"": ""PERS"", ""text"": ""Борис Коваленко"", ""start"": 134, ""end"": 149}, {""label"": ""PERS"", ""text"": ""Петро Колесник"", ""start"": 152, ""end"": 166}, {""label"": ""PERS"", ""text"": ""Олександр Корнійчук"", ""start"": 169, ""end"": 188}, {""label"": ""PERS"", ""text"": ""Степан Крижанівський"", ""start"": 191, ""end"": 211}, {""label"": ""PERS"", ""text"": ""Терень Масенко"", ""start"": 214, ""end"": 228}, {""label"": ""PERS"", ""text"": ""Леонід Первомайський"", ""start"": 231, ""end"": 251}, {""label"": ""PERS"", ""text"": ""Леонід Смілянський"", ""start"": 254, ""end"": 272}, {""label"": ""PERS"", ""text"": ""Анатолій Шиян"", ""start"": 275, ""end"": 288}]"
5f883b59fa83589a4ef4a1641d08e1530ca4c2a7754d0d3899745bd0340c7061,Вони видавали журнал « Молодняк » ( 1927 ) . « Молодняківці » оголосили себе « бойовим загоном пролетарського фронту » .,"[{""label"": ""MISC"", ""text"": ""Молодняк""}, {""label"": ""DATE"", ""text"": ""1927""}]","[{""label"": ""MISC"", ""text"": ""Молодняк"", ""start"": 23, ""end"": 31}, {""label"": ""DATE"", ""text"": ""1927"", ""start"": 36, ""end"": 40}, {""label"": ""ORG"", ""text"": ""Молодняківці"", ""start"": 47, ""end"": 59}]"
6d4dd153450c1afe773590583d3bd225d830c6741fc1eb013766ed7ff67d803a,Тут не обійшлося без вульгаризації мистецтва : ідеологічно витримане римоване гасло ставилося вище ліричного вірша ; романтика оголошувалася чужою « справі пролетаріату » .,[],"[{""label"": ""ART"", ""text"": ""мистецтва"", ""start"": 35, ""end"": 44}, {""label"": ""ART"", ""text"": ""ідеологічно витримане римоване гасло"", ""start"": 47, ""end"": 83}, {""label"": ""ART"", ""text"": ""ліричного вірша"", ""start"": 99, ""end"": 114}, {""label"": ""ART"", ""text"": ""романтика"", ""start"": 117, ""end"": 126}, {""label"": ""MISC"", ""text"": ""справі пролетаріату"", ""start"": 149, ""end"": 168}]"
4a4728282318f44eb478674b40b727234e9919a0339c0ecedf19575b968bdaf8,"Їхній ідеології тиску прагнули протистояти митці « Ланки » та група письменників МАРС ( Василь Десняк , Іван Ле , Микола Терещенко , Юрій Яновський , Фелікс Якубовський , Володимир Ярошенко ) .","[{""label"": ""ORG"", ""text"": ""Ланки""}, {""label"": ""ORG"", ""text"": ""МАРС""}, {""label"": ""PERS"", ""text"": ""Василь Десняк""}, {""label"": ""PERS"", ""text"": ""Іван Ле""}, {""label"": ""PERS"", ""text"": ""Микола Терещенко""}, {""label"": ""PERS"", ""text"": ""Юрій Яновський""}, {""label"": ""PERS"", ""text"": ""Фелікс Якубовський""}, {""label"": ""PERS"", ""text"": ""Володимир Ярошенко""}]","[{""label"": ""ORG"", ""text"": ""Ланки"", ""start"": 51, ""end"": 56}, {""label"": ""ORG"", ""text"": ""МАРС"", ""start"": 81, ""end"": 85}, {""label"": ""PERS"", ""text"": ""Василь Десняк"", ""start"": 88, ""end"": 101}, {""label"": ""PERS"", ""text"": ""Іван Ле"", ""start"": 104, ""end"": 111}, {""label"": ""PERS"", ""text"": ""Микола Терещенко"", ""start"": 114, ""end"": 130}, {""label"": ""PERS"", ""text"": ""Юрій Яновський"", ""start"": 133, ""end"": 147}, {""label"": ""PERS"", ""text"": ""Фелікс Якубовський"", ""start"": 150, ""end"": 168}, {""label"": ""PERS"", ""text"": ""Володимир Ярошенко"", ""start"": 171, ""end"": 189}]"
398ebde09aa1ddf964d811cc007b4b4e3bbd8a1dabc57471604d179e40e7eb63,"Спілка письменників « Західна Україна » ( 1925 — 1933 ) об'єднала вихідців із Західної України . 1933 року їх усіх було репресовано ; тільки кілька з них , пройшовши сталінські концтабори , вижили ( Володимир Гжицький , Микола Марфієвич , Федір Малицький ) .","[{""label"": ""ORG"", ""text"": ""Західна Україна""}, {""label"": ""PERIOD"", ""text"": ""1925 — 1933""}, {""label"": ""LOC"", ""text"": ""Західної України""}, {""label"": ""DATE"", ""text"": ""1933 року""}, {""label"": ""PERS"", ""text"": ""Володимир Гжицький""}, {""label"": ""PERS"", ""text"": ""Микола Марфієвич""}, {""label"": ""PERS"", ""text"": ""Федір Малицький""}]","[{""label"": ""ORG"", ""text"": ""Спілка письменників « Західна Україна »"", ""start"": 0, ""end"": 39}, {""label"": ""LOC"", ""text"": ""Західної України"", ""start"": 78, ""end"": 94}, {""label"": ""PERS"", ""text"": ""Володимир Гжицький"", ""start"": 199, ""end"": 217}, {""label"": ""PERS"", ""text"": ""Микола Марфієвич"", ""start"": 220, ""end"": 236}, {""label"": ""PERS"", ""text"": ""Федір Малицький"", ""start"": 239, ""end"": 254}]"
d2046a1f817d6df2427290a8a8a7f721557def0ad901a793856a2ced6cdee7fc,Двоколійність літературного процесу . Розвиток української літератури не можна повно осягнути без врахування її різноманітності та умов функціонування .,[],"[{""label"": ""MISC"", ""text"": ""Двоколійність літературного процесу"", ""start"": 0, ""end"": 35}, {""label"": ""MISC"", ""text"": ""різноманітності"", ""start"": 112, ""end"": 127}]"
0b57cefa4cf911444a6c95f7ab4bee06dafc2078b8efe7779a736a8583caca0a,"Вона творилася як у радянській Україні , так і в Західній Україні , окупованій Польщею , у Підкарпатській Україні , що перебувала під владою Чехо-Словаччини , на Буковині , де правив уряд Румунії , у Франції , Німеччині , Америці , адже чимало письменників були змушені через складні політичні обставини покинути батьківщину .","[{""label"": ""LOC"", ""text"": ""Україні""}, {""label"": ""LOC"", ""text"": ""Західній Україні""}, {""label"": ""LOC"", ""text"": ""Польщею""}, {""label"": ""LOC"", ""text"": ""Підкарпатській Україні""}, {""label"": ""LOC"", ""text"": ""Чехо-Словаччини""}, {""label"": ""LOC"", ""text"": ""Буковині""}, {""label"": ""LOC"", ""text"": ""Румунії""}, {""label"": ""LOC"", ""text"": ""Франції""}, {""label"": ""LOC"", ""text"": ""Німеччині""}, {""label"": ""LOC"", ""text"": ""Америці""}]","[{""label"": ""LOC"", ""text"": ""радянській Україні"", ""start"": 20, ""end"": 38}, {""label"": ""LOC"", ""text"": ""Західній Україні"", ""start"": 49, ""end"": 65}, {""label"": ""LOC"", ""text"": ""Підкарпатській Україні"", ""start"": 91, ""end"": 113}, {""label"": ""LOC"", ""text"": ""Буковині"", ""start"": 162, ""end"": 170}, {""label"": ""ORG"", ""text"": ""уряд Румунії"", ""start"": 183, ""end"": 195}, {""label"": ""LOC"", ""text"": ""Франції"", ""start"": 200, ""end"": 207}]"
3384534ed23738494be4067864812a7c50ec8ea93b2a3f64c7634aed28d3a027,"Проте й на чужині вони творили літературу , яку називають емігрантською .",[],"[{""label"": ""MISC"", ""text"": ""літературу"", ""start"": 31, ""end"": 41}]"
cc71182a18c6a4cc95cadf7b3dde085e71e44e0368d295c6f61ec7e07df3012a,"Якщо в Україні внаслідок компартійного диктату література не могла вільно й повноцінно розвиватися , то митці з діаспори не втрачали зв'язків з класичними традиціями і писали твори на такі теми , які в умовах радянського тоталітарного режиму не могли з'явитися .","[{""label"": ""LOC"", ""text"": ""Україні""}]","[{""label"": ""LOC"", ""text"": ""Україні"", ""start"": 7, ""end"": 14}, {""label"": ""MISC"", ""text"": ""література"", ""start"": 47, ""end"": 57}, {""label"": ""PERS"", ""text"": ""митці з діаспори"", ""start"": 104, ""end"": 120}, {""label"": ""ART"", ""text"": ""твори"", ""start"": 175, ""end"": 180}]"
91abb98b84c4df8e2d6760b80e8a2ebad897b709aec2a52852f4b9b4a069f3ff,"Вони порушували морально-духовні й філософські проблеми людського буття , які виходили за рамки творів соцреалізму .",[],"[{""label"": ""ART"", ""text"": ""творів соцреалізму"", ""start"": 96, ""end"": 114}]"
d25d34e75c3e09029490d00197453a6c319ae819b8eda0f3c7bff0b5b2485d05,"Таким чином , формувався своєрідний « двоколійний » літературний процес , який витворив єдину українську літературу XX століття .",[],"[{""label"": ""MISC"", ""text"": ""двоколійний » літературний процес"", ""start"": 38, ""end"": 71}, {""label"": ""PERIOD"", ""text"": ""XX століття"", ""start"": 116, ""end"": 127}]"
b160f3b25315c9ee1af97835e3242e50dab8176ff57493ccca8c497d1204f291,"Літературне життя на західноукраїнських землях у 20 — 30-х роках XX століття також характеризується різноманітністю угруповань , стильових течій , естетичних платформ .","[{""label"": ""PERIOD"", ""text"": ""20 — 30-х роках XX століття""}]","[{""label"": ""ORG"", ""text"": ""Літературне життя"", ""start"": 0, ""end"": 17}, {""label"": ""LOC"", ""text"": ""західноукраїнських землях"", ""start"": 21, ""end"": 46}, {""label"": ""PERIOD"", ""text"": ""20 — 30-х роках XX століття"", ""start"": 49, ""end"": 76}, {""label"": ""MISC"", ""text"": ""стильових течій"", ""start"": 129, ""end"": 144}]"
6cb7686accfa73efa04050859d28e1996cc45d9b446d948769cfcc7e0a20b4c9,"У Львові 1922 року виникла група « Митуса » , куди увійшли Василь Бобинський , Олесь Бабій , Роман Купчинський , Юрій Шкрумеляк , Левко Лепкий .","[{""label"": ""LOC"", ""text"": ""Львові""}, {""label"": ""DATE"", ""text"": ""1922 року""}, {""label"": ""ORG"", ""text"": ""Митуса""}, {""label"": ""PERS"", ""text"": ""Василь Бобинський""}, {""label"": ""PERS"", ""text"": ""Олесь Бабій""}, {""label"": ""PERS"", ""text"": ""Роман Купчинський""}, {""label"": ""PERS"", ""text"": ""Юрій Шкрумеляк""}, {""label"": ""PERS"", ""text"": ""Левко Лепкий""}]","[{""label"": ""LOC"", ""text"": ""Львові"", ""start"": 2, ""end"": 8}, {""label"": ""DATE"", ""text"": ""1922 року"", ""start"": 9, ""end"": 18}, {""label"": ""ORG"", ""text"": ""Митуса"", ""start"": 35, ""end"": 41}, {""label"": ""PERS"", ""text"": ""Василь Бобинський"", ""start"": 59, ""end"": 76}, {""label"": ""PERS"", ""text"": ""Олесь Бабій"", ""start"": 79, ""end"": 90}, {""label"": ""PERS"", ""text"": ""Роман Купчинський"", ""start"": 93, ""end"": 110}, {""label"": ""PERS"", ""text"": ""Юрій Шкрумеляк"", ""start"": 113, ""end"": 127}, {""label"": ""PERS"", ""text"": ""Левко Лепкий"", ""start"": 130, ""end"": 142}]"
ebb43d49157545cafaddad0d5d5f43059155460e5e8001daf9a8438bf1eceeee,Назва символізує незнищенність і нездоланність поетичного слова .,[],"[{""label"": ""ART"", ""text"": ""поетичного слова"", ""start"": 47, ""end"": 63}]"
b7e6d0c54ab491c143b31064a491ca9aa2ab642fbe2db33bb4a4cf7ea4ce5f21,"У Галицько-Волинському літописі згадується співець Митуса , який загинув , але поглядів своїх не зрікся , і його пісня залишилася в пам'яті народу .","[{""label"": ""MISC"", ""text"": ""Галицько-Волинському літописі""}, {""label"": ""JOB"", ""text"": ""співець""}, {""label"": ""PERS"", ""text"": ""Митуса""}]","[{""label"": ""DOC"", ""text"": ""Галицько-Волинському літописі"", ""start"": 2, ""end"": 31}, {""label"": ""PERS"", ""text"": ""Митуса"", ""start"": 51, ""end"": 57}, {""label"": ""ART"", ""text"": ""пісня"", ""start"": 113, ""end"": 118}]"
1109a179114425c5baca935bc44a5bcc8f47861dcc8d9166c74d492c6471ba59,"Слово вчорашніх Січових стрільців мало так само продовжити їхню боротьбу за незалежну Україну , але вже засобами мистецтва .","[{""label"": ""ORG"", ""text"": ""Січових стрільців""}, {""label"": ""LOC"", ""text"": ""Україну""}]","[{""label"": ""ORG"", ""text"": ""Січових стрільців"", ""start"": 16, ""end"": 33}, {""label"": ""LOC"", ""text"": ""незалежну Україну"", ""start"": 76, ""end"": 93}, {""label"": ""MISC"", ""text"": ""мистецтва"", ""start"": 113, ""end"": 122}]"
37224f288537ebc1357962ff6ed1d8e837772427935bfd69cff3f713e5e8fdc8,В естетичному плані вони стояли на засадах символізму .,[],"[{""label"": ""MISC"", ""text"": ""символізму"", ""start"": 43, ""end"": 53}]"
7873ee6a65bcaa7aab5d60329fe80864175768cc1ca53d09fca1b99c91ea7571,"На поетику символізму орієнтувалися й представники групи « Логос » ( 1923 — 1931 ) , що видавали журнали « Поступ » і « Дзвони » .","[{""label"": ""ORG"", ""text"": ""Логос""}, {""label"": ""PERIOD"", ""text"": ""1923 — 1931""}, {""label"": ""ART"", ""text"": ""Поступ""}, {""label"": ""ART"", ""text"": ""Дзвони""}]","[{""label"": ""ORG"", ""text"": ""Логос"", ""start"": 59, ""end"": 64}, {""label"": ""DATE"", ""text"": ""1923 — 1931"", ""start"": 69, ""end"": 80}]"
aed6f023b55e90c4195226e27408359190ec8eb60a72156bf739cf3537a70ef5,"Існували об'єднання модерністів й авангардистів — « Листопад » , « Дажбог » , однойменний журнал останньої групи редагували поети Богдан-Ігор Антонич та Богдан Кравців .","[{""label"": ""ORG"", ""text"": ""Листопад""}, {""label"": ""ORG"", ""text"": ""Дажбог""}, {""label"": ""PERS"", ""text"": ""Богдан-Ігор Антонич""}, {""label"": ""PERS"", ""text"": ""Богдан Кравців""}]","[{""label"": ""ORG"", ""text"": ""« Листопад »"", ""start"": 50, ""end"": 62}, {""label"": ""ORG"", ""text"": ""« Дажбог »"", ""start"": 65, ""end"": 75}, {""label"": ""ORG"", ""text"": ""однойменний журнал останньої групи"", ""start"": 78, ""end"": 112}, {""label"": ""PERS"", ""text"": ""Богдан-Ігор Антонич"", ""start"": 130, ""end"": 149}, {""label"": ""PERS"", ""text"": ""Богдан Кравців"", ""start"": 153, ""end"": 167}]"
27cd4ba1ae1d273a9d63893c471f186947637dc882ba954ba81a31b533f62dff,"Естетичну платформу виклав Антонич у статті « По цей бік барикади » , проголосивши широкий діапазон художніх шукань .","[{""label"": ""PERS"", ""text"": ""Антонич""}, {""label"": ""ART"", ""text"": ""По цей бік барикади""}]","[{""label"": ""ART"", ""text"": ""Естетичну платформу"", ""start"": 0, ""end"": 19}, {""label"": ""PERS"", ""text"": ""Антонич"", ""start"": 27, ""end"": 34}, {""label"": ""MISC"", ""text"": ""широкий діапазон художніх шукань"", ""start"": 83, ""end"": 115}]"
1faf267baf02b9fcfa78bceb9372c407ac3a82cef1ee8519f4d2fd086efe1f7e,"« Празька школа » — так називають українських поетів міжвоєнного двадцятиліття , що творили у Празі та Подєбрадах ( Юрій Дараган , Леонід Мосендз , Євген Маланюк , Олекса Стефанович , Олег Ольжич , Олена Теліга , Галя Мазуренко , Оксана Лятуринська , Іван Ірлявський та інші ) .","[{""label"": ""MISC"", ""text"": ""Празька школа""}, {""label"": ""JOB"", ""text"": ""поетів""}, {""label"": ""DATE"", ""text"": ""міжвоєнного двадцятиліття""}, {""label"": ""LOC"", ""text"": ""Празі""}, {""label"": ""LOC"", ""text"": ""Подєбрадах""}, {""label"": ""PERS"", ""text"": ""Юрій Дараган""}, {""label"": ""PERS"", ""text"": ""Леонід Мосендз""}, {""label"": ""PERS"", ""text"": ""Євген Маланюк""}, {""label"": ""PERS"", ""text"": ""Олекса Стефанович""}, {""label"": ""PERS"", ""text"": ""Олег Ольжич""}, {""label"": ""PERS"", ""text"": ""Олена Теліга""}, {""label"": ""PERS"", ""text"": ""Галя Мазуренко""}, {""label"": ""PERS"", ""text"": ""Оксана Лятуринська""}, {""label"": ""PERS"", ""text"": ""Іван Ірлявський""}]","[{""label"": ""ORG"", ""text"": ""Празька школа"", ""start"": 2, ""end"": 15}, {""label"": ""PERIOD"", ""text"": ""міжвоєнного двадцятиліття"", ""start"": 53, ""end"": 78}, {""label"": ""LOC"", ""text"": ""Празі та Подєбрадах"", ""start"": 94, ""end"": 113}, {""label"": ""PERS"", ""text"": ""Юрій Дараган"", ""start"": 116, ""end"": 128}, {""label"": ""PERS"", ""text"": ""Леонід Мосендз"", ""start"": 131, ""end"": 145}, {""label"": ""PERS"", ""text"": ""Євген Маланюк"", ""start"": 148, ""end"": 161}, {""label"": ""PERS"", ""text"": ""Олекса Стефанович"", ""start"": 164, ""end"": 181}, {""label"": ""PERS"", ""text"": ""Олег Ольжич"", ""start"": 184, ""end"": 195}, {""label"": ""PERS"", ""text"": ""Олена Теліга"", ""start"": 198, ""end"": 210}, {""label"": ""PERS"", ""text"": ""Галя Мазуренко"", ""start"": 213, ""end"": 227}, {""label"": ""PERS"", ""text"": ""Оксана Лятуринська"", ""start"": 230, ""end"": 248}, {""label"": ""PERS"", ""text"": ""Іван Ірлявський"", ""start"": 251, ""end"": 266}]"
0991128a6010779aaf2acbc3966f600be5b1949464b8c183d27ef84b2f98822a,"Свої твори вони друкували в журналі « Вісник » ( 1933 — 1939 ) , який редагував Дмитро Донцов .","[{""label"": ""ART"", ""text"": ""Вісник""}, {""label"": ""PERIOD"", ""text"": ""1933 — 1939""}, {""label"": ""PERS"", ""text"": ""Дмитро Донцов""}]","[{""label"": ""ORG"", ""text"": ""Вісник"", ""start"": 38, ""end"": 44}, {""label"": ""PERIOD"", ""text"": ""1933 — 1939"", ""start"": 49, ""end"": 60}, {""label"": ""PERS"", ""text"": ""Дмитро Донцов"", ""start"": 80, ""end"": 93}]"
61e313b331a7413d71172cfe91fe834b40f6c255cd741f138f4bb913f5ff3bfa,"Значну роль у розвитку української літератури відіграли письменники , які мешкали у Варшаві . Євген Маланюк , Наталя Лівицька-Холодна 1929 року об'єдналися в групу « Танк » , згодом до неї увійшли Леонід Мосендз , Павло Чирський , Павло Зайцев , Юрій Липа та інші .","[{""label"": ""JOB"", ""text"": ""письменники""}, {""label"": ""LOC"", ""text"": ""Варшаві""}, {""label"": ""PERS"", ""text"": ""Євген Маланюк""}, {""label"": ""PERS"", ""text"": ""Наталя Лівицька-Холодна""}, {""label"": ""DATE"", ""text"": ""1929 року""}, {""label"": ""ORG"", ""text"": ""Танк""}, {""label"": ""PERS"", ""text"": ""Леонід Мосендз""}, {""label"": ""PERS"", ""text"": ""Павло Чирський""}, {""label"": ""PERS"", ""text"": ""Павло Зайцев""}, {""label"": ""PERS"", ""text"": ""Юрій Липа""}]","[{""label"": ""LOC"", ""text"": ""Варшаві"", ""start"": 84, ""end"": 91}, {""label"": ""PERS"", ""text"": ""Євген Маланюк"", ""start"": 94, ""end"": 107}, {""label"": ""PERS"", ""text"": ""Наталя Лівицька-Холодна"", ""start"": 110, ""end"": 133}, {""label"": ""DATE"", ""text"": ""1929 року"", ""start"": 134, ""end"": 143}, {""label"": ""ORG"", ""text"": ""Танк"", ""start"": 166, ""end"": 170}, {""label"": ""PERS"", ""text"": ""Леонід Мосендз"", ""start"": 197, ""end"": 211}, {""label"": ""PERS"", ""text"": ""Павло Чирський"", ""start"": 214, ""end"": 228}, {""label"": ""PERS"", ""text"": ""Павло Зайцев"", ""start"": 231, ""end"": 243}, {""label"": ""PERS"", ""text"": ""Юрій Липа"", ""start"": 246, ""end"": 255}]"
a9ae7ff8e25653907d2bbddd10fd7233f84ab6250e2a07189eb526e0e523511f,"Свої твори вони оприлюднювали в журналі « Ми » ( 1933 — 1937 ) . Їхню естетичну платформу виклав Михайло Рудницький в есе « Європа і ми » , орієнтуючи митців на естетичні й гуманістичні цінності .","[{""label"": ""ART"", ""text"": ""Ми""}, {""label"": ""PERIOD"", ""text"": ""1933 — 1937""}, {""label"": ""PERS"", ""text"": ""Михайло Рудницький""}, {""label"": ""ART"", ""text"": ""Європа і ми""}]","[{""label"": ""ORG"", ""text"": ""Ми"", ""start"": 42, ""end"": 44}, {""label"": ""PERIOD"", ""text"": ""1933 — 1937"", ""start"": 49, ""end"": 60}, {""label"": ""PERS"", ""text"": ""Михайло Рудницький"", ""start"": 97, ""end"": 115}, {""label"": ""ART"", ""text"": ""Європа і ми"", ""start"": 124, ""end"": 135}]"
70104eccba1f68f56e592aa0c4ee1bb29c1c7943f662ba25aab8ee325bc70fa5,"Згубне втручання компартії в літературний процес . Повнокровному розвиткові мистецтва слова перешкоджала ідеологія більшовиків , які прагнули підпорядкувати собі духовну сферу .",[],"[{""label"": ""ORG"", ""text"": ""компартії"", ""start"": 17, ""end"": 26}, {""label"": ""MISC"", ""text"": ""літературний процес"", ""start"": 29, ""end"": 48}, {""label"": ""MISC"", ""text"": ""мистецтва слова"", ""start"": 76, ""end"": 91}, {""label"": ""ORG"", ""text"": ""ідеологія більшовиків"", ""start"": 105, ""end"": 126}, {""label"": ""MISC"", ""text"": ""духовну сферу"", ""start"": 162, ""end"": 175}]"
6f306cc5e6fad5a459f1419cbb031724741eaee04912ea3e4da21ec8a2e323fd,"Письменників поділяли на « пролетарських » і « попутників » , « буржуазних » . « Пролетарські » письменники свідомо обмежувалися соціальною проблематикою , зображенням класової боротьби .",[],"[{""label"": ""PERS"", ""text"": ""Письменників"", ""start"": 0, ""end"": 12}, {""label"": ""PERS"", ""text"": ""письменники"", ""start"": 96, ""end"": 107}, {""label"": ""MISC"", ""text"": ""соціальною проблематикою"", ""start"": 129, ""end"": 153}, {""label"": ""MISC"", ""text"": ""зображенням класової боротьби"", ""start"": 156, ""end"": 185}]"
abba30398d536185f8115b58d0f104be3c3f9b06d036642b7e136f9ed768d52d,Художнє осмислення явищ дійсності було замінено партійно-догматичним й спрощеним баченням життя .,[],"[{""label"": ""MISC"", ""text"": ""Художнє осмислення явищ дійсності"", ""start"": 0, ""end"": 33}, {""label"": ""MISC"", ""text"": ""партійно-догматичним й спрощеним баченням життя"", ""start"": 48, ""end"": 95}]"
7694a8fb21746e04f286eb66a8bf9d929e41fe308a2a9f95ea7f3521cdba3b2e,"Герої таких творів ставали рупорами класових ідей , яким підпорядковувалися думки і почуття .",[],"[{""label"": ""PERS"", ""text"": ""Герої"", ""start"": 0, ""end"": 5}]"
ce7e016b2ebb840e936d0c3e9c43a388a27d8be65a4a2fdfea46fbf1584d954a,Ідеологічна « чистота » у їхніх діях витіснила відтворення складного внутрішнього світу особи .,[],"[{""label"": ""PERS"", ""text"": ""особи"", ""start"": 88, ""end"": 93}]"
1bdac1015810199aae1d166618b9c68e10b04dee03ab3fe8ac7203071a17e9a5,"Натомість високомистецькі твори класиків і сучасників оголошувалися « буржуазними » , ворожими .",[],"[{""label"": ""MISC"", ""text"": ""буржуазними"", ""start"": 70, ""end"": 81}]"
a0b1fd73739b121fe99a68ac69a6b1ed6a4523c6a9ff9a6411155706e12720f1,"Письменники з « Гарту » , « Плуга » , « Молодняка » творили пролетарську літературу , тобто політизоване й декларативне мистецтво , літературу відкритої класової спрямованості , що культивувала переважно громадські й політичні ідеї .","[{""label"": ""ORG"", ""text"": ""Гарту""}, {""label"": ""ORG"", ""text"": ""Плуга""}, {""label"": ""ORG"", ""text"": ""Молодняка""}]","[{""label"": ""PERS"", ""text"": ""Письменники"", ""start"": 0, ""end"": 11}, {""label"": ""ORG"", ""text"": ""Гарту"", ""start"": 16, ""end"": 21}, {""label"": ""ORG"", ""text"": ""Плуга"", ""start"": 28, ""end"": 33}, {""label"": ""ORG"", ""text"": ""Молодняка"", ""start"": 40, ""end"": 49}, {""label"": ""MISC"", ""text"": ""пролетарську літературу"", ""start"": 60, ""end"": 83}, {""label"": ""MISC"", ""text"": ""політизоване й декларативне мистецтво"", ""start"": 92, ""end"": 129}, {""label"": ""MISC"", ""text"": ""літературу відкритої класової спрямованості"", ""start"": 132, ""end"": 175}]"
d1d6a0d5d2b0603bf1bb632c0ee4ebf47660f2e467c650e19167afa750fc5d88,"Так звані « попутники » ( термін Льва Троцького ) — митці « Ланки » , неокласики , ваплітяни продовжували кращі традиції класичної літератури . Віднедавна ...","[{""label"": ""PERS"", ""text"": ""Льва Троцького""}, {""label"": ""ORG"", ""text"": ""Ланки""}]","[{""label"": ""PERS"", ""text"": ""Льва Троцького"", ""start"": 33, ""end"": 47}, {""label"": ""ORG"", ""text"": ""Ланки"", ""start"": 60, ""end"": 65}, {""label"": ""PERIOD"", ""text"": ""Віднедавна"", ""start"": 144, ""end"": 154}]"
62f96ba3b73d2a265f88a5d0fa9e5382560cb88325fa5b5b1d4fd79636b214a0,І затримок із передачею інформації я не допускаю .,[],[]
f7fc4da88eacfd72024246dee725c2edb180adba91a3ba2f14ca8b36638f5106,"Хоч тепер я частіше , ніж у своїй подобизні фортеці , буваю в покинутому будиночку в моєму саду , в товаристві Барса та в роздумах .","[{""label"": ""PERS"", ""text"": ""Барса""}]","[{""label"": ""PERS"", ""text"": ""я"", ""start"": 10, ""end"": 11}, {""label"": ""LOC"", ""text"": ""моєму саду"", ""start"": 85, ""end"": 95}, {""label"": ""ORG"", ""text"": ""товаристві Барса"", ""start"": 100, ""end"": 116}, {""label"": ""MISC"", ""text"": ""роздумах"", ""start"": 122, ""end"": 130}]"
5bf54feaff7f41130072bf935e646e77b48a44add7489fefec63d3b632879f67,"Причому , якщо впродовж багатьох століть я роздумував лише над тим , як зібрати якомога більше цікавого та передати на Севін , то тепер я розмірковую над зовсім іншим .","[{""label"": ""LOC"", ""text"": ""Севін""}]","[{""label"": ""PERIOD"", ""text"": ""багатьох століть"", ""start"": 24, ""end"": 40}, {""label"": ""PERS"", ""text"": ""я"", ""start"": 41, ""end"": 42}, {""label"": ""MISC"", ""text"": ""цікавого"", ""start"": 95, ""end"": 103}, {""label"": ""LOC"", ""text"": ""Севін"", ""start"": 119, ""end"": 124}, {""label"": ""PERS"", ""text"": ""я"", ""start"": 136, ""end"": 137}]"
b528d270f03fdb568eb903d03bc44fa86b354b0bff5eb344878cd83253ef2897,"Над багато чим , що мене раніше не зачіпало , не тривожило , не хвилювало .",[],"[{""label"": ""PERS"", ""text"": ""мене"", ""start"": 20, ""end"": 24}]"
ae55052bc61a9758dc9a7d39bd77dffb025e1cc5574a8d5ceb6bd8734584118c,"Я остаточно зламався , але це поки що моя таємниця , і я буду втримувати її , скільки мені це вдасться .",[],"[{""label"": ""PERS"", ""text"": ""Я"", ""start"": 0, ""end"": 1}, {""label"": ""PERS"", ""text"": ""я"", ""start"": 55, ""end"": 56}, {""label"": ""PERS"", ""text"": ""мені"", ""start"": 86, ""end"": 90}]"
349fe23b8f8e2b297866238bb55a3e294f0e5cfd2db33a9291aa441555bb116a,"Інакше мене швидко замінять іншим андроїдом , ретельним і бездоганним виконавцем програм .",[],"[{""label"": ""PERS"", ""text"": ""мене"", ""start"": 7, ""end"": 11}, {""label"": ""JOB"", ""text"": ""іншим андроїдом"", ""start"": 28, ""end"": 43}, {""label"": ""JOB"", ""text"": ""ретельним і бездоганним виконавцем програм"", ""start"": 46, ""end"": 88}]"
86a850078636f17ea1f7b1369b5b4d75b7f60ad1737091e77a79944623850b60,"А мене ... — я навіть не хочу про це думати : мене заберуть у лабораторію , для моніторингу , тоді інші андроїди розберуть мене на досліди , як земні діти часто розбирають свої іграшки — я це спостерігав століттями .",[],"[{""label"": ""PERS"", ""text"": ""мене"", ""start"": 2, ""end"": 6}, {""label"": ""PERS"", ""text"": ""я"", ""start"": 13, ""end"": 14}, {""label"": ""PERS"", ""text"": ""мене"", ""start"": 46, ""end"": 50}, {""label"": ""LOC"", ""text"": ""лабораторію"", ""start"": 62, ""end"": 73}, {""label"": ""PERS"", ""text"": ""мене"", ""start"": 123, ""end"": 127}, {""label"": ""ART"", ""text"": ""іграшки"", ""start"": 177, ""end"": 184}, {""label"": ""PERS"", ""text"": ""я"", ""start"": 187, ""end"": 188}, {""label"": ""PERIOD"", ""text"": ""століттями"", ""start"": 204, ""end"": 214}]"
70785fa02755f3fa2e6476355aeae321c14c15a1354a300382d3e77e9c3c982e,З Барсом ми спілкуємося .,"[{""label"": ""PERS"", ""text"": ""Барсом""}]","[{""label"": ""PERS"", ""text"": ""Барсом"", ""start"": 2, ""end"": 8}]"
24ad0a9eedc3a74b2cc376d528c8ac93b38ad8e6f99f632bc6a3fddd9599a125,"Він став першою істотою на цій планеті , з ким я почуваюся в цілковитій безпеці , не боячись жодних підступних намірів , окрім того , це ще й перша істота , з якою я порозумівся .",[],"[{""label"": ""PERS"", ""text"": ""Він"", ""start"": 0, ""end"": 3}, {""label"": ""LOC"", ""text"": ""планеті"", ""start"": 31, ""end"": 38}, {""label"": ""PERS"", ""text"": ""я"", ""start"": 47, ""end"": 48}, {""label"": ""PERS"", ""text"": ""я"", ""start"": 164, ""end"": 165}]"
6a97ef6523f6c7dc122f372c755186a50cc3cc12091ac71c348f768458c9fcd6,"А ще Барс мені багато чого розповів цікавого , такого , чого я не міг дошукатися сам , бо не там шукав , та й не шукав я того , про що добре знав Барс .","[{""label"": ""PERS"", ""text"": ""Барс""}, {""label"": ""PERS"", ""text"": ""Барс""}]","[{""label"": ""PERS"", ""text"": ""Барс"", ""start"": 5, ""end"": 9}, {""label"": ""PERS"", ""text"": ""я"", ""start"": 61, ""end"": 62}, {""label"": ""PERS"", ""text"": ""я"", ""start"": 119, ""end"": 120}, {""label"": ""PERS"", ""text"": ""Барс"", ""start"": 146, ""end"": 150}]"
89f381c3b92cbedae2f299918c3f746898009adf49e3c8912a7a392252392f67,"Коли я показав йому фото , яке зняв якось із полички над каміном у тепер нашому будиночку , Барс довго мовчав .","[{""label"": ""PERS"", ""text"": ""Барс""}]","[{""label"": ""ART"", ""text"": ""фото"", ""start"": 20, ""end"": 24}, {""label"": ""MISC"", ""text"": ""полички над каміном"", ""start"": 45, ""end"": 64}, {""label"": ""LOC"", ""text"": ""тепер нашому будиночку"", ""start"": 67, ""end"": 89}, {""label"": ""PERS"", ""text"": ""Барс"", ""start"": 92, ""end"": 96}]"
83ef3ac0d7cd0b3a1d19c39d55ad8e40540b0ab31012384487051b4160558db8,А потім раптом попросив мене розпалити дрова в каміні .,[],"[{""label"": ""PERS"", ""text"": ""мене"", ""start"": 24, ""end"": 28}, {""label"": ""ART"", ""text"": ""дрова"", ""start"": 39, ""end"": 44}]"
53b9bab9b29d13384dd41f1b59aea17a1d9b4ef927463ac3d236a265dda83e27,"Він показав мені , де вони зберігалися , ті дрова .",[],"[{""label"": ""PERS"", ""text"": ""Він"", ""start"": 0, ""end"": 3}, {""label"": ""ART"", ""text"": ""дрова"", ""start"": 44, ""end"": 49}]"
571f17c53673b5f302579d8f82d8d5a2512714f42a3522e900bde46eb284e539,"Я приніс кілька полін , Барс нишпорив по кутках , щось шукаючи , а коли я спитався , що він намагається знайти , сказав « сірники » .","[{""label"": ""PERS"", ""text"": ""Барс""}]","[{""label"": ""PERS"", ""text"": ""Я"", ""start"": 0, ""end"": 1}, {""label"": ""ART"", ""text"": ""полін"", ""start"": 16, ""end"": 21}, {""label"": ""PERS"", ""text"": ""Барс"", ""start"": 24, ""end"": 28}, {""label"": ""PERS"", ""text"": ""я"", ""start"": 72, ""end"": 73}, {""label"": ""ART"", ""text"": ""сірники"", ""start"": 122, ""end"": 129}]"
d5999f8bbe61560b926de50deb09c7201abcb779d794d2406f96823d100bc6d6,"Я не знав , що це таке , він пояснив .",[],"[{""label"": ""PERS"", ""text"": ""Я"", ""start"": 0, ""end"": 1}, {""label"": ""PERS"", ""text"": ""він"", ""start"": 25, ""end"": 28}]"
b13a548f1bbff14d199508c459e5632bf6b8720295365df1b5c4fa18ea481393,"Тоді я торкнувся дров , і вони спалахнули . Барс дуже здивувався , але не розпитував , як саме це мені вдалося .","[{""label"": ""PERS"", ""text"": ""Барс""}]","[{""label"": ""PERS"", ""text"": ""я"", ""start"": 5, ""end"": 6}, {""label"": ""ART"", ""text"": ""дров"", ""start"": 17, ""end"": 21}, {""label"": ""PERS"", ""text"": ""Барс"", ""start"": 44, ""end"": 48}, {""label"": ""PERS"", ""text"": ""мені"", ""start"": 98, ""end"": 102}]"
685bc3c301536a9f8acdb6d9c4b211753eea4dd53d93309542fd898387357a43,Він взагалі мало про що мене розпитував .,[],"[{""label"": ""PERS"", ""text"": ""Він"", ""start"": 0, ""end"": 3}, {""label"": ""PERS"", ""text"": ""мене"", ""start"": 24, ""end"": 28}]"
eaf95b78470368e289494ced406e67106d266bf7782a3f9d8e5cde9b8b194ccb,А в мене питань завжди багато .,[],"[{""label"": ""PERS"", ""text"": ""мене"", ""start"": 4, ""end"": 8}]"
fcbe0303d9b8c943baf26e002e23dcbc81ba5dc49e11d405560ea8d83e1e74f6,"Ми сиділи при каміні , дрова горіли рівним і красивим полум’ям , трішки синюватого диму витало над вогнем , кімната наповнювалася теплом , Барс придрімав у затишному кріслі навпроти мене , я незмигно дивився на вогонь , який усе більше мені подобався .","[{""label"": ""PERS"", ""text"": ""Барс""}]","[{""label"": ""PERS"", ""text"": ""Ми"", ""start"": 0, ""end"": 2}, {""label"": ""ART"", ""text"": ""дрова"", ""start"": 23, ""end"": 28}, {""label"": ""LOC"", ""text"": ""кімната"", ""start"": 108, ""end"": 115}, {""label"": ""PERS"", ""text"": ""Барс"", ""start"": 139, ""end"": 143}, {""label"": ""PERS"", ""text"": ""мене"", ""start"": 182, ""end"": 186}, {""label"": ""PERS"", ""text"": ""я"", ""start"": 189, ""end"": 190}, {""label"": ""PERS"", ""text"": ""мені"", ""start"": 236, ""end"": 240}]"
617a404e079b323a70885caad7df00f7cd6a7db101166de797fa8b90c827c25b,"З’явилося відчуття ще більшої причетності до цього дому , щось дуже печальне й незбагненне було в тихому потріскуванні дров , які згоряли .",[],"[{""label"": ""ORG"", ""text"": ""цього дому"", ""start"": 45, ""end"": 55}, {""label"": ""ART"", ""text"": ""дров"", ""start"": 119, ""end"": 123}]"
5c4f44f719a94043fcb4d32b54ec84383748c822b84a3d5e2073933f869f0d72,"Поглядаючи на Барса , який клубочком згорнувся й затишно посапував уві сні , й почав непокоїтися : чи не надто довго він спить ?","[{""label"": ""PERS"", ""text"": ""Барса""}]","[{""label"": ""PERS"", ""text"": ""Барса"", ""start"": 14, ""end"": 19}]"
55541af767424725f9b774c1f8d031ae150507b60f7b366bdd110a2e719d9800,Мені треба було повертатися .,[],"[{""label"": ""PERS"", ""text"": ""Мені"", ""start"": 0, ""end"": 4}]"
4dbc443a621a0c0a8d488d02c12cff1f36b4feb1f272e2869e685a6befc54c94,"Ніби почувши моє занепокоєння , Барс розплющив очі й потягнувся , вигнувши спинку та позіхаючи , аж блиснули гострі задні різці його симпатичної пащі .","[{""label"": ""PERS"", ""text"": ""Барс""}]","[{""label"": ""PERS"", ""text"": ""Барс"", ""start"": 32, ""end"": 36}]"
975ccff55949c77e9c0593ff8e31e2366b8b4138a937a086dda30ccbd5485688,"Випросивши спершу свою улюблену баночку харчу з комірки , Барс лише потім , облизуючись від задоволення , згадав і про фото , яке я йому показував . — На давній світлині , виявляється , були дорогі його котячому серцю люди , котрі жили в цьому будиночку тоді , коли ще нічого не відбувалося , окрім просто життя , доброго життя , в якому були і радощі , і якісь прикрощі , але найбільше було щастя від того , що це життя минає , і минає цікаво та гарно , .. коли ще не було тієї дивовижної катастрофи , яку потім назвали « зсувом часів » та яка віддалила і людей , і звірят у різні куточки , ще й віднесла когось в інший час , а когось лишила в цьому , що є .","[{""label"": ""PERS"", ""text"": ""Барс""}]","[{""label"": ""ART"", ""text"": ""комірки"", ""start"": 48, ""end"": 55}, {""label"": ""PERS"", ""text"": ""Барс"", ""start"": 58, ""end"": 62}, {""label"": ""ART"", ""text"": ""фото"", ""start"": 119, ""end"": 123}, {""label"": ""PERS"", ""text"": ""я"", ""start"": 130, ""end"": 131}, {""label"": ""PERS"", ""text"": ""люди"", ""start"": 218, ""end"": 222}, {""label"": ""LOC"", ""text"": ""будиночку"", ""start"": 244, ""end"": 253}, {""label"": ""MISC"", ""text"": ""життя"", ""start"": 415, ""end"": 420}, {""label"": ""LOC"", ""text"": ""різні куточки"", ""start"": 576, ""end"": 589}]"
157cf8c0d454e56ea98e8f64265563691b2dd586e241b9ae258b1fb3a3157d9f,"Це були молоді Василина і Василь , а донечку їхню називали Валею . Валюнею , Валюсею , Валюшкою і ще якимись ніжними іменами , .. а кота звали Леопольдом , Лео скорочено , або Польдусом , його подарували дівчинці , коли вона мала всього рочок .","[{""label"": ""PERS"", ""text"": ""Василина""}, {""label"": ""PERS"", ""text"": ""Василь""}, {""label"": ""PERS"", ""text"": ""Валею""}, {""label"": ""PERS"", ""text"": ""Валюнею""}, {""label"": ""PERS"", ""text"": ""Валюсею""}, {""label"": ""PERS"", ""text"": ""Валюшкою""}, {""label"": ""PERS"", ""text"": ""Леопольдом""}, {""label"": ""PERS"", ""text"": ""Лео""}, {""label"": ""PERS"", ""text"": ""Польдусом""}]","[{""label"": ""PERS"", ""text"": ""Василина"", ""start"": 15, ""end"": 23}, {""label"": ""PERS"", ""text"": ""Василь"", ""start"": 26, ""end"": 32}, {""label"": ""PERS"", ""text"": ""Валею"", ""start"": 59, ""end"": 64}]"
8eb7d05fd47270b056d7a8058cc9768e7afe36d60c4be990a10fa746cdc98a9e,"Сам Барс ( передаючи мені цю інформацію телепатично , він заплющив очі від явного задоволення ) був у родині старшим котом , старшим від Польдуса на цілих два роки , і коли ота вся веремія відбулася ... ну , коли всі вибігли з будиночка , Василь тримав на руках дівчинку , яка міцно спала і навіть не прокинулася від гуркоту навколо , бо в небі гриміло і блискало , і з неба сипалися снопи кольорових іскор , ніби всі зорі раптом вирішили впасти на землю , і всі разом падали ...","[{""label"": ""PERS"", ""text"": ""Барс""}, {""label"": ""PERS"", ""text"": ""Польдуса""}, {""label"": ""PERS"", ""text"": ""Василь""}]","[{""label"": ""PERS"", ""text"": ""Сам Барс"", ""start"": 0, ""end"": 8}, {""label"": ""ORG"", ""text"": ""родині"", ""start"": 102, ""end"": 108}, {""label"": ""PERIOD"", ""text"": ""два роки"", ""start"": 155, ""end"": 163}, {""label"": ""PERS"", ""text"": ""Василь"", ""start"": 239, ""end"": 245}, {""label"": ""PERS"", ""text"": ""дівчинку"", ""start"": 262, ""end"": 270}, {""label"": ""ART"", ""text"": ""снопи кольорових іскор"", ""start"": 384, ""end"": 406}]"
485e60255000537fc272692ee41f6279999eb545caff43d1dc316eaf623a8e92,"А Василина тоді схопила на руки Польдуса ... а Барс тихенько сидів за каміном , він не хотів нікуди йти в ту неймовірно лячну ніч ... і не пішов , вони його просто забули , тоді він навіть образився , що забули , не покликали , і Василинине « кицю , киць-киць , Барсуню , киць !.. » ще довго снилося Барсу , який блукав довгі роки в самотньому саду й почувався всіма покинутим котом , але потім дещо пташки розповідали , він чув , і трава , і дерева , і небо ... він багато чого почув і зрозумів .","[{""label"": ""PERS"", ""text"": ""Василина""}, {""label"": ""PERS"", ""text"": ""Польдуса""}, {""label"": ""PERS"", ""text"": ""Барс""}, {""label"": ""PERS"", ""text"": ""Василинине""}, {""label"": ""PERS"", ""text"": ""Барсуню""}, {""label"": ""PERS"", ""text"": ""Барсу""}, {""label"": ""PERIOD"", ""text"": ""довгі роки""}]","[{""label"": ""PERS"", ""text"": ""Василина"", ""start"": 2, ""end"": 10}, {""label"": ""PERS"", ""text"": ""Польдуса"", ""start"": 32, ""end"": 40}, {""label"": ""PERS"", ""text"": ""Барс"", ""start"": 47, ""end"": 51}, {""label"": ""MISC"", ""text"": ""каміном"", ""start"": 70, ""end"": 77}, {""label"": ""PERS"", ""text"": ""Барсу"", ""start"": 300, ""end"": 305}, {""label"": ""LOC"", ""text"": ""самотньому саду"", ""start"": 333, ""end"": 348}, {""label"": ""MISC"", ""text"": ""трава"", ""start"": 433, ""end"": 438}, {""label"": ""MISC"", ""text"": ""дерева"", ""start"": 443, ""end"": 449}, {""label"": ""MISC"", ""text"": ""небо"", ""start"": 454, ""end"": 458}]"
bf5f6bdf5251f10640a084c29d815767c49581794d30ca0f1b9404faca0d4e3e,"Але й багато чого не розуміє досі в цьому всьому ... Барсова розповідь збігалася з тим , що я відшукав у давніх файлах .","[{""label"": ""PERS"", ""text"": ""Барсова""}]","[{""label"": ""ART"", ""text"": ""давніх файлах"", ""start"": 105, ""end"": 118}]"
0a5decb652dc34fd24aab1e1550db5d96a792bef5d3b69f4d52bf1d788b23788,"Це справді був колишній дім родини Птахів , і вони покинули своє житло , навіть не уявляючи , куди й навіщо йдуть , думали , що почався землетрус або ядерна світова катастрофа , або невідомо що , а вже потім , коли все стихло , в іншому місці , вони оселилися в подібному будиночку , в якому ніхто не мешкав , відремонтували його , посадили сад і залишилися там жити .","[{""label"": ""PERS"", ""text"": ""Птахів""}]","[{""label"": ""LOC"", ""text"": ""іншому місці"", ""start"": 230, ""end"": 242}, {""label"": ""MISC"", ""text"": ""сад"", ""start"": 341, ""end"": 344}]"
d9f83e442320cff34564d2802f10f39115129cc8460199a9a0a7c1de5fae12d9,"Ні мої пошуки , ні Барсові спогади не дали відповіді на те питання , яке виглядало для мене важливішим від усіх інших : чому я відчуваю , що цей дім — то мій дім , цей сад — то мій сад , чому так хочеться мені співати пісень , яких співають мешканці цих країв , чому я завмираю від їхнього співу , Щo й чому на цій землі зламало в мені мою бездоганну програму , чому я почуваюся майже людиною , і чому звідси мені не хочеться нікуди летіти , на жодну Севін ? ТОВ « Агробізнес ТСК » , що працює у Недригайлівському районі Сумської області , розпочало будівництво овочесховища , розрахованого на 15-17 тис . тонн вирощеної продукції , та розробило проект спорудження елеватора , призначеного для зберігання 100 тис . тонн зерна .","[{""label"": ""PERS"", ""text"": ""Барсові""}, {""label"": ""LOC"", ""text"": ""Севін""}, {""label"": ""ORG"", ""text"": ""ТОВ « Агробізнес ТСК »""}, {""label"": ""LOC"", ""text"": ""Недригайлівському районі""}, {""label"": ""LOC"", ""text"": ""Сумської області""}, {""label"": ""QUANT"", ""text"": ""15-17 тис . тонн""}, {""label"": ""QUANT"", ""text"": ""100 тис . тонн""}]","[{""label"": ""PERS"", ""text"": ""мене"", ""start"": 87, ""end"": 91}, {""label"": ""PERS"", ""text"": ""я"", ""start"": 125, ""end"": 126}, {""label"": ""PERS"", ""text"": ""я"", ""start"": 267, ""end"": 268}, {""label"": ""PERS"", ""text"": ""я"", ""start"": 367, ""end"": 368}, {""label"": ""ORG"", ""text"": ""ТОВ « Агробізнес ТСК »"", ""start"": 459, ""end"": 481}, {""label"": ""LOC"", ""text"": ""Недригайлівському районі Сумської області"", ""start"": 496, ""end"": 537}, {""label"": ""ART"", ""text"": ""овочесховища"", ""start"": 562, ""end"": 574}, {""label"": ""QUANT"", ""text"": ""15-17 тис . тонн"", ""start"": 594, ""end"": 610}, {""label"": ""ART"", ""text"": ""елеватора"", ""start"": 665, ""end"": 674}, {""label"": ""QUANT"", ""text"": ""100 тис . тонн зерна"", ""start"": 705, ""end"": 725}]"
49fc772cc562ed10837ba636f6d3ab69858ea60d6810c1f105483449c847c8f7,"Перший об’єкт буде введено в експлуатацію вже наприкінці літа , будівництво другого розпочнеться восени нинішнього року .","[{""label"": ""DATE"", ""text"": ""восени нинішнього року""}]","[{""label"": ""ART"", ""text"": ""Перший об’єкт"", ""start"": 0, ""end"": 13}, {""label"": ""DATE"", ""text"": ""наприкінці літа"", ""start"": 46, ""end"": 61}, {""label"": ""DATE"", ""text"": ""восени нинішнього року"", ""start"": 97, ""end"": 119}]"
7b081d24a1ab37e9ea1f6a626c8cdd19532c36cc8ca70f3cac3ad294efff95b0,"За словами керівника ТОВ « Агробізнес ТСК » Геннадія СВІРСЬКОГО , потреба у новому овочесховищі виникла у зв’язку із тим , що цього року підприємство планує збільшити врожайність овочевих культур втричі .","[{""label"": ""ORG"", ""text"": ""ТОВ « Агробізнес ТСК »""}, {""label"": ""PERS"", ""text"": ""Геннадія СВІРСЬКОГО""}]","[{""label"": ""ORG"", ""text"": ""ТОВ « Агробізнес ТСК »"", ""start"": 21, ""end"": 43}, {""label"": ""PERS"", ""text"": ""Геннадія СВІРСЬКОГО"", ""start"": 44, ""end"": 63}, {""label"": ""MISC"", ""text"": ""овочевих культур"", ""start"": 179, ""end"": 195}, {""label"": ""PCT"", ""text"": ""втричі"", ""start"": 196, ""end"": 202}]"
456c98a45c2409d9f439895e0870a2923c28b882fa5f2d0497f43f82dcfd1efa,« У новому овочесховищі буде використано технологію напільного зберігання .,[],"[{""label"": ""LOC"", ""text"": ""новому овочесховищі"", ""start"": 4, ""end"": 23}]"
a03ff5c222f2d88c4e25c5ccc77c77359db224152c1201df0b8cbb6e28b75cf3,"Це старий та перевірений метод , до того ж досить економний .",[],[]
56d3bd975cf5234280f8c01b9c1c5e2d639ee1b865361c00111ec6ac7e0d3874,"Якщо ми не зможемо заповнити овочами всі площі , то таке сховище підійде і для зберігання зернових культур » , - зазначив Геннадій Свірський . ТОВ « Агробізнес ТСК » працює в Сумській області восьмий рік поспіль . Восени 2012 року підприємство ввело в експлуатацію овочесховище , оснащене сучасною технікою голландської компанії Tolsma .","[{""label"": ""PERS"", ""text"": ""Геннадій Свірський""}, {""label"": ""ORG"", ""text"": ""ТОВ « Агробізнес ТСК »""}, {""label"": ""LOC"", ""text"": ""Сумській області""}, {""label"": ""PERIOD"", ""text"": ""восьмий рік""}, {""label"": ""DATE"", ""text"": ""Восени 2012 року""}, {""label"": ""ORG"", ""text"": ""Tolsma""}]","[{""label"": ""PERS"", ""text"": ""Геннадій Свірський"", ""start"": 122, ""end"": 140}, {""label"": ""ORG"", ""text"": ""ТОВ « Агробізнес ТСК »"", ""start"": 143, ""end"": 165}, {""label"": ""LOC"", ""text"": ""Сумській області"", ""start"": 175, ""end"": 191}, {""label"": ""DATE"", ""text"": ""Восени 2012 року"", ""start"": 214, ""end"": 230}, {""label"": ""MISC"", ""text"": ""овочесховище"", ""start"": 265, ""end"": 277}]"
0f8213c14aa50f295c6a0d985d031fab34e473b836bf5c89cd6420dae7f83c5a,"У господарстві постійно працюють 230 чоловік , в сезон збирання врожаю - 500 і більше .",[],"[{""label"": ""ORG"", ""text"": ""господарстві"", ""start"": 2, ""end"": 14}, {""label"": ""QUANT"", ""text"": ""230 чоловік"", ""start"": 33, ""end"": 44}, {""label"": ""QUANT"", ""text"": ""500"", ""start"": 73, ""end"": 76}]"
abb4f3664d7cff24e9d2ca58346504b97c85b553e0711c7ccafc45d47aa8f6fb,"Як зауважив Геннадій Свірський , постійне розширення потужностей підприємства стало можливим завдяки підтримці обласного керівництва та чиновників усіх рівнів .","[{""label"": ""PERS"", ""text"": ""Геннадій Свірський""}]","[{""label"": ""PERS"", ""text"": ""Геннадій Свірський"", ""start"": 12, ""end"": 30}, {""label"": ""ORG"", ""text"": ""підприємства"", ""start"": 65, ""end"": 77}, {""label"": ""JOB"", ""text"": ""чиновників усіх рівнів"", ""start"": 136, ""end"": 158}]"
5ca4d53b9f3831b84db9e51e6f84446a14c5a0ae80f032bc71fe138cf926a8d7,"« Завдання обласної влади - підтримати такі підприємства і зробити так , щоб господарства типу « Агробізес ТСК » з’являлися в кожному районі .","[{""label"": ""ORG"", ""text"": ""Агробізес ТСК""}]","[{""label"": ""ORG"", ""text"": ""Агробізес ТСК"", ""start"": 97, ""end"": 110}, {""label"": ""LOC"", ""text"": ""кожному районі"", ""start"": 126, ""end"": 140}]"
2ec0f643e797d963240cad4b93c3ed123fbf9d9dcad0953ee9cd8afc551edc7d,"Тоді ми гарантуватимемо власну продовольчу безпеку » , - зазначив під час поїздки до Недригайлівського району заступник голови Сумської облдержадміністрації з питань розвитку АПК Сергій СЛИЗЬКИЙ . У стані сну вони не мають своєї волі , а підкоряються волі магнетизера .","[{""label"": ""LOC"", ""text"": ""Недригайлівського району""}, {""label"": ""JOB"", ""text"": ""заступник голови""}, {""label"": ""ORG"", ""text"": ""Сумської облдержадміністрації""}, {""label"": ""PERS"", ""text"": ""Сергій СЛИЗЬКИЙ""}]","[{""label"": ""LOC"", ""text"": ""Недригайлівського району"", ""start"": 85, ""end"": 109}, {""label"": ""ORG"", ""text"": ""Сумської облдержадміністрації"", ""start"": 127, ""end"": 156}, {""label"": ""PERS"", ""text"": ""Сергій СЛИЗЬКИЙ"", ""start"": 179, ""end"": 194}]"
4c819a0cd2a0843ebef47074d02e145686501d2113778142d292faeb206a4462,"Вони навіть не мають своєї свідомості , слухаючи свідомості й підсвідомості інших , лікарів чи хворих .",[],"[{""label"": ""PERS"", ""text"": ""Вони"", ""start"": 0, ""end"": 4}, {""label"": ""JOB"", ""text"": ""лікарів"", ""start"": 84, ""end"": 91}, {""label"": ""JOB"", ""text"": ""хворих"", ""start"": 95, ""end"": 101}]"
ce8f94a5c240f45787a4b74250e7788b17b5bb1c268652e94dca50e684f5f29e,"У свідомому житті вони не пам’ятають того , що відбувалося з ними під час гіпнозу .",[],[]
2d3da3517d08c69e7912c77d1d088f4ade55929b5a4d8fd54ddf02a1194d34b5,"Ми не знаємо достеменно , чи мала ця сомнамбулічна медицина хоч трохи успіху .",[],"[{""label"": ""MISC"", ""text"": ""сомнамбулічна медицина"", ""start"": 37, ""end"": 59}]"
047ff84f331b2bfd5fefc3c4a1e0f86e9b80db67a9b55a1f49be7da15b4b731a,Чи допомогла вона бодай кільком пацієнтам .,[],[]
7dcce3090a5e427c53809d477d9ef128bec09be9d82789bac6770869a8a38ada,"Чи поставила когось на ноги , чи повернула комусь втрачені здатності .",[],"[{""label"": ""PERS"", ""text"": ""когось"", ""start"": 13, ""end"": 19}, {""label"": ""PERS"", ""text"": ""комусь"", ""start"": 43, ""end"": 49}]"
987331ac1e2b10e9a8583de6e8b78e9a459e12f19b0399eb584a367a22b935e4,"Але ми напевно знаємо , що магнетична теорія сама мала дивний вплив .",[],"[{""label"": ""MISC"", ""text"": ""магнетична теорія"", ""start"": 27, ""end"": 44}]"
748d894fe1fbd17688b2ee3e917aaede37a9fab932e91e94a0f71cc999a72db5,"Що теорія магнетизувала не тільки лікарів і хворих , але й багато кого ще .",[],"[{""label"": ""MISC"", ""text"": ""теорія"", ""start"": 3, ""end"": 9}, {""label"": ""PERS"", ""text"": ""лікарів"", ""start"": 34, ""end"": 41}, {""label"": ""JOB"", ""text"": ""хворих"", ""start"": 44, ""end"": 50}]"
bf33cd345759d07b14967f3a2d7314fcbf0873b2e6f041275924cf40e7d18815,"Скажімо , філософів чи письменників . Ернст Теодор Амадей Гофман напише під впливом месмеризму декілька своїх найкращих оповідань .","[{""label"": ""PERS"", ""text"": ""Ернст Теодор Амадей Гофман""}]","[{""label"": ""PERS"", ""text"": ""Ернст Теодор Амадей Гофман"", ""start"": 38, ""end"": 64}, {""label"": ""MISC"", ""text"": ""месмеризму"", ""start"": 84, ""end"": 94}]"
43d0793c89bba4debe8a88df1aa8dcb2623d23c6fe111020d18b86712854f9bf,"У « Магнетизері » чи « Вогняному духові » його героями будуть дивні чужинці ( здебільшого з півночі ) та їхні двійники , які долають простір і час , здатні гіпнотизувати людей , керувати їхніми сновидіннями і змушувати їх бажати те , чого вони свідомо ніби не бажають .","[{""label"": ""ART"", ""text"": ""Магнетизері""}, {""label"": ""ART"", ""text"": ""Вогняному духові""}]","[{""label"": ""LOC"", ""text"": ""півночі"", ""start"": 92, ""end"": 99}, {""label"": ""PERIOD"", ""text"": ""простір і час"", ""start"": 133, ""end"": 146}]"
e002d4d92c062c67b816869a91f6f744203a6a624152fdd80811100cb4dcc202,"По той бік Атлантики Едґар По підхоплює естафету : « Месмеричні відкриття » , « Овальний портрет » чи « Історія крутих гір » — це оповідання , де месмеризм , перетікання життя від одного тіла до іншого , телепатія та керування свідомістю інших людей визначають фабулу та інтригу .","[{""label"": ""LOC"", ""text"": ""Атлантики""}, {""label"": ""PERS"", ""text"": ""Едґар По""}, {""label"": ""ART"", ""text"": ""Месмеричні відкриття""}, {""label"": ""ART"", ""text"": ""Овальний портрет""}, {""label"": ""ART"", ""text"": ""Історія крутих гір""}]","[{""label"": ""LOC"", ""text"": ""Атлантики"", ""start"": 11, ""end"": 20}, {""label"": ""PERS"", ""text"": ""Едґар По"", ""start"": 21, ""end"": 29}, {""label"": ""ART"", ""text"": ""Месмеричні відкриття"", ""start"": 53, ""end"": 73}, {""label"": ""ART"", ""text"": ""Овальний портрет"", ""start"": 80, ""end"": 96}, {""label"": ""ART"", ""text"": ""Історія крутих гір"", ""start"": 104, ""end"": 122}, {""label"": ""MISC"", ""text"": ""месмеризм"", ""start"": 146, ""end"": 155}]"
60f1652f686cd497b146fddb3eabb1868a44c615943e5fb5e9521dee46b5524a,"Німецька філософія початку XIX століття повертає в інтелектуальну історію ідею діалектики — того , що світ є боротьбою протилежностей і що нову реальність створює поєднання тези й антитези , « плюса » і « мінуса » , немов від дії магнітів на месмеричному сеансі .","[{""label"": ""DATE"", ""text"": ""початку XIX століття""}]","[{""label"": ""PERIOD"", ""text"": ""початку XIX століття"", ""start"": 19, ""end"": 39}, {""label"": ""MISC"", ""text"": ""світ"", ""start"": 102, ""end"": 106}]"
42edd963251365cc9e2586f913f41b522cfc8506329546d1b99358631d139504,"Свідомо чи несвідомо , копіюючи теорії Месмера чи не копіюючи , нова естетика романтичної епохи творила світ , де все керується законами магнетичного тяжіння та відштовхування ; де душі й тіла втрачають свою самостійність і підпадають під вплив магнетизерів .","[{""label"": ""PERS"", ""text"": ""Месмера""}]","[{""label"": ""PERS"", ""text"": ""Месмера"", ""start"": 39, ""end"": 46}, {""label"": ""PERIOD"", ""text"": ""романтичної епохи"", ""start"": 78, ""end"": 95}, {""label"": ""LOC"", ""text"": ""світ"", ""start"": 104, ""end"": 108}]"
c1490ceab67016ce48e7e1e16e95e663e982aa3ac856e747b2d740ab164cbea5,"Де людська воля ставала безсилою під дією надіндивідуальної сили — байдуже , як її називають : « флюїдами » , « життям » , « світовою душею » чи « абсолютним духом » .",[],"[{""label"": ""MISC"", ""text"": ""флюїдами"", ""start"": 97, ""end"": 105}, {""label"": ""MISC"", ""text"": ""життям"", ""start"": 112, ""end"": 118}, {""label"": ""MISC"", ""text"": ""світовою душею"", ""start"": 125, ""end"": 139}, {""label"": ""MISC"", ""text"": ""абсолютним духом"", ""start"": 147, ""end"": 163}]"
16357537515c0e98ce58799f318f78b3950c811b85853c270467a202f0d86874,"В уявному світі ексцентричних романтиків люди ставали сомнамбулами ; вони виходили за межі своєї психіки , підкорялися силі , сильнішій за них , більшій за них і розумнішій за них .",[],"[{""label"": ""PERS"", ""text"": ""люди"", ""start"": 41, ""end"": 45}, {""label"": ""MISC"", ""text"": ""сомнамбулами"", ""start"": 54, ""end"": 66}]"
73f92b65f554bc749eb414ccc330d6d0dd54a2e45159b0d5424290007f6c2801,Вони часто бачили свій порятунок у відмові від самих себе .,[],"[{""label"": ""PERS"", ""text"": ""Вони"", ""start"": 0, ""end"": 4}]"
99f92b1fa444baaef927bc0be048c067a07c1a37b4dae48e4dfd4acb08260928,"Це була дивна епоха — така незвична для людей сучасності , які понад усе прагнуть бути вільними від інших .",[],"[{""label"": ""PERIOD"", ""text"": ""дивна епоха"", ""start"": 8, ""end"": 19}]"
23f620891a113d79601634b3e8a9d7525a71655ccb84a196356ed8696b6c44ab,"Це була дивна епоха , бо свій порятунок люди тоді бачили у відмові від самих себе , а не у ствердженні самих себе .",[],"[{""label"": ""PERIOD"", ""text"": ""дивна епоха"", ""start"": 8, ""end"": 19}, {""label"": ""PERS"", ""text"": ""люди"", ""start"": 40, ""end"": 44}]"
2ffd6e5d9f756fbb64dc3837565d93806717d9ac96d75ad946481a267758a7f1,"У прив’язуванні себе до інших , у зарядженні себе іншими , у зараженні себе іншими , радше ніж у звільненні від них .",[],[]
2a830876315f423d26ed8be8c347dd131c46f12d764cbde3f4033c4b242f4861,"Вони бачили порятунок у тому , що робить їх більшими , ніж вони самі , що робить їх скупченнями тендітних тіл і душ , поєднаних великими і малими магнітами , теплими та близькими .",[],"[{""label"": ""PERS"", ""text"": ""Вони"", ""start"": 0, ""end"": 4}, {""label"": ""ART"", ""text"": ""тендітних тіл і душ"", ""start"": 96, ""end"": 115}, {""label"": ""ART"", ""text"": ""великими і малими магнітами"", ""start"": 128, ""end"": 155}, {""label"": ""ART"", ""text"": ""теплими та близькими"", ""start"": 158, ""end"": 178}]"
b8a4c86b7313a3dd84b15c9df4a2b77de6459b0da3e86debb81c59d855bd0673,Це була епоха синтезів та гібридів .,[],"[{""label"": ""MISC"", ""text"": ""синтезів та гібридів"", ""start"": 14, ""end"": 34}]"
d1c06187ca335f6045f4886fc92dad99c73705de7f01b870487b63b5c658e751,Це була епоха магнітів .,[],"[{""label"": ""PERIOD"", ""text"": ""епоха магнітів"", ""start"": 8, ""end"": 22}]"
64fef2605402b9757159547b9800b2ac99880e8854c90ff887c4a3d5c777cf1b,Під різними назвами та вивісками « месмеризм » і « гіпнотизм » зберігали свою культурну й навіть медичну актуальність протягом усього XIX століття .,"[{""label"": ""PERIOD"", ""text"": ""XIX століття""}]","[{""label"": ""MISC"", ""text"": ""месмеризм"", ""start"": 35, ""end"": 44}, {""label"": ""MISC"", ""text"": ""гіпнотизм"", ""start"": 51, ""end"": 60}, {""label"": ""PERIOD"", ""text"": ""XIX століття"", ""start"": 134, ""end"": 146}]"
35d35ae968ee28e2caadf1311e19e53b27509d424d5f6448b0f79a71bd907a6e,"У 1870-х роках французький психіатр Жан-Мартен Шарко доводить публіці , що істерія та сомнамбулізм мають спільну природу .","[{""label"": ""DATE"", ""text"": ""1870-х роках""}, {""label"": ""JOB"", ""text"": ""психіатр""}, {""label"": ""PERS"", ""text"": ""Жан-Мартен Шарко""}]","[{""label"": ""PERIOD"", ""text"": ""1870-х роках"", ""start"": 2, ""end"": 14}, {""label"": ""JOB"", ""text"": ""французький психіатр"", ""start"": 15, ""end"": 35}, {""label"": ""PERS"", ""text"": ""Жан-Мартен Шарко"", ""start"": 36, ""end"": 52}, {""label"": ""MISC"", ""text"": ""істерія"", ""start"": 75, ""end"": 82}, {""label"": ""MISC"", ""text"": ""сомнамбулізм"", ""start"": 86, ""end"": 98}]"
e2e8c8caa4cfb23817aef1f3bb18e0be6942424c265112d116d4e2d798a500b0,"У знаменитій жіночій лікарні Сальпетрієр він ставить свої « демонстрації » , під час яких вводить хворих у сон і може впливати на симптоми істерії , наприклад , переносячи параліч із однієї частини тіла хворого на іншу .","[{""label"": ""ORG"", ""text"": ""жіночій лікарні Сальпетрієр""}]","[{""label"": ""PERS"", ""text"": ""Сальпетрієр"", ""start"": 29, ""end"": 40}]"
a2605e1a75fbf94309cef4666ca674594d1652bdaf55a14bbd65ea49bf529128,"Поволі гіпноз стає не тільки аналогом істерії , але й інструментом її лікування .",[],"[{""label"": ""ART"", ""text"": ""гіпноз"", ""start"": 7, ""end"": 13}]"
6e8749b1427bf685887678af0fac5cca3717f3b0616aa18b795687710b3f0541,"Цією практикою займуться чимало психіатрів у Франції , Швейцарії , Німеччині та Австрії : від П’єра Жане до Ойґена Бльойлєра та Йозефа Броєра .","[{""label"": ""LOC"", ""text"": ""Франції""}, {""label"": ""LOC"", ""text"": ""Швейцарії""}, {""label"": ""LOC"", ""text"": ""Німеччині""}, {""label"": ""LOC"", ""text"": ""Австрії""}, {""label"": ""PERS"", ""text"": ""П’єра Жане""}, {""label"": ""PERS"", ""text"": ""Ойґена Бльойлєра""}, {""label"": ""PERS"", ""text"": ""Йозефа Броєра""}]","[{""label"": ""LOC"", ""text"": ""Австрії"", ""start"": 80, ""end"": 87}, {""label"": ""PERS"", ""text"": ""П’єра Жане"", ""start"": 94, ""end"": 104}, {""label"": ""PERS"", ""text"": ""Ойґена Бльойлєра"", ""start"": 108, ""end"": 124}, {""label"": ""PERS"", ""text"": ""Йозефа Броєра"", ""start"": 128, ""end"": 141}]"
dd8866cca5b732e42db4517ebbeb58c726749a2547c642546f87d451e660e167,"Експерименти Шарко захопили молодого Зиґмунда Фройда , коли той у жовтні 1885 року приїхав до Парижа .","[{""label"": ""PERS"", ""text"": ""Шарко""}, {""label"": ""PERS"", ""text"": ""Зиґмунда Фройда""}, {""label"": ""DATE"", ""text"": ""жовтні 1885 року""}, {""label"": ""LOC"", ""text"": ""Парижа""}]","[{""label"": ""PERS"", ""text"": ""Зиґмунда Фройда"", ""start"": 37, ""end"": 52}, {""label"": ""DATE"", ""text"": ""жовтні 1885 року"", ""start"": 66, ""end"": 82}, {""label"": ""LOC"", ""text"": ""Парижа"", ""start"": 94, ""end"": 100}]"
aae8750220995e5d026e72c390467a427a3f0e9262d357a74423b563e69f324e,"Повернувшись до Відня , він намагається за допомогою гіпнозу лікувати молоду хвору на істерію , Берту Папенгайм , пацієнтку свого друга та вчителя Йозефа Броєра .","[{""label"": ""LOC"", ""text"": ""Відня""}, {""label"": ""PERS"", ""text"": ""Берту Папенгайм""}, {""label"": ""PERS"", ""text"": ""Йозефа Броєра""}]","[{""label"": ""LOC"", ""text"": ""Відня"", ""start"": 16, ""end"": 21}, {""label"": ""PERS"", ""text"": ""Берту Папенгайм"", ""start"": 96, ""end"": 111}, {""label"": ""PERS"", ""text"": ""Йозефа Броєра"", ""start"": 147, ""end"": 160}]"
438a334fd9aeca511dd0a820fe9151afb05a987bd5ed430cdf57bd6f87308bb1,"Спільно з Броєром вони напишуть книжку « Дослідження істерії » , де Берта фігуруватиме під псевдонімом « Анна О . » .","[{""label"": ""PERS"", ""text"": ""Броєром""}, {""label"": ""ART"", ""text"": ""Дослідження істерії""}, {""label"": ""PERS"", ""text"": ""Берта""}, {""label"": ""PERS"", ""text"": ""Анна О""}]","[{""label"": ""PERS"", ""text"": ""Броєром"", ""start"": 10, ""end"": 17}, {""label"": ""ART"", ""text"": ""Дослідження істерії"", ""start"": 41, ""end"": 60}, {""label"": ""PERS"", ""text"": ""Берта"", ""start"": 68, ""end"": 73}]"
2663e22d46a79d79b6fce1efb8bc760798531d5c11d1306577587a2b98f05233,"Мине ще кілька років , і ще одна Фройдова пацієнтка , цього разу зашифрована як « Еммі фон Н . » , під час сеансу з Фройдом нервово попросить його замовкнути , а після цього виллє на нього потік слів , що його Фройд міг тільки мовчки слухати .","[{""label"": ""PERS"", ""text"": ""Фройдова""}, {""label"": ""PERS"", ""text"": ""Еммі фон Н""}, {""label"": ""PERS"", ""text"": ""Фройдом""}, {""label"": ""PERS"", ""text"": ""Фройд""}]","[{""label"": ""PERIOD"", ""text"": ""Мине ще кілька років"", ""start"": 0, ""end"": 20}, {""label"": ""PERS"", ""text"": ""Фройдова пацієнтка"", ""start"": 33, ""end"": 51}, {""label"": ""PERS"", ""text"": ""Еммі фон Н ."", ""start"": 82, ""end"": 94}, {""label"": ""PERS"", ""text"": ""Фройдом"", ""start"": 116, ""end"": 123}, {""label"": ""PERS"", ""text"": ""Фройд"", ""start"": 210, ""end"": 215}]"
6aa960524b8af0cbc436435570b5e07f556164af57820148edaef8578453eb4d,Відтоді він починає відмовлятися від гіпнозу і практикувати метод вільних асоціацій .,[],"[{""label"": ""PERS"", ""text"": ""він"", ""start"": 8, ""end"": 11}, {""label"": ""MISC"", ""text"": ""гіпнозу"", ""start"": 37, ""end"": 44}, {""label"": ""MISC"", ""text"": ""вільних асоціацій"", ""start"": 66, ""end"": 83}]"
e11bea5b759d70cb543c9feaf74693beadb051bd1f4545702a8fca6dc927528e,"Те , що потім назвуть talk cure .",[],"[{""label"": ""MISC"", ""text"": ""talk cure"", ""start"": 22, ""end"": 31}]"
0d895c6ac69287da0b94a2428f6df273e8c5f5c5378493500c23b43cb746ead6,"Що стане одним із головних методів психоаналізу . Капусту беремо , яка є .",[],"[{""label"": ""ART"", ""text"": ""Капусту"", ""start"": 50, ""end"": 57}, {""label"": ""ART"", ""text"": ""яка є"", ""start"": 67, ""end"": 72}]"
08d16afafb112470c05f66d6eb69fbda7776acaed40ce32c2e7c5e1bafadb3af,Але найкраще – половину свіжої і половину квашеної .,[],"[{""label"": ""PCT"", ""text"": ""половину свіжої"", ""start"": 15, ""end"": 30}, {""label"": ""PCT"", ""text"": ""половину квашеної"", ""start"": 33, ""end"": 50}]"
1511d69bc780ed886eae92d9faef08233dbf06f0569cf65735e4df1d113882f8,Можна – лише квашену .,[],[]
3b7b73ae636ecc2266a577dfca990915069b7c82ecf3b70c93671c434e57b835,"М’ясо – теж , яке є .",[],"[{""label"": ""ART"", ""text"": ""М’ясо"", ""start"": 0, ""end"": 5}]"
6a49ad82dcfb915316fb25cc663a2b8aed9286316ab4db76a66fedb23ac193cb,"Але найсмачніше , коли є кілька варіантів ( свіже плюс вуджене та ковбаса ) , тоді створюється особлива гармонія .",[],"[{""label"": ""MISC"", ""text"": ""свіже плюс вуджене"", ""start"": 44, ""end"": 62}, {""label"": ""MISC"", ""text"": ""ковбаса"", ""start"": 66, ""end"": 73}]"
555d853e0bf51fbcfe5f90d6421393862f183634956fa320f8df5430a058cbaf,Капусту дрібно шаткуємо .,[],"[{""label"": ""ART"", ""text"": ""Капусту"", ""start"": 0, ""end"": 7}]"
0a38ff4bc71035eb04a5690ef39885b3cbad85f722ab5f0ad735a9e64128f604,Квасну капусту тушкуємо у невеликій кількості води .,[],"[{""label"": ""ART"", ""text"": ""Квасну капусту"", ""start"": 0, ""end"": 14}]"
6c2bf197e0e428a1c03931ffb5ce56cdf1dfe72feff845032982e11d81c25131,"Коли буде напівготова , додаємо свіжу капусту і тушкуємо ще хвилин 10-15 , періодично добре помішуючи .","[{""label"": ""PERIOD"", ""text"": ""хвилин 10-15""}]","[{""label"": ""ART"", ""text"": ""свіжу капусту"", ""start"": 32, ""end"": 45}, {""label"": ""PERIOD"", ""text"": ""хвилин 10-15"", ""start"": 60, ""end"": 72}]"
b6345ebb108512f43ad51f9b2221b791529df534b4da8d8170e78b8cc337e705,А тим часом варимо – окремо – сухі білі гриби .,[],"[{""label"": ""MISC"", ""text"": ""сухі білі гриби"", ""start"": 30, ""end"": 45}]"
ecbf52908ed6a9accf705d2d7632f85966182630677fc238f5978656b9985f6e,"Підсмажуємо на олії м’ясо , порізане шматочками , додаємо порізану цибулю , трохи згодом – порізані полядвицю та ковбасу .",[],"[{""label"": ""MISC"", ""text"": ""м’ясо"", ""start"": 20, ""end"": 25}, {""label"": ""ART"", ""text"": ""порізану цибулю"", ""start"": 58, ""end"": 73}, {""label"": ""MISC"", ""text"": ""полядвицю"", ""start"": 100, ""end"": 109}, {""label"": ""ART"", ""text"": ""ковбасу"", ""start"": 113, ""end"": 120}]"
5d9ac5273f7c1bfa00f47f6608466cd292971038eebf12845ad332ef46120ec3,"Потушкувавши м’ясо 20 хвилин , додаємо його до капусти , солимо й перчимо .","[{""label"": ""PERIOD"", ""text"": ""20 хвилин""}]","[{""label"": ""ART"", ""text"": ""м’ясо"", ""start"": 13, ""end"": 18}, {""label"": ""PERIOD"", ""text"": ""20 хвилин"", ""start"": 19, ""end"": 28}, {""label"": ""ART"", ""text"": ""капусти"", ""start"": 47, ""end"": 54}]"
2b9a3fd6e5c859f94b9b11c2d4441896d0ce4145bdca133329fc57dbcee56b91,Відварені білі гриби ріжемо тоненькими смужками і додаємо до капусти та м’яса .,[],"[{""label"": ""ART"", ""text"": ""Відварені білі гриби"", ""start"": 0, ""end"": 20}, {""label"": ""ART"", ""text"": ""капусти та м’яса"", ""start"": 61, ""end"": 77}]"
db29efb9ae0c0b469d734b03688dc99b4aca9e35b8747eef2906c925632b1dc1,Потім – нарізаний смужками ( попередньо обшпарений ) чорнослив .,[],"[{""label"": ""ART"", ""text"": ""чорнослив"", ""start"": 53, ""end"": 62}]"
7705c98864143dce398720691bed2739a7d9684167c8332de5d15519c07ca6ff,"Якщо його немає , можна додати 1-2 ложки густого сливового повидла .",[],"[{""label"": ""QUANT"", ""text"": ""1-2 ложки"", ""start"": 31, ""end"": 40}, {""label"": ""ART"", ""text"": ""густого сливового повидла"", ""start"": 41, ""end"": 66}]"
78b0704c4a5e4adb256563f8ac73af50a5934593c755311560360ef089f84249,"Наприкінці вливаємо півсклянки червоного сухого вина і тушкуємо не менше , ніж півгодини , помішуючи .","[{""label"": ""PERIOD"", ""text"": ""півгодини""}]","[{""label"": ""QUANT"", ""text"": ""півсклянки червоного сухого вина"", ""start"": 20, ""end"": 52}, {""label"": ""PERIOD"", ""text"": ""півгодини"", ""start"": 79, ""end"": 88}]"
6e42f78b2c85c67f266c3ff85896c30cc000efd3a2715c1b2a103c3359bc1789,Усі компоненти мають об’єднатися в одну композицію .,[],"[{""label"": ""ART"", ""text"": ""Усі компоненти"", ""start"": 0, ""end"": 14}]"
32fa3190716c3ce489f51bf14a29e18d0daf0e5fc416f2387b192de8d0058c88,"Найсмачніший біґос після третього розігрівання , тобто на третій день .","[{""label"": ""DATE"", ""text"": ""третій день""}]","[{""label"": ""MISC"", ""text"": ""Найсмачніший біґос"", ""start"": 0, ""end"": 18}, {""label"": ""PERIOD"", ""text"": ""третій день"", ""start"": 58, ""end"": 69}]"
167285696d060af2964e30c2dba517ea1b84f15e4f3553ea81023cfaec705500,Готувати його найкраще у чавунному казанку .,[],[]
7f1e3b5dccf01067b72e16cd9fad9cd978fa649a0b25c94521e40fa20c078346,"Колись біґос тримали у коморі , на холоді , у глиняному посуді , і що більше розігрівали , то смачнішим він робився . У нього теж не все вийшло , але принаймні означився шлях .",[],"[{""label"": ""ART"", ""text"": ""біґос"", ""start"": 7, ""end"": 12}, {""label"": ""LOC"", ""text"": ""коморі"", ""start"": 23, ""end"": 29}, {""label"": ""LOC"", ""text"": ""на холоді"", ""start"": 32, ""end"": 41}, {""label"": ""ART"", ""text"": ""глиняному посуді"", ""start"": 46, ""end"": 62}]"
24bc83200471c7f201590ff2cc6bdca1ce83be1c3c23cad5cf9203a663a2d67d,А це ой як немало .,[],[]
51ebe7b24e9bef457f6cdba1c3d737ca0dce73cc69530857eb17908786151544,"Тож фон Трієру я винна окрему дяку : з усіх моїх багатолітніх затинань , заникувань і безвихідних тупцянь довкола гирилиці розрізнених кадрів пам’яті виринає тепер щире « Я можу говорити ! » – зовсім як у пролозі до фільму вже іншого режисера , Андрєя Тарковського ( « Дзеркало » ) , котрому судилося відіграти в усіх тих « муках дискурсу » роль далеко не останню – і теж варту якнайпильнішого перепрочитання й переосмислення .","[{""label"": ""PERS"", ""text"": ""фон Трієру""}, {""label"": ""JOB"", ""text"": ""режисера""}, {""label"": ""PERS"", ""text"": ""Андрєя Тарковського""}, {""label"": ""ART"", ""text"": ""Дзеркало""}]","[{""label"": ""PERS"", ""text"": ""фон Трієру"", ""start"": 4, ""end"": 14}, {""label"": ""PERS"", ""text"": ""Андрєя Тарковського"", ""start"": 245, ""end"": 264}]"
282f49fbff9c37b7cb80d2064c3aa7daf6c16be0fe9ff685b849eb9608dbac29,Але про все по порядку .,[],"[{""label"": ""PERS"", ""text"": ""Але"", ""start"": 0, ""end"": 3}]"
109510644bb4c21f8eb3bdf0be4db1175a5311a1f6ce66b3f05a8bacae47a8b4,* * *,[],[]
9bb5e9cb36379d0a8b8a6ab4d5aef6aa826843ade93bbb51f8f39449e7163bf5,"Той білий піджак я ще довго потім носила : він був новий і гарний , а купити будь-що нове й гарне в СРСР було проблемою аж до останку – аж доки , цебто , він розвалився .","[{""label"": ""LOC"", ""text"": ""СРСР""}]","[{""label"": ""ART"", ""text"": ""Той білий піджак"", ""start"": 0, ""end"": 16}, {""label"": ""PERS"", ""text"": ""я"", ""start"": 17, ""end"": 18}, {""label"": ""LOC"", ""text"": ""СРСР"", ""start"": 100, ""end"": 104}]"
9e83521a3a30d981ba287d8e576372fd083d72ca9b0463fca51daad1c87eab7f,"А дозиметрів у нас не було : свій перший ( він же й останній ! ) дозиметр я побачила тільки через місяць , у кінці травня – у військовій частині , куди їздила читати вірші .","[{""label"": ""DATE"", ""text"": ""місяць""}, {""label"": ""DATE"", ""text"": ""кінці травня""}]","[{""label"": ""ART"", ""text"": ""дозиметрів"", ""start"": 2, ""end"": 12}, {""label"": ""ART"", ""text"": ""дозиметр"", ""start"": 65, ""end"": 73}, {""label"": ""PERS"", ""text"": ""я"", ""start"": 74, ""end"": 75}, {""label"": ""DATE"", ""text"": ""кінці травня"", ""start"": 109, ""end"": 121}, {""label"": ""LOC"", ""text"": ""військовій частині"", ""start"": 126, ""end"": 144}]"
f5b7932871703fff7c403f61f4f57f109bc82a2d3908af664ec3b54f21c25719,"Як киянку ( в очах решти тодішнього СРСР – людину з чумного міста ) , після виступу мене , на віддяку за вірші , офіцер звелів « поміряти » , і це був , без перебільшення , мій найкоштовніший у житті гонорар : тим наказом офіцер на очах у підлеглих порушував « військову таємницю СРСР » і , в принципі , ризикував кар’єрою – у випадку , якби серед присутніх знайшовся стукач ( але відрахункове табло на комп’ютері історії вже цокало : стукачів уже боялися менше , ніж радіації , і перед лицем цього більшого страху люди випростувались і ставали відважні ) .","[{""label"": ""LOC"", ""text"": ""СРСР""}, {""label"": ""LOC"", ""text"": ""СРСР""}]","[{""label"": ""PERS"", ""text"": ""киянку"", ""start"": 3, ""end"": 9}, {""label"": ""LOC"", ""text"": ""чумного міста"", ""start"": 52, ""end"": 65}, {""label"": ""PERS"", ""text"": ""мене"", ""start"": 84, ""end"": 88}, {""label"": ""JOB"", ""text"": ""офіцер"", ""start"": 113, ""end"": 119}, {""label"": ""MON"", ""text"": ""гонорар"", ""start"": 200, ""end"": 207}, {""label"": ""JOB"", ""text"": ""офіцер"", ""start"": 222, ""end"": 228}]"
8f81687f7891faea6d809021555cd70d33e22e3c35de53a540ff64d62cb8b80f,"Солдатики « міряли » мене зі зворушливою , майже лікарською турботливістю .",[],"[{""label"": ""ORG"", ""text"": ""Солдатики"", ""start"": 0, ""end"": 9}, {""label"": ""PERS"", ""text"": ""мене"", ""start"": 21, ""end"": 25}]"
917501afa4733c8a5666e17fa1446982de05be671aa642c52531fee4eac14a24,"Пам’ятаю , що « запищали » черевики – і , здається , обшлаги рукавів , одначе в кінці травня всі вже й так знали , що найбільше « набирають » взуття , руки й волосся , і саме їх , зайшовши до помешкання , належить негайно « дезактивувати » , сиріч мити ( звичка мити голову з тією ж частотою , що й чистити зуби , збереглася в мене донині ) .","[{""label"": ""DATE"", ""text"": ""кінці травня""}, {""label"": ""DATE"", ""text"": ""донині""}]","[{""label"": ""ART"", ""text"": ""черевики"", ""start"": 27, ""end"": 35}, {""label"": ""ART"", ""text"": ""обшлаги рукавів"", ""start"": 53, ""end"": 68}, {""label"": ""DATE"", ""text"": ""кінці травня"", ""start"": 80, ""end"": 92}, {""label"": ""ART"", ""text"": ""взуття"", ""start"": 142, ""end"": 148}, {""label"": ""LOC"", ""text"": ""помешкання"", ""start"": 192, ""end"": 202}, {""label"": ""PERS"", ""text"": ""мене"", ""start"": 327, ""end"": 331}]"
d91449c9b81caa6974a3fce3b733818fe352fc16fb578378bf96613aa1ab05a6,"Просто – мити й мити , доки стане сили , в ідеалі – все й без упину .",[],[]
1939158c65c7e0cbecb51ce7ec455dbd7f8b4591986c93029f4c3eded3324bfd,"У травні 1986-го Київ був найчистішим містом на Землі : вдень і вночі вулицями знай курсували поливальні машини , і чорні лаковані асфальти в білястих розводах піни мінилися проти сонця , як рентґенівські плівки .","[{""label"": ""DATE"", ""text"": ""травні 1986-го""}, {""label"": ""LOC"", ""text"": ""Київ""}, {""label"": ""LOC"", ""text"": ""Землі""}]","[{""label"": ""DATE"", ""text"": ""травні 1986-го"", ""start"": 2, ""end"": 16}, {""label"": ""LOC"", ""text"": ""Київ"", ""start"": 17, ""end"": 21}, {""label"": ""ART"", ""text"": ""поливальні машини"", ""start"": 94, ""end"": 111}, {""label"": ""ART"", ""text"": ""рентґенівські плівки"", ""start"": 191, ""end"": 211}]"
dcf5b431cdcf18b5dc4992e70de586e00eb3d197d4080df7c5e57c6e4cb86546,Часом пахло рентґенкабінетом .,[],"[{""label"": ""TIME"", ""text"": ""Часом"", ""start"": 0, ""end"": 5}, {""label"": ""MISC"", ""text"": ""рентґенкабінетом"", ""start"": 12, ""end"": 28}]"
1e0ac54dfb0bdfc0c64c280bdaa5ce071f396e9a9d1492c398cb3c92b56de794,"Свіжістю , натомість , чомусь не пахло – чи то тому , що на вулиці ми старалися не дуже-то дихати на повні груди й узагалі поменше витикати носа із закритих приміщень , а чи просто нам усім на якийсь час був притупився нюх .",[],"[{""label"": ""LOC"", ""text"": ""вулиці"", ""start"": 60, ""end"": 66}]"
655e684c1772b4f2050afa994404aff0b23a6d75f30c9b7cc33379db72fa3a7c,"Друге , гадаю , ймовірніше : всі змисли тоді були трохи оглушені , ніби збиті з плигу , і раз у раз слали мозку неправильні сигнали , в горлі хрипіло , як при застуді , а болю не було ( реакція на ізотоп йоду , яка тривала рівно чотири тижні – повний період розпаду ) , і коли тобі раптом ні з того ні з сього серед білого дня темніло в очу , ніхто не міг би сказати , чи це наслідок опромінення , чи реакція на алкоголь ( ліком « проти радіації » вважалося червоне вино , і цілий травень ним сумлінно наливалися геть усі , зі стариками й інвалідами включно ) , – інакше кажучи , фізіологічно ми всі були немовби трохи « схибнуті » : наші тіла , ці старі добрі картезіанські машини , запрограмовані під добу класичної фізики , буксували , враз без попередження опинившись у « неевклідовому просторі » , все одно як коли б PowerMac силкувався відкрити файл , сформатований у MacOS X Lion .","[{""label"": ""MISC"", ""text"": ""ізотоп йоду""}, {""label"": ""PERIOD"", ""text"": ""чотири тижні""}, {""label"": ""PERIOD"", ""text"": ""травень""}, {""label"": ""ART"", ""text"": ""PowerMac""}, {""label"": ""ART"", ""text"": ""MacOS X Lion""}]","[{""label"": ""PERIOD"", ""text"": ""рівно чотири тижні"", ""start"": 223, ""end"": 241}, {""label"": ""PERIOD"", ""text"": ""повний період розпаду"", ""start"": 244, ""end"": 265}, {""label"": ""MISC"", ""text"": ""червоне вино"", ""start"": 458, ""end"": 470}, {""label"": ""LOC"", ""text"": ""неевклідовому просторі"", ""start"": 776, ""end"": 798}]"
447b25261faeb2395d2f44db45646e0f932555a168776c0ac1b93578dd29223a,"Два з половиною мільйони душ , гігантський склад водномить застарілих PowerMac-ів , наділених здатністю почувати , – ось чим був Київ у травні 1986-го .","[{""label"": ""ART"", ""text"": ""PowerMac-ів""}, {""label"": ""LOC"", ""text"": ""Київ""}, {""label"": ""DATE"", ""text"": ""травні 1986-го""}]","[{""label"": ""QUANT"", ""text"": ""Два з половиною мільйони душ"", ""start"": 0, ""end"": 28}, {""label"": ""ART"", ""text"": ""застарілих PowerMac-ів"", ""start"": 59, ""end"": 81}, {""label"": ""LOC"", ""text"": ""Київ"", ""start"": 129, ""end"": 133}, {""label"": ""DATE"", ""text"": ""травні 1986-го"", ""start"": 136, ""end"": 150}]"
0a3844a5b2f9ce0a53a91b9ec176f5c2a167d1564e193052896f642171fdf7a7,"І чим , спитати б , міг мені допомогти той дозиметр ?..",[],"[{""label"": ""ART"", ""text"": ""дозиметр"", ""start"": 43, ""end"": 51}]"
2453b9c168332d4d335d0d14cad1868257b03b1664575cbb7577008bb600d76a,Найкращим « дозиметром » були бджоли .,[],"[{""label"": ""MISC"", ""text"": ""бджоли"", ""start"": 30, ""end"": 36}]"
69edd99beb1d07ff7c8d366e54fe9abb2130756424a636fe79c6f9b90a732a9c,"Щоранку на підвіконні темніла нова партія їхніх крихітних волохатих трупиків , я вела облік : три , шість , вісім ...",[],"[{""label"": ""PERIOD"", ""text"": ""Щоранку"", ""start"": 0, ""end"": 7}, {""label"": ""LOC"", ""text"": ""підвіконні"", ""start"": 11, ""end"": 21}, {""label"": ""ART"", ""text"": ""їхніх крихітних волохатих трупиків"", ""start"": 42, ""end"": 76}, {""label"": ""PERS"", ""text"": ""я"", ""start"": 79, ""end"": 80}]"
639df93b87fe2ae52bd37d898e30542188486a8381f3efb0d4e76dc1b448d5f9,Після цифри « одинадцять » крива бджолиної смертности пішла на спад .,[],[]
1a116c427c79fc3cdf61b4db5c43b0ed5b208b3765590fddce3da1acd3c0752c,"Відчуття , з яким я щоранку , прочинивши вікно , змітала їх із підвіконня мокрою ганчіркою , теж було нове : це був опік видової вини , сильнішого – перед слабшим , у перекладі ( дуже приблизному ! ) на мову того ж картезіанського дискурсу ( чи , в цьому випадку , – кантіанського ? ) – « вони ж нічого не розуміють ! » .",[],"[{""label"": ""PERS"", ""text"": ""я"", ""start"": 18, ""end"": 19}, {""label"": ""LOC"", ""text"": ""підвіконня"", ""start"": 63, ""end"": 73}]"
03616010046dbf0e0413f2f957687465ea166e557f711ddb5871b48ea10991da,"Власне від того , що вони не розуміли , а я розуміла , було перед ними соромно : перед усіма нараз , живими , мертвими й ненародженими ( Платон міг би сказати – перед « ідеєю бджоли » ) .","[{""label"": ""PERS"", ""text"": ""Платон""}]","[{""label"": ""PERS"", ""text"": ""Платон"", ""start"": 137, ""end"": 143}, {""label"": ""MISC"", ""text"": ""ідеєю бджоли"", ""start"": 169, ""end"": 181}]"
3765a0cc4b0eb3bd934f4658dc2ea4eb959b0da599b8cde8d2e8856a0ff0010c,"Так , ніби це особисто я збудувала їм атомну електростанцію , напакувала її збагаченим плутонієм і підірвала ; я відповідала за їхній бджолиний мор .",[],"[{""label"": ""PERS"", ""text"": ""я"", ""start"": 23, ""end"": 24}, {""label"": ""ORG"", ""text"": ""атомну електростанцію"", ""start"": 38, ""end"": 59}, {""label"": ""PERS"", ""text"": ""я"", ""start"": 111, ""end"": 112}, {""label"": ""MISC"", ""text"": ""бджолиний мор"", ""start"": 134, ""end"": 147}]"
5a6906ad815aab3bdc2e7e585e05a50426d08fe22aba9c89d7225dc98a7fbbfa,"З погляду бджоли ( чи , коли завгодно , її « колективного розуму » ) , напевно , так воно і є .",[],"[{""label"": ""PERS"", ""text"": ""бджоли"", ""start"": 10, ""end"": 16}]"
e30d0420ea178bfee4d86abda628adba10cfdad349fb6719ef55c02d4ebb594f,"З погляду бджоли , різниці між мною і колишнім сталінським наркомом , головою комітету з атомної енергетики СРСР академіком Петросянцем , який 6 травня в прямому телеефірі заявив усім , хто вже помер і ще мав померти , що « наука вимагає жертв ! » , немає жодної – ми належимо до « одного вулика » .","[{""label"": ""JOB"", ""text"": ""наркомом""}, {""label"": ""JOB"", ""text"": ""головою""}, {""label"": ""ORG"", ""text"": ""комітету з атомної енергетики СРСР""}, {""label"": ""JOB"", ""text"": ""академіком""}, {""label"": ""PERS"", ""text"": ""Петросянцем""}, {""label"": ""DATE"", ""text"": ""6 травня""}]","[{""label"": ""PERS"", ""text"": ""мною"", ""start"": 31, ""end"": 35}, {""label"": ""ORG"", ""text"": ""комітету з атомної енергетики СРСР"", ""start"": 78, ""end"": 112}, {""label"": ""PERS"", ""text"": ""академіком Петросянцем"", ""start"": 113, ""end"": 135}, {""label"": ""DATE"", ""text"": ""6 травня"", ""start"": 143, ""end"": 151}]"
cc5568e8544a838cc40bdc901b5b05ebdc3cf40b34aa3bc436b35b81e0730681,"І особисто я не мала жодної змоги виправдатися перед жодною бджолою , ані якою іншою комахою , – то тільки в дитинстві ще існував із ними зворотній зв’язок ( візьмеш крапчасте сонечко на палець , скажеш йому « сонечко , сонечко , полети в віконечко , твої дітки мед п’ють , а тобі не дають » , – і сонечко піднімало крильця й летіло ! ) .",[],"[{""label"": ""PERS"", ""text"": ""я"", ""start"": 11, ""end"": 12}, {""label"": ""ART"", ""text"": ""сонечко"", ""start"": 176, ""end"": 183}, {""label"": ""ART"", ""text"": ""сонечко"", ""start"": 210, ""end"": 217}, {""label"": ""ART"", ""text"": ""сонечко"", ""start"": 220, ""end"": 227}, {""label"": ""MISC"", ""text"": ""мед"", ""start"": 262, ""end"": 265}, {""label"": ""ART"", ""text"": ""сонечко"", ""start"": 298, ""end"": 305}]"
5ea5ffd1dbf5f6910941eb59abaf54d6df53871fe6c78b776487081e8bff181b,Як узагалі виглядає світ із перспективи бджоли або сонечка ?,[],"[{""label"": ""LOC"", ""text"": ""світ"", ""start"": 20, ""end"": 24}]"
a70d0b877e0190e66cab3d8f6d6b0a966d667149054f72652bfecc2764494025,"Або ластівки , або яблуні – що вони відчувають , чому я цього не знаю ?..",[],"[{""label"": ""ART"", ""text"": ""ластівки"", ""start"": 4, ""end"": 12}, {""label"": ""ART"", ""text"": ""яблуні"", ""start"": 19, ""end"": 25}, {""label"": ""PERS"", ""text"": ""я"", ""start"": 54, ""end"": 55}]"
8d3d6c97fdaf9875d4c97c1138cac7da8c86cd260c8027e4fe9e723069a1b9fe,"І за яким хріном ми з академіком Петросянцем будуємо атомні станції і вчимо машинні мови , навіть не поцікавившись виробити спершу бодай якісь засоби зворотнього зв’язку з усіма ними – тими , хто живе поруч нас і , на відміну від нас , ні в чому не винен ?..","[{""label"": ""JOB"", ""text"": ""академіком""}, {""label"": ""PERS"", ""text"": ""Петросянцем""}]","[{""label"": ""PERS"", ""text"": ""академіком Петросянцем"", ""start"": 22, ""end"": 44}, {""label"": ""ORG"", ""text"": ""атомні станції"", ""start"": 53, ""end"": 67}, {""label"": ""MISC"", ""text"": ""машинні мови"", ""start"": 76, ""end"": 88}]"
fea33fb6551e67ec2e91de15e6146c47e8c40889a21705244219878e91801e67,"... Цієї весни , коли весь інтернет обійшло фото з Японії , на якому перелякана землетрусом панда припадає до людини , обхопивши її лапами за ногу , я на мить відчула укол того самого видового сорому : вони все ще нам довіряють !","[{""label"": ""MISC"", ""text"": ""інтернет""}, {""label"": ""LOC"", ""text"": ""Японії""}]","[{""label"": ""PERIOD"", ""text"": ""Цієї весни"", ""start"": 4, ""end"": 14}, {""label"": ""MISC"", ""text"": ""фото"", ""start"": 44, ""end"": 48}, {""label"": ""LOC"", ""text"": ""Японії"", ""start"": 51, ""end"": 57}, {""label"": ""ART"", ""text"": ""панда"", ""start"": 92, ""end"": 97}, {""label"": ""PERS"", ""text"": ""людини"", ""start"": 110, ""end"": 116}, {""label"": ""PERS"", ""text"": ""я"", ""start"": 149, ""end"": 150}]"
6d8f45df0d7fee7ad4008c6085cd6cc9a454c1f554ac4ade527a966458fe1ef8,"Мають нас за старших , за « дорослих в домі » , і , коли дім починає хитатися , кидаються по рятунок до нас ; вони думають , ми розумніші ...",[],"[{""label"": ""PERS"", ""text"": ""нас"", ""start"": 6, ""end"": 9}, {""label"": ""LOC"", ""text"": ""дім"", ""start"": 57, ""end"": 60}, {""label"": ""PERS"", ""text"": ""ми"", ""start"": 125, ""end"": 127}]"
4d8add8ea3910e15e33f067be40c5be86baac2c7601ba63d121848eaca035706,"Це пронизливіше , ніж відповідальність перед скривдженими дітьми : діти все-таки « персоніфіковані » , за них ( принаймні так уважається ) відповідають батьки . — Я кохаю тебе , — сказала вона . — Пам’ятай про це завжди .",[],"[{""label"": ""PERS"", ""text"": ""Я кохаю тебе"", ""start"": 163, ""end"": 175}, {""label"": ""PERS"", ""text"": ""вона"", ""start"": 188, ""end"": 192}]"
37b26fc59a6184450907464b2e0a8c4ef24f3e7375bab5b103845d277dd85be2,"Особливо , коли буде тяжко .",[],[]
3fce9ba319c0df76adcd55eb523d113c37260393ac3ae14b965d79eb1f82f7b0,— Я й так пам’ятаю про тебе щохвилини .,[],"[{""label"": ""PERS"", ""text"": ""Я й так пам’ятаю про тебе"", ""start"": 2, ""end"": 27}, {""label"": ""PERIOD"", ""text"": ""щохвилини"", ""start"": 28, ""end"": 37}]"
fd6fe2494294e221ef33bc6e605ecf6110cdbfc242d25132fdbd7194c7982f70,— У нас попереду багато несподіванок і небезпек .,[],[]
82d9f2d66bcf2a09af0d92984960425f427619445f6aaf167ce16d89b289c69b,"Можливо , зараз про це не треба говорити , але я тебе прошу .",[],[]
be22d50f21c051ca0eab6ac539cea875ab2e24f09f07c5707c06afd0416a3735,У найтяжчу хвилину згадуй мене .,[],"[{""label"": ""TIME"", ""text"": ""У найтяжчу хвилину"", ""start"": 0, ""end"": 18}, {""label"": ""PERS"", ""text"": ""мене"", ""start"": 26, ""end"": 30}]"
e7b98514be5e683d98481c8cfa8194fa7a657ba3510716b8333732a99122cc99,"Може так статися , що ми довго не будемо бачитись .",[],[]
bef767406066d86abf88e0f3444b9ae90da8aa067085da6e5dda843bfe5fac2a,Та я тебе чутиму на відстані .,[],"[{""label"": ""PERS"", ""text"": ""Та я"", ""start"": 0, ""end"": 4}]"
938a8d04e76341752efa47c96d057f0fd91729a5d2dfedd5b9c82202c5c890a0,"Ось , візьми . Маруся поклала в його долоню невеличкий камінчик , завбільшки з горобине яйце , брунатного кольору із золотими смужками .","[{""label"": ""PERS"", ""text"": ""Маруся""}]","[{""label"": ""PERS"", ""text"": ""Маруся"", ""start"": 15, ""end"": 21}, {""label"": ""ART"", ""text"": ""невеличкий камінчик"", ""start"": 44, ""end"": 63}, {""label"": ""ART"", ""text"": ""горобине яйце"", ""start"": 79, ""end"": 92}]"
d3402784e72f32ecc67bb064e886531c8e2047141e00e6b5082609eabc7e690f,"У ньому , окрім коричневого й золотого , спалахували сині , червоні , зелені іскорки .",[],[]
35d62509f0da22f7ea44d91e3f8440ca8aa0e71b77105f909cc3261d48a9af23,"— Це соколине око , — сказала вона . — Я знайшла його на Дівич-горі , де колись було язичницьке капище .","[{""label"": ""LOC"", ""text"": ""Дівич-горі""}]","[{""label"": ""ART"", ""text"": ""соколине око"", ""start"": 5, ""end"": 17}, {""label"": ""PERS"", ""text"": ""вона"", ""start"": 30, ""end"": 34}, {""label"": ""PERS"", ""text"": ""Я"", ""start"": 39, ""end"": 40}, {""label"": ""LOC"", ""text"": ""Дівич-горі"", ""start"": 57, ""end"": 67}, {""label"": ""ORG"", ""text"": ""язичницьке капище"", ""start"": 85, ""end"": 102}]"
1b330095933e731eca99a862e804e3b91fc51d286047adc1ddff8245e39be81c,"Це оберіг , він має магічну силу .",[],"[{""label"": ""ART"", ""text"": ""оберіг"", ""start"": 3, ""end"": 9}]"
169aa13bdea7d84c80dcfefdee7675871875f3740ed8fdb94e07990290b96895,Ще волхвам допомагав бачити в темряві й досягати задуманого .,[],"[{""label"": ""PERS"", ""text"": ""Ще волхвам"", ""start"": 0, ""end"": 10}]"
94ed8c8bafcf9c4f05dd3ec11acccdf29a7f2b88efa8c707fdc16fa4bce282c2,"— Соколине око ? — перепитав Мирон , мимоволі згадуючи її прізвище . — Так називається цей камінчик ?","[{""label"": ""PERS"", ""text"": ""Мирон""}]","[{""label"": ""ART"", ""text"": ""Соколине око"", ""start"": 2, ""end"": 14}, {""label"": ""PERS"", ""text"": ""Мирон"", ""start"": 29, ""end"": 34}, {""label"": ""ART"", ""text"": ""камінчик"", ""start"": 91, ""end"": 99}]"
7cc3fd595bfe4da5e8c4a7598c99563594011b023ea31c00ffa001f751c6094e,— Саме так .,[],"[{""label"": ""PERS"", ""text"": ""Саме так"", ""start"": 2, ""end"": 10}]"
15d21d06f8ae3c33f1e65bdecf1c91920929903c3b5b8b71fdddb58bdd88c694,"Буває ще тигрове око , а це соколине .",[],"[{""label"": ""ART"", ""text"": ""тигрове око"", ""start"": 9, ""end"": 20}, {""label"": ""MISC"", ""text"": ""соколине"", ""start"": 28, ""end"": 36}]"
96ba6518eaa7f3c6332ef1962f63ba18a91f3b9498455f7b0a91ff4b9b14ffa6,"Чуєш , яке воно тепле ?",[],[]
45a53e137363488b91d947f9c0e4bb5792e5958e16b70c61f2aa12016d053e04,— Чую .,[],"[{""label"": ""PERS"", ""text"": ""Чую"", ""start"": 2, ""end"": 5}]"
5c349efb4f848cd0f7c85a142e01b56cdc84e443834371839c709ac27f5ba591,— Цей оберіг зменшує ризик .,[],"[{""label"": ""ART"", ""text"": ""Цей оберіг"", ""start"": 2, ""end"": 12}]"
037bcedf54d7d479f3519f38d7a26a3741c265ba4acc222018cad0b6df54afcc,"Коли почуєш , що він холодний і важчий , тоді стережися .",[],"[{""label"": ""PERS"", ""text"": ""він"", ""start"": 17, ""end"": 20}]"
7f7e896b98942242fa861bd2286432cd9942ae1b96180585b41e28f033be5106,"Соколине око дивилося на нього з долоні , але в тому , що казала Маруся , він не бачив ні забобону , ні якогось чаклунства .","[{""label"": ""PERS"", ""text"": ""Маруся""}]","[{""label"": ""ART"", ""text"": ""долоні"", ""start"": 33, ""end"": 39}, {""label"": ""PERS"", ""text"": ""Маруся"", ""start"": 65, ""end"": 71}]"
0c1770049cef4cc6d283d96805d1b50dbb75d2ff0fa3f619cbfaf09a90f658b1,"Це ж так природно , що подарований тобі камінчик набирає сили оберега , адже він стає часткою твоєї пам’яті й віднині постійно нагадуватиме про того , хто подарував тобі цей оберіг , застерігатиме від небезпеки , спонукаючи бути обачним .",[],"[{""label"": ""ART"", ""text"": ""камінчик"", ""start"": 40, ""end"": 48}, {""label"": ""ART"", ""text"": ""оберега"", ""start"": 62, ""end"": 69}, {""label"": ""PERS"", ""text"": ""того , хто подарував тобі"", ""start"": 144, ""end"": 169}]"
615b2702b59d4b14c0d9cbd12390386a0cc9141692b54c4e490750637593dccb,Камінчик мінився на Мироновій долоні золотими прожилками й різнобарвними цяточками .,"[{""label"": ""PERS"", ""text"": ""Мироновій""}]","[{""label"": ""ART"", ""text"": ""Камінчик"", ""start"": 0, ""end"": 8}, {""label"": ""LOC"", ""text"": ""Мироновій долоні"", ""start"": 20, ""end"": 36}]"
9ddf43205589da493e1c9f8b2bf28c674331b25fefabbc52e81aaf9f7665c28c,Він був легкий і теплий .,[],"[{""label"": ""PERS"", ""text"": ""Він"", ""start"": 0, ""end"": 3}]"
26873e6ca7decd19806eb4c18b1d4748397d39a9e36b01bcc713f0acbabafb6c,"— Я кохаю тебе , — сказав він . Маруся обняла його , але в її обіймах було більше смутку , ніж пристрасті .","[{""label"": ""PERS"", ""text"": ""Маруся""}]","[{""label"": ""PERS"", ""text"": ""Я кохаю тебе"", ""start"": 2, ""end"": 14}, {""label"": ""PERS"", ""text"": ""Маруся"", ""start"": 32, ""end"": 38}]"
d1d99057f9412b6f1f26b2b2826db6ce04edefd9039fa4d6fccba55c5ab62255,У ній таки було щось од віщунки .,[],"[{""label"": ""ART"", ""text"": ""віщунки"", ""start"": 24, ""end"": 31}]"
193c0ca48fc3b5d3602dc79db40ea3f1fbd10ea9ab0f7ff6b0c14a14aa4f2d03,"Маючи гостре передчуття , Маруся багато чого вгадувала наперед . Мирон у цьому переконався вже наступного ранку , коли надійшла команда готуватися до виступу — 1-й Галицький корпус підтягнувся на свої позиції , завтра вдосвіта мав розпочатися штурм Києва .","[{""label"": ""PERS"", ""text"": ""Маруся""}, {""label"": ""PERS"", ""text"": ""Мирон""}, {""label"": ""ORG"", ""text"": ""1-й Галицький корпус""}, {""label"": ""LOC"", ""text"": ""Києва""}]","[{""label"": ""PERS"", ""text"": ""Маруся"", ""start"": 26, ""end"": 32}, {""label"": ""PERS"", ""text"": ""Мирон"", ""start"": 65, ""end"": 70}, {""label"": ""DATE"", ""text"": ""наступного ранку"", ""start"": 95, ""end"": 111}, {""label"": ""ORG"", ""text"": ""1-й Галицький корпус"", ""start"": 160, ""end"": 180}, {""label"": ""TIME"", ""text"": ""завтра вдосвіта"", ""start"": 211, ""end"": 226}, {""label"": ""LOC"", ""text"": ""Києва"", ""start"": 249, ""end"": 254}]"
e18fb380c56b57ec72ccc645f27e472a18ed5ebc5a8c8219ea66a2ac289a3a76,"Віддаючи розпорядження поручникові Гірняку , Осип Станімір , ніби між іншим , висловив жаль , що повстанці далі з ними не підуть .","[{""label"": ""PERS"", ""text"": ""Гірняку""}, {""label"": ""PERS"", ""text"": ""Осип Станімір""}]","[{""label"": ""PERS"", ""text"": ""Гірняку"", ""start"": 35, ""end"": 42}, {""label"": ""PERS"", ""text"": ""Осип Станімір"", ""start"": 45, ""end"": 58}, {""label"": ""ORG"", ""text"": ""повстанці"", ""start"": 97, ""end"": 106}]"
34a5d8daebeb128231885f82e0115aa868fa9e3dca591078fd1cc6feea623315,— Як … не підуть ?,[],[]
a8c8ab942c92c251978a0d7ced9500bea7d186bec302b7b0483bf47f785658fc,"— Наказ головного штабу , — сказав Станімір . — Київ братимуть лише регулярні війська .","[{""label"": ""PERS"", ""text"": ""Станімір""}, {""label"": ""LOC"", ""text"": ""Київ""}]","[{""label"": ""PERS"", ""text"": ""Станімір"", ""start"": 35, ""end"": 43}, {""label"": ""LOC"", ""text"": ""Київ"", ""start"": 48, ""end"": 52}, {""label"": ""ORG"", ""text"": ""регулярні війська"", ""start"": 68, ""end"": 85}]"
02f279363f02e004d67b1ba91de3b44f2d9ebc5775d612d64cbd80811c68092c,"Посмикуючи себе за правого вуса , він попросив Мирона , щоб той сам передав це Марусі . Мирон узяв коня , поїхав .","[{""label"": ""PERS"", ""text"": ""Мирона""}, {""label"": ""PERS"", ""text"": ""Марусі""}, {""label"": ""PERS"", ""text"": ""Мирон""}]","[{""label"": ""PERS"", ""text"": ""Мирона"", ""start"": 47, ""end"": 53}, {""label"": ""PERS"", ""text"": ""Марусі"", ""start"": 79, ""end"": 85}, {""label"": ""PERS"", ""text"": ""Мирон"", ""start"": 88, ""end"": 93}, {""label"": ""ART"", ""text"": ""коня"", ""start"": 99, ""end"": 103}]"
b271ebf5316433c1c9f6b11e7bb014c0950df99584fc79c0fe5b960f8b79d430,"Стояло на погоді , заповідався золотий день , а йому стало так тоскно , що навіть кінь під ним зупинився — так буває , коли вершник засинає або забуває про поводи . Мирон намацав у кишені соколине око — воно було холодним .","[{""label"": ""PERS"", ""text"": ""Мирон""}]","[{""label"": ""MISC"", ""text"": ""кінь"", ""start"": 82, ""end"": 86}, {""label"": ""JOB"", ""text"": ""вершник"", ""start"": 124, ""end"": 131}, {""label"": ""PERS"", ""text"": ""Мирон"", ""start"": 165, ""end"": 170}, {""label"": ""ART"", ""text"": ""соколине око"", ""start"": 188, ""end"": 200}]"
f27f91342cf389dab69eea303ce27d97b1addadbafbcea4fd8b6c8b204635a06,"Що ближче він під’їжджав до тієї хати , де зупинилася Маруся , серце його важчало .","[{""label"": ""PERS"", ""text"": ""Маруся""}]","[{""label"": ""LOC"", ""text"": ""хати"", ""start"": 33, ""end"": 37}, {""label"": ""PERS"", ""text"": ""Маруся"", ""start"": 54, ""end"": 60}]"
aa56850c947be686e2bcd0ef35baa1bc61469aa6256a609e6a6f396af58fb94b,"Біля двору Мирон не побачив вартового , зіскочив з коня і зашморгнув повід за стовпець воріт .","[{""label"": ""PERS"", ""text"": ""Мирон""}]","[{""label"": ""LOC"", ""text"": ""двору"", ""start"": 5, ""end"": 10}, {""label"": ""PERS"", ""text"": ""Мирон"", ""start"": 11, ""end"": 16}, {""label"": ""JOB"", ""text"": ""вартового"", ""start"": 28, ""end"": 37}, {""label"": ""ART"", ""text"": ""коня"", ""start"": 51, ""end"": 55}, {""label"": ""ART"", ""text"": ""повід"", ""start"": 69, ""end"": 74}, {""label"": ""ART"", ""text"": ""стовпець воріт"", ""start"": 78, ""end"": 92}]"
545b4d3f8e43a5d9fec0d4bacaba31d9c8b20f479d624576cc08bee2e21bb9f2,"Не примітивши нікого ні на подвір’ї , ні на ґанку , де минулого разу вартував Василь Матіяш , він подумав , що Маруся знов подалася десь « розважатися » .","[{""label"": ""PERS"", ""text"": ""Василь Матіяш""}, {""label"": ""PERS"", ""text"": ""Маруся""}]","[{""label"": ""LOC"", ""text"": ""подвір’ї"", ""start"": 27, ""end"": 35}, {""label"": ""LOC"", ""text"": ""ґанку"", ""start"": 44, ""end"": 49}, {""label"": ""PERS"", ""text"": ""Василь Матіяш"", ""start"": 78, ""end"": 91}, {""label"": ""PERS"", ""text"": ""Маруся"", ""start"": 111, ""end"": 117}]"
f500f8d79ab7277c240c0e0287e16881012a66e45127812a4cc9562ea1a1fd4b,"До повстанського табору Мирон погнав коня галопом , але й там попід лісом не побачив живої душі .","[{""label"": ""PERS"", ""text"": ""Мирон""}]","[{""label"": ""LOC"", ""text"": ""повстанського табору"", ""start"": 3, ""end"": 23}, {""label"": ""PERS"", ""text"": ""Мирон"", ""start"": 24, ""end"": 29}, {""label"": ""ART"", ""text"": ""коня"", ""start"": 37, ""end"": 41}]"
5143408f3e2c63ecb4f58773b765e17f14dcf949684abb9d6b54feebe8cabd04,"Лиш тепер йому майнув здогад , що Маруся раніше за нього дізналася про рішення головного штабу й подалася гуляти на власний розсуд .","[{""label"": ""PERS"", ""text"": ""Маруся""}]","[{""label"": ""PERS"", ""text"": ""Маруся"", ""start"": 34, ""end"": 40}, {""label"": ""ORG"", ""text"": ""головного штабу"", ""start"": 79, ""end"": 94}]"
00fa1026e1cdd7989882928a9ec23563f90863a69d900a3d966a589526d75666,"Подалася до Ангела чи до Зеленого , не попрощавшись …","[{""label"": ""PERS"", ""text"": ""Ангела""}, {""label"": ""PERS"", ""text"": ""Зеленого""}]","[{""label"": ""PERS"", ""text"": ""Ангела"", ""start"": 12, ""end"": 18}]"
d2d58f68c54c6c40373d81c508cf1ae7f182fd0a9468f07c15b52f98ec7aabe3,У них там своя війна та своя « дипльоматія » .,[],"[{""label"": ""MISC"", ""text"": ""дипльоматія"", ""start"": 31, ""end"": 42}]"
74bc8bd6c6b738001ad566b2c03b5235f540c9dfbbd2caf4b166ab75fb1724e4,"Він стискав у кишені холодний камінчик , відчуваючи , як новий жаль торкається серця . Мирон зрозумів , що вчора Маруся з ним попрощалася .","[{""label"": ""PERS"", ""text"": ""Мирон""}, {""label"": ""PERS"", ""text"": ""Маруся""}]","[{""label"": ""ART"", ""text"": ""холодний камінчик"", ""start"": 21, ""end"": 38}, {""label"": ""PERS"", ""text"": ""Мирон"", ""start"": 87, ""end"": 92}, {""label"": ""PERS"", ""text"": ""Маруся"", ""start"": 113, ""end"": 119}]"
69d01b03f2b13b37b0d29484f8ed9f468a9e44765625763658aacfa6f9f6fecb,"Удосвіта , ще о п’ятій ранку , видно , дізнавшись про штурм української армії , червоні першими пішли в контрнаступ .","[{""label"": ""TIME"", ""text"": ""п’ятій ранку""}]","[{""label"": ""TIME"", ""text"": ""ще о п’ятій ранку"", ""start"": 11, ""end"": 28}, {""label"": ""ORG"", ""text"": ""української армії"", ""start"": 60, ""end"": 77}, {""label"": ""ORG"", ""text"": ""червоні"", ""start"": 80, ""end"": 87}]"
cb523c6274c457c0d16e53a78e3ac19dec05ffe2d34bf8203e888f109d462d63,"Ударили гармати , луснули в небі шрапнелі , зав’язалася скажена битва по всьому фронту .",[],"[{""label"": ""ART"", ""text"": ""гармати"", ""start"": 8, ""end"": 15}, {""label"": ""ART"", ""text"": ""шрапнелі"", ""start"": 33, ""end"": 41}]"
c9abc805b3088c051f894847fb256e6f9587487d5da26481675a893d017a69d0,Найтяжче довелося Запорозькому корпусу — большевики величезними силами притисли його на лінії річки Стугна .,"[{""label"": ""ORG"", ""text"": ""Запорозькому корпусу""}, {""label"": ""LOC"", ""text"": ""Стугна""}]","[{""label"": ""ORG"", ""text"": ""Запорозькому корпусу"", ""start"": 18, ""end"": 38}, {""label"": ""ORG"", ""text"": ""большевики"", ""start"": 41, ""end"": 51}, {""label"": ""LOC"", ""text"": ""лінії річки Стугна"", ""start"": 88, ""end"": 106}]"
617e898c5a0ae626b754b35d2b654f63fa6186cb591c4f36ba49c85f4aa1ffcc,"Полковник Володимир Сальський , котрий командував запорожцями , відійшов назад , холоднокровно виждав , поки москалі на радощах забіжать у берегові болота , а тоді вдарив так , що Стугна застогнала , як стогнала вона під час навали татарви , за що й нарекли річку Стугною .","[{""label"": ""PERS"", ""text"": ""Володимир Сальський""}, {""label"": ""LOC"", ""text"": ""Стугна""}, {""label"": ""LOC"", ""text"": ""Стугною""}]","[{""label"": ""JOB"", ""text"": ""Полковник"", ""start"": 0, ""end"": 9}, {""label"": ""PERS"", ""text"": ""Володимир Сальський"", ""start"": 10, ""end"": 29}, {""label"": ""ORG"", ""text"": ""запорожцями"", ""start"": 50, ""end"": 61}, {""label"": ""ORG"", ""text"": ""москалі"", ""start"": 109, ""end"": 116}, {""label"": ""LOC"", ""text"": ""берегові болота"", ""start"": 139, ""end"": 154}, {""label"": ""LOC"", ""text"": ""Стугна"", ""start"": 180, ""end"": 186}, {""label"": ""LOC"", ""text"": ""річку Стугною"", ""start"": 258, ""end"": 271}]"
24808a2524027467815a02ac1b1bf6c751f6ffe11f31b93a0f8b69dbf1159530,"Запорожці , розгнівавшись , що спершу довелося відступати , тепер косили ординців з кулеметів , шаткували шаблями , « радімиє » не знали , в яку нору забитися .",[],"[{""label"": ""ART"", ""text"": ""кулеметів"", ""start"": 84, ""end"": 93}, {""label"": ""ART"", ""text"": ""шаблями"", ""start"": 106, ""end"": 113}, {""label"": ""PERS"", ""text"": ""радімиє"", ""start"": 118, ""end"": 125}]"
bd68ef00b318c5db358ab0f6d10a272620d02e94974bdb29d45ffd46dabab863,"Дехто кидався в річку , знаходячи там свій останній спочинок , а більшість полягли на березі , — кому судилося висіти , той не втопиться .",[],"[{""label"": ""PERS"", ""text"": ""Дехто"", ""start"": 0, ""end"": 5}, {""label"": ""LOC"", ""text"": ""річку"", ""start"": 16, ""end"": 21}]"
cb6505192579aa0dad79045da998df0d2e6546ca5debb45cb0806cb37607cf50,"Нещасних виловлювали у прибережних заростях , в очеретах , шелюжинні ; хитріші одразу кидали рушниці в болото й піднімали руки , сподіваючись на полон .",[],"[{""label"": ""PERS"", ""text"": ""Нещасних"", ""start"": 0, ""end"": 8}, {""label"": ""LOC"", ""text"": ""прибережних заростях"", ""start"": 23, ""end"": 43}, {""label"": ""MISC"", ""text"": ""очеретах"", ""start"": 48, ""end"": 56}, {""label"": ""LOC"", ""text"": ""шелюжинні"", ""start"": 59, ""end"": 68}, {""label"": ""PERS"", ""text"": ""хитріші"", ""start"": 71, ""end"": 78}, {""label"": ""ART"", ""text"": ""рушниці"", ""start"": 93, ""end"": 100}, {""label"": ""LOC"", ""text"": ""болото"", ""start"": 103, ""end"": 109}]"
9280f78d186f3195079d5e0dd33a535f39ba6cc2f6b747ae21f7497b3e404300,Здалося сім тисяч вояків 12-ї совєтської армії . Самбірська бригада наступала на відтинку між Глевахою та Гнатівкою .,"[{""label"": ""ORG"", ""text"": ""12-ї совєтської армії""}, {""label"": ""ORG"", ""text"": ""Самбірська бригада""}, {""label"": ""LOC"", ""text"": ""Глевахою""}, {""label"": ""LOC"", ""text"": ""Гнатівкою""}]","[{""label"": ""QUANT"", ""text"": ""сім тисяч"", ""start"": 8, ""end"": 17}, {""label"": ""ORG"", ""text"": ""12-ї совєтської армії"", ""start"": 25, ""end"": 46}, {""label"": ""ORG"", ""text"": ""Самбірська бригада"", ""start"": 49, ""end"": 67}, {""label"": ""LOC"", ""text"": ""Глевахою та Гнатівкою"", ""start"": 94, ""end"": 115}]"
f3193eef816d1a192be4dc4be825b5c77b2273f1caf44239cbece008d06a1bed,"Спершу дорога стелилася легко , вони йшли форсованим маршем , а перед Вітою-Поштовою дійшло до рукопашного бою . Станімір подав команду « Багнети ! » , і це був той момент , коли в тобі кам’яніє кожен м’яз , а нерви натягуються до межі .","[{""label"": ""LOC"", ""text"": ""Вітою-Поштовою""}, {""label"": ""PERS"", ""text"": ""Станімір""}]","[{""label"": ""LOC"", ""text"": ""Вітою-Поштовою"", ""start"": 70, ""end"": 84}, {""label"": ""PERS"", ""text"": ""Станімір"", ""start"": 113, ""end"": 121}]"
3b7612b0d155ef206cc5915f69bf6271f05712c7d5963f2ac66c002d331a6396,"Вони бринять , натягуються до гострого болю , а потім тріскаються , як кінський волос , ти навіть чуєш цей тріск по всьому тілі й більше собі не належиш .",[],[]
2d0ba81d31b6aaa041935db679660596169a27259a61dcf2aa75fb305dbb84d5,"Ти забуваєш вишкіл рукопашного двобою , забуваєш усі хитрі виверти багнетного нападу , забуваєш , коли треба розвернути кріса кольбою до голови ворога так , щоб завдати удару її гострим краєм , — усе це лишається десь там , у попередньому житті , а зараз тобою керує лише дикий інстинкт .",[],"[{""label"": ""PERS"", ""text"": ""Ти"", ""start"": 0, ""end"": 2}, {""label"": ""MISC"", ""text"": ""вишкіл рукопашного двобою"", ""start"": 12, ""end"": 37}, {""label"": ""ART"", ""text"": ""кріса кольбою"", ""start"": 120, ""end"": 133}, {""label"": ""LOC"", ""text"": ""десь там"", ""start"": 213, ""end"": 221}, {""label"": ""PERS"", ""text"": ""тобою"", ""start"": 255, ""end"": 260}]"
30d5e8c7ff2f1708cff79375a276ef6785bde020d23ffff6466b8d641ceda7e7,"Первісний інстинкт боротьби враз поглинає всі думки й почування , і ти готовий , як звір , зубами вп’ястися в горлянку ворога .",[],"[{""label"": ""PERS"", ""text"": ""ти"", ""start"": 68, ""end"": 70}]"
d969ebe88d8980b6f629d4e485b8e0a6fc3d9316563273f5e976d447e147d1c3,"Нелюдські крики , стогони , брудна російська лайка в бога-і-душу-мать злилися в суцільний лемент смерті , який то наростав , то раптом завмирав до глухоти , і в німій тиші Мирон бачив перекошені обличчя стрільців , у яких годі було впізнати простодушного Петра Гультайчука чи лагідного Михася Проціва , котрий вижив у « мертвому просторі » гарматного вибуху , уцілів на Замковій Горі у Львові , де він бачив сина Івана Франка , а тепер спіткнувся , упав , опинившись під багнетом здоровенного розлюченого москаля .","[{""label"": ""PERS"", ""text"": ""Мирон""}, {""label"": ""PERS"", ""text"": ""Петра Гультайчука""}, {""label"": ""PERS"", ""text"": ""Михася Проціва""}, {""label"": ""LOC"", ""text"": ""Замковій Горі""}, {""label"": ""LOC"", ""text"": ""Львові""}, {""label"": ""PERS"", ""text"": ""Івана Франка""}]","[{""label"": ""PERS"", ""text"": ""Мирон"", ""start"": 172, ""end"": 177}, {""label"": ""PERS"", ""text"": ""Петра Гультайчука"", ""start"": 255, ""end"": 272}, {""label"": ""PERS"", ""text"": ""Михася Проціва"", ""start"": 286, ""end"": 300}, {""label"": ""LOC"", ""text"": ""Замковій Горі"", ""start"": 370, ""end"": 383}, {""label"": ""LOC"", ""text"": ""Львові"", ""start"": 386, ""end"": 392}, {""label"": ""PERS"", ""text"": ""Івана Франка"", ""start"": 413, ""end"": 425}]"
bbddc46b3438c36ac4f78431f3c43caedb975afdd33a17d6c9f3ab6ead2f8edb,"Добре , що вони , ці здоровані , вайлуваті , Мирон устиг , устиг , устиг настромити москаля на багнет , і невідомо , що йому сталося і звідки взялася та сила , що Мирон ще сажнів зо п’ять волочив гевала по землі на багнеті , наче хотів його відтягти чимдалі від Михася , поки той прийде до тями .","[{""label"": ""PERS"", ""text"": ""Мирон""}, {""label"": ""PERS"", ""text"": ""Мирон""}, {""label"": ""QUANT"", ""text"": ""сажнів зо п’ять""}, {""label"": ""PERS"", ""text"": ""Михася""}]","[{""label"": ""PERS"", ""text"": ""Мирон"", ""start"": 45, ""end"": 50}, {""label"": ""ART"", ""text"": ""москаля"", ""start"": 84, ""end"": 91}, {""label"": ""PERS"", ""text"": ""Мирон"", ""start"": 163, ""end"": 168}, {""label"": ""QUANT"", ""text"": ""сажнів зо п’ять"", ""start"": 172, ""end"": 187}, {""label"": ""ART"", ""text"": ""гевала"", ""start"": 196, ""end"": 202}, {""label"": ""PERS"", ""text"": ""Михася"", ""start"": 262, ""end"": 268}]"
750b9345362ae2d2bf820c1f1c0bba483360496092b7eb68736facf7b8659ec0,"Після Віти-Поштової було вже легше , хоча гарячий подмух куль ще не раз обпікав Миронові щоки .","[{""label"": ""LOC"", ""text"": ""Віти-Поштової""}, {""label"": ""PERS"", ""text"": ""Миронові""}]","[{""label"": ""PERS"", ""text"": ""Віти-Поштової"", ""start"": 6, ""end"": 19}, {""label"": ""ART"", ""text"": ""куль"", ""start"": 57, ""end"": 61}, {""label"": ""PERS"", ""text"": ""Миронові щоки"", ""start"": 80, ""end"": 93}]"
1dc2d8f0bf66ab364d0a223f8c82c34d30fe07e7d519217e97bc3b8cf41ad8e2,"Вони бігли вижатим полем по білій стерні , де горіла солом’яна скирта , густий жовтий дим заступав дорогу , виїдав уже й так випалені легені , і раптом у Мирона з-під ніг злетіла зграйка горобців , які клювали розсипане у стерні зерно , — війна війною , а життя брало своє .","[{""label"": ""PERS"", ""text"": ""Мирона""}]","[{""label"": ""LOC"", ""text"": ""вижатим полем"", ""start"": 11, ""end"": 24}, {""label"": ""LOC"", ""text"": ""білій стерні"", ""start"": 28, ""end"": 40}, {""label"": ""ART"", ""text"": ""солом’яна скирта"", ""start"": 53, ""end"": 69}, {""label"": ""PERS"", ""text"": ""Мирона"", ""start"": 154, ""end"": 160}, {""label"": ""ART"", ""text"": ""зграйка горобців"", ""start"": 179, ""end"": 195}, {""label"": ""ART"", ""text"": ""зерно"", ""start"": 229, ""end"": 234}]"
446d61fd9e922c8ed2f7db67c79c66ca224ce1b247b6057bfd7a424ea9acb4b0,"Стрілянина рідшала , на землю сіявся вечір , призахідне сонце , пронизуючи пелену диму , било в очі кривавим блиском .",[],"[{""label"": ""ART"", ""text"": ""Стрілянина"", ""start"": 0, ""end"": 10}, {""label"": ""LOC"", ""text"": ""землю"", ""start"": 24, ""end"": 29}, {""label"": ""PERIOD"", ""text"": ""вечір"", ""start"": 37, ""end"": 42}, {""label"": ""LOC"", ""text"": ""призахідне сонце"", ""start"": 45, ""end"": 61}]"
384225d60696f48b781181b413c5f23a7a6769da2ffd008277ceef7206964509,"О восьмій годині вечора вони увійшли до Києва . 8-ма Самбірська бригада зайняла Деміївку , а відтак посіла й товарну станцію , яку галичани називали « вантажевий двірець » .","[{""label"": ""TIME"", ""text"": ""восьмій годині вечора""}, {""label"": ""LOC"", ""text"": ""Києва""}, {""label"": ""ORG"", ""text"": ""8-ма Самбірська бригада""}, {""label"": ""LOC"", ""text"": ""Деміївку""}]","[{""label"": ""TIME"", ""text"": ""восьмій годині вечора"", ""start"": 2, ""end"": 23}, {""label"": ""LOC"", ""text"": ""Києва"", ""start"": 40, ""end"": 45}, {""label"": ""ORG"", ""text"": ""8-ма Самбірська бригада"", ""start"": 48, ""end"": 71}, {""label"": ""LOC"", ""text"": ""Деміївку"", ""start"": 80, ""end"": 88}, {""label"": ""LOC"", ""text"": ""товарну станцію"", ""start"": 109, ""end"": 124}, {""label"": ""JOB"", ""text"": ""вантажевий двірець"", ""start"": 151, ""end"": 169}]"
b4fa4f75d73e25148315359ad5b31b0117ed627cc9eac4edb664267c45742fea,"Усі колії тут були загромаджені ешелонами з усіляким добром — можна було зодягти , взути й озброїти не один галицький корпус , але ніхто не поривався до того добра .",[],"[{""label"": ""LOC"", ""text"": ""тут"", ""start"": 10, ""end"": 13}, {""label"": ""ART"", ""text"": ""ешелонами"", ""start"": 32, ""end"": 41}, {""label"": ""MISC"", ""text"": ""усіляким добром"", ""start"": 44, ""end"": 59}, {""label"": ""ART"", ""text"": ""галицький корпус"", ""start"": 108, ""end"": 124}]"
2fa215d69e8e3869726881158207412e999d887ac434cf887e8e40be520beab1,"Тільки виставили біля вагонів варту , а стрільці більше товпилися там , де серед інших ешелонів застрягли три большевицькі панцерники .","[{""label"": ""JOB"", ""text"": ""стрільці""}]","[{""label"": ""MISC"", ""text"": ""вагонів варту"", ""start"": 22, ""end"": 35}, {""label"": ""PERS"", ""text"": ""стрільці"", ""start"": 40, ""end"": 48}, {""label"": ""ART"", ""text"": ""три большевицькі панцерники"", ""start"": 106, ""end"": 133}]"
5a8225fadb5fb0c7747e11d07bfb76237a4fa43a14bf64a1c3ee3763826c13d8,"Кортіло роздивитися на ці грізні машинерії , які не змогли вицофатися з Києва й так легко потрапили їм до рук .","[{""label"": ""LOC"", ""text"": ""Києва""}]","[{""label"": ""PERS"", ""text"": ""Кортіло"", ""start"": 0, ""end"": 7}, {""label"": ""LOC"", ""text"": ""Києва"", ""start"": 72, ""end"": 77}]"
c87ba77800654385216cd4c267bf55a1df6544dc387dc14941fe3d7be8a00cab,"Один полонений хохол-большевик з увігнутою всередину пикою , ніби йому кінь наступив копитом на перенісся , пояснив , що це все через комісарів , котрі в паніці підперли панцерники своїми потягами з награбованим золотом . Департамент житлово-комунального господарства та будівництва Хмельницької облдержадміністрації 14 серпня за результатами тендеру уклав угоду з ТОВ «Поділля – Інвест Сіті» на будівництво загальноосвітньої школи у с. Корчик Шепетівського району .","[{""label"": ""JOB"", ""text"": ""комісарів""}, {""label"": ""ORG"", ""text"": ""Департамент житлово-комунального господарства та будівництва Хмельницької облдержадміністрації""}, {""label"": ""DATE"", ""text"": ""14 серпня""}, {""label"": ""ORG"", ""text"": ""ТОВ «Поділля – Інвест Сіті»""}, {""label"": ""LOC"", ""text"": ""с. Корчик""}, {""label"": ""LOC"", ""text"": ""Шепетівського району""}]","[{""label"": ""PERS"", ""text"": ""Один полонений хохол-большевик"", ""start"": 0, ""end"": 30}, {""label"": ""JOB"", ""text"": ""комісарів"", ""start"": 134, ""end"": 143}, {""label"": ""MON"", ""text"": ""золотом"", ""start"": 212, ""end"": 219}, {""label"": ""ORG"", ""text"": ""Департамент житлово-комунального господарства та будівництва Хмельницької облдержадміністрації"", ""start"": 222, ""end"": 316}, {""label"": ""DATE"", ""text"": ""14 серпня"", ""start"": 317, ""end"": 326}, {""label"": ""ORG"", ""text"": ""ТОВ «Поділля – Інвест Сіті»"", ""start"": 365, ""end"": 392}, {""label"": ""LOC"", ""text"": ""с. Корчик Шепетівського району"", ""start"": 434, ""end"": 464}]"
b2b1548de33831db69ea6aaefbd1f905c19b6cbc4d5f0a6aec3fb04960d0e3a6,"Вартість угоди склала 18,79 млн грн .","[{""label"": ""MON"", ""text"": ""18,79 млн грн""}]","[{""label"": ""MON"", ""text"": ""18,79 млн грн"", ""start"": 22, ""end"": 35}]"
a214e4e24bd6e2aae3a43180381b115a50a34c4c09990d72b6d5e0f812d2a043,Про це повідомляється у « Віснику державних закупівель ».,"[{""label"": ""ART"", ""text"": ""Віснику державних закупівель""}]","[{""label"": ""ORG"", ""text"": ""« Віснику державних закупівель »"", ""start"": 24, ""end"": 56}]"
21f2663ed2e861bddba72a591d1fdc650a20800cb37da522e4e1daa2911578bf,"Школу будуватимуть не з нуля: згідно з техзавданням, заплановано підсилення конструкцій вже наявної будівлі, влаштувати побутові мережі, потім вставити вікна й двері, зробити покрівлю, сходи, внутрішнє опорядження, у вартість входить також закупівля меблів, оргтехніки, тощо.",[],"[{""label"": ""ORG"", ""text"": ""Школу"", ""start"": 0, ""end"": 5}, {""label"": ""MISC"", ""text"": ""побутові мережі"", ""start"": 120, ""end"": 135}, {""label"": ""ART"", ""text"": ""вікна й двері"", ""start"": 152, ""end"": 165}, {""label"": ""MON"", ""text"": ""вартість"", ""start"": 217, ""end"": 225}, {""label"": ""ART"", ""text"": ""меблів"", ""start"": 250, ""end"": 256}, {""label"": ""ART"", ""text"": ""оргтехніки"", ""start"": 258, ""end"": 268}]"
7b59660661c46887fb79e0779f3594aa157ca06fdffd89a5835697f67592df98,Роботи мають завершити до кінця 2015 р . Засновниками хмельницької фірми « Поділля-Інвест Сіті » є Олександр Ступніцький з Вінницької області та Сергій Миколайович Бицик з Рівного .,"[{""label"": ""DATE"", ""text"": ""кінця 2015 р""}, {""label"": ""JOB"", ""text"": ""Засновниками""}, {""label"": ""ORG"", ""text"": ""Поділля-Інвест Сіті""}, {""label"": ""PERS"", ""text"": ""Олександр Ступніцький""}, {""label"": ""LOC"", ""text"": ""Вінницької області""}, {""label"": ""PERS"", ""text"": ""Сергій Миколайович Бицик""}, {""label"": ""LOC"", ""text"": ""Рівного""}]","[{""label"": ""ORG"", ""text"": ""Поділля-Інвест Сіті"", ""start"": 75, ""end"": 94}, {""label"": ""PERS"", ""text"": ""Олександр Ступніцький"", ""start"": 99, ""end"": 120}, {""label"": ""LOC"", ""text"": ""Вінницької області"", ""start"": 123, ""end"": 141}, {""label"": ""PERS"", ""text"": ""Сергій Миколайович Бицик"", ""start"": 145, ""end"": 169}, {""label"": ""LOC"", ""text"": ""Рівного"", ""start"": 172, ""end"": 179}]"
f0fa2fab302d95cbccf51bc2734c78b671a8061279eda0f6f571129e7d33c1f6,"Людина на ім'я Сергій Миколайович Бицик відома як директор хмельницької фірми ТОВ «Версаль Груп» , засновницями котрої є Людмила Бицик та Лідія Колеснік , зареєстрована за однією адресою з Андрієм Колесніком , керівником ДП «Хмельницька обласна служба єдиного замовника» , що належить Хмельницькій ОДА .","[{""label"": ""PERS"", ""text"": ""Сергій Миколайович Бицик""}, {""label"": ""JOB"", ""text"": ""директор""}, {""label"": ""ORG"", ""text"": ""ТОВ «Версаль Груп»""}, {""label"": ""JOB"", ""text"": ""засновницями""}, {""label"": ""PERS"", ""text"": ""Людмила Бицик""}, {""label"": ""PERS"", ""text"": ""Лідія Колеснік""}, {""label"": ""PERS"", ""text"": ""Андрієм Колесніком""}, {""label"": ""JOB"", ""text"": ""керівником""}, {""label"": ""ORG"", ""text"": ""ДП «Хмельницька обласна служба єдиного замовника»""}, {""label"": ""ORG"", ""text"": ""Хмельницькій ОДА""}]","[{""label"": ""PERS"", ""text"": ""Сергій Миколайович Бицик"", ""start"": 15, ""end"": 39}, {""label"": ""JOB"", ""text"": ""директор"", ""start"": 50, ""end"": 58}, {""label"": ""ORG"", ""text"": ""ТОВ «Версаль Груп»"", ""start"": 78, ""end"": 96}, {""label"": ""PERS"", ""text"": ""Людмила Бицик"", ""start"": 121, ""end"": 134}, {""label"": ""PERS"", ""text"": ""Лідія Колеснік"", ""start"": 138, ""end"": 152}, {""label"": ""PERS"", ""text"": ""Андрієм Колесніком"", ""start"": 189, ""end"": 207}, {""label"": ""ORG"", ""text"": ""Хмельницькій ОДА"", ""start"": 285, ""end"": 301}]"
7b586726f193225ef1e4c2c3ce85c915179978d93690d5254ff81694cad24e82,"Єдиним конкурентом фірми на цьому тендері з різницею в 0,2% було « Поділля Еко- Буд », засновником котрого є Олександр Лисаковський .","[{""label"": ""PCT"", ""text"": ""0,2%""}, {""label"": ""ORG"", ""text"": ""Поділля Еко- Буд""}, {""label"": ""JOB"", ""text"": ""засновником""}, {""label"": ""PERS"", ""text"": ""Олександр Лисаковський""}]","[{""label"": ""PCT"", ""text"": ""0,2%"", ""start"": 55, ""end"": 59}, {""label"": ""ORG"", ""text"": ""Поділля Еко- Буд"", ""start"": 67, ""end"": 83}, {""label"": ""PERS"", ""text"": ""Олександр Лисаковський"", ""start"": 109, ""end"": 131}]"
314d98dcd017b0ee7e96b1d16e336fbfa083895486358f44c33e2327fdb96df7,"Раніше, до червня 2010 р. до складу власників входив Олег Вівчурко , який раніше очолював КП «Управління капітального будівництва обласної ради» , а зараз очолює Департамент житлово-комунального господарства та будівництва Хмельницької облдержадміністрації .","[{""label"": ""DATE"", ""text"": ""червня 2010 р.""}, {""label"": ""PERS"", ""text"": ""Олег Вівчурко""}, {""label"": ""ORG"", ""text"": ""КП «Управління капітального будівництва обласної ради»""}, {""label"": ""ORG"", ""text"": ""Департамент житлово-комунального господарства та будівництва Хмельницької облдержадміністрації""}]","[{""label"": ""DATE"", ""text"": ""червня 2010 р."", ""start"": 11, ""end"": 25}, {""label"": ""PERS"", ""text"": ""Олег Вівчурко"", ""start"": 53, ""end"": 66}, {""label"": ""ORG"", ""text"": ""Управління капітального будівництва обласної ради"", ""start"": 94, ""end"": 143}, {""label"": ""ORG"", ""text"": ""Департамент житлово-комунального господарства та будівництва Хмельницької облдержадміністрації"", ""start"": 162, ""end"": 256}]"
0f7d35f373ad468eb02c999e91fdecb46ffa78e2fd5a1c1fbeec40fedc80858b,"За даними державної реєстарційної служби україни , Вівчурко разом з Лисаковським очолюють Хмельницьку обласну організацію Політичної партії «Справедлива країна» .","[{""label"": ""ORG"", ""text"": ""державної реєстарційної служби україни""}, {""label"": ""PERS"", ""text"": ""Вівчурко""}, {""label"": ""PERS"", ""text"": ""Лисаковським""}, {""label"": ""ORG"", ""text"": ""Хмельницьку обласну організацію Політичної партії «Справедлива країна»""}]","[{""label"": ""PERS"", ""text"": ""Вівчурко"", ""start"": 51, ""end"": 59}, {""label"": ""PERS"", ""text"": ""Лисаковським"", ""start"": 68, ""end"": 80}, {""label"": ""ORG"", ""text"": ""Хмельницьку обласну організацію"", ""start"": 90, ""end"": 121}, {""label"": ""ORG"", ""text"": ""Політичної партії «Справедлива країна»"", ""start"": 122, ""end"": 160}]"
da3f8c91d9d353bd5fe310fb67809d8184db11081cf512641a6c42283b4ef13b,"Нагадаємо, нещодавно ці ж дві фірми розіграли 14,48 млн грн. на будівництво будинку культури в смт. Теофіполь .","[{""label"": ""MON"", ""text"": ""14,48 млн грн.""}, {""label"": ""LOC"", ""text"": ""Теофіполь""}]","[{""label"": ""ORG"", ""text"": ""дві фірми"", ""start"": 26, ""end"": 35}, {""label"": ""MON"", ""text"": ""14,48 млн грн."", ""start"": 46, ""end"": 60}, {""label"": ""LOC"", ""text"": ""смт. Теофіполь"", ""start"": 95, ""end"": 109}]"
436fa2477aa71a968465c55e6cb65f769fefefd624d634637552f723345504c5,"Різниця пропозицій двох фірм тоді склала 0,03% .","[{""label"": ""PCT"", ""text"": ""0,03%""}]","[{""label"": ""ORG"", ""text"": ""фірм"", ""start"": 24, ""end"": 28}, {""label"": ""PCT"", ""text"": ""0,03%"", ""start"": 41, ""end"": 46}]"
4be06a6ec4ee52b6f43c4d80c49e3bb99e4a53528ddaa7717ed19cefb7ddeb8d,Підряд отримав « Поділля Еко-Буд ».,"[{""label"": ""ORG"", ""text"": ""Поділля Еко-Буд""}]","[{""label"": ""ORG"", ""text"": ""Поділля Еко-Буд"", ""start"": 17, ""end"": 32}]"
472696e97007531e6dece0ac2a38718d77e018ec19db4efbac86fecffefd729e,"За даними « ВДЗ », за останні п'ять років фірма « Поділля Еко-Буд » виграла тендерів на 33,95 млн грн. , а « Поділля Рембуд » отримала замовлень на 70,29 млн грн ДП «Клавдієвське лісове господарство» ( Київська обл. ) програло в апеляції справу за позовом регіональної філії « Львівська залізниця » щодо стягнення 480 тис. грн за простій двох вагонів лісгоспу у період перевірки їх митниками з травня по жовтень 2016 року .","[{""label"": ""ART"", ""text"": ""ВДЗ""}, {""label"": ""PERIOD"", ""text"": ""п'ять років""}, {""label"": ""ORG"", ""text"": ""Поділля Еко-Буд""}, {""label"": ""MON"", ""text"": ""33,95 млн грн.""}, {""label"": ""ORG"", ""text"": ""Поділля Рембуд""}, {""label"": ""MON"", ""text"": ""70,29 млн грн""}, {""label"": ""ORG"", ""text"": ""ДП «Клавдієвське лісове господарство»""}, {""label"": ""LOC"", ""text"": ""Київська обл.""}, {""label"": ""ORG"", ""text"": ""Львівська залізниця""}, {""label"": ""MON"", ""text"": ""480 тис. грн""}, {""label"": ""PERIOD"", ""text"": ""з травня по жовтень 2016 року""}]","[{""label"": ""ORG"", ""text"": ""ВДЗ"", ""start"": 12, ""end"": 15}, {""label"": ""PERIOD"", ""text"": ""останні п'ять років"", ""start"": 22, ""end"": 41}, {""label"": ""ORG"", ""text"": ""Поділля Еко-Буд"", ""start"": 50, ""end"": 65}, {""label"": ""MON"", ""text"": ""33,95 млн грн"", ""start"": 88, ""end"": 101}, {""label"": ""ORG"", ""text"": ""Поділля Рембуд"", ""start"": 109, ""end"": 123}, {""label"": ""MON"", ""text"": ""70,29 млн грн"", ""start"": 148, ""end"": 161}, {""label"": ""ORG"", ""text"": ""ДП «Клавдієвське лісове господарство»"", ""start"": 162, ""end"": 199}, {""label"": ""LOC"", ""text"": ""Київська обл."", ""start"": 202, ""end"": 215}, {""label"": ""ORG"", ""text"": ""регіональної філії « Львівська залізниця »"", ""start"": 256, ""end"": 298}, {""label"": ""QUANT"", ""text"": ""двох вагонів"", ""start"": 338, ""end"": 350}, {""label"": ""DATE"", ""text"": ""травня по жовтень 2016 року"", ""start"": 394, ""end"": 421}]"
09f903178c775df96fb0e7f8c4e91c358254de6e43a3dbb21a55ae8d4d2b86b1,Про це свідчить постанова Київського апеляційного господарського суду від 29 серпня 2017 року .,"[{""label"": ""ORG"", ""text"": ""Київського апеляційного господарського суду""}, {""label"": ""DATE"", ""text"": ""29 серпня 2017 року""}]","[{""label"": ""ORG"", ""text"": ""Київського апеляційного господарського суду"", ""start"": 26, ""end"": 69}]"
deba41d201e0201fbe6877200fe78bfed38ef6dc02cb5fa72ad7d8d9c87ad286,"Як свідчать матеріали справи, два вагони деревини Клавдієвського лісгоспу з кінцевим призначенням – станція Захонь ( Угорщина ), прибули на прикордонну станцію Батьово наприкінці травня 2016 року .","[{""label"": ""ORG"", ""text"": ""Клавдієвського лісгоспу""}, {""label"": ""LOC"", ""text"": ""Захонь""}, {""label"": ""LOC"", ""text"": ""Угорщина""}, {""label"": ""LOC"", ""text"": ""Батьово""}, {""label"": ""DATE"", ""text"": ""наприкінці травня 2016 року""}]","[{""label"": ""DOC"", ""text"": ""матеріали справи"", ""start"": 12, ""end"": 28}, {""label"": ""ORG"", ""text"": ""Клавдієвського лісгоспу"", ""start"": 50, ""end"": 73}, {""label"": ""LOC"", ""text"": ""станція Захонь ( Угорщина )"", ""start"": 100, ""end"": 127}, {""label"": ""LOC"", ""text"": ""прикордонну станцію Батьово"", ""start"": 140, ""end"": 167}, {""label"": ""DATE"", ""text"": ""травня 2016 року"", ""start"": 179, ""end"": 195}]"
716b4b7b2715ee046502c10c66584211afc77cea17ea371b981284481b02bc1c,За заявкою Закарпатської митниці ДФС ці вагони відчепили для огляду.,"[{""label"": ""ORG"", ""text"": ""Закарпатської митниці ДФС""}]","[{""label"": ""ORG"", ""text"": ""Закарпатської митниці"", ""start"": 11, ""end"": 32}, {""label"": ""ORG"", ""text"": ""ДФС"", ""start"": 33, ""end"": 36}, {""label"": ""ART"", ""text"": ""вагони"", ""start"": 40, ""end"": 46}]"
7815f215ba582ed9daa37b89df533cace49fe5adfdd9bdb1c8ea91400429988c,"У результаті прикордонники не виявили серед вантажу іншої продукції, окрім деревини.","[{""label"": ""JOB"", ""text"": ""прикордонники""}]","[{""label"": ""ORG"", ""text"": ""прикордонники"", ""start"": 13, ""end"": 26}, {""label"": ""ART"", ""text"": ""іншої продукції"", ""start"": 52, ""end"": 67}, {""label"": ""MISC"", ""text"": ""деревини"", ""start"": 75, ""end"": 83}]"
4257fc512da5df647b3b93d7dcfac7e23fe8c84e29a5fd6e06cc743a19633b4f,"Однак через кілька днів митники перевірили також вагу вантажу і зафіксували, що вона перевищує прописану у перевізних документах.","[{""label"": ""JOB"", ""text"": ""митники""}]","[{""label"": ""PERIOD"", ""text"": ""кілька днів"", ""start"": 12, ""end"": 23}, {""label"": ""ORG"", ""text"": ""митники"", ""start"": 24, ""end"": 31}, {""label"": ""ART"", ""text"": ""вагу вантажу"", ""start"": 49, ""end"": 61}, {""label"": ""DOC"", ""text"": ""перевізних документах"", ""start"": 107, ""end"": 128}]"
4e9abe3d25e8700f5694a01a909f9536191fb4dc2cc7fff8b3a912ab2c5375f7,У зв'язку з цим вагони відправили на станцію Колчино для огляду експертом Закарпатської торгово-промислової палати .,"[{""label"": ""LOC"", ""text"": ""Колчино""}, {""label"": ""JOB"", ""text"": ""експертом""}, {""label"": ""ORG"", ""text"": ""Закарпатської торгово-промислової палати""}]","[{""label"": ""ART"", ""text"": ""вагони"", ""start"": 16, ""end"": 22}, {""label"": ""LOC"", ""text"": ""станцію Колчино"", ""start"": 37, ""end"": 52}, {""label"": ""JOB"", ""text"": ""експертом"", ""start"": 64, ""end"": 73}, {""label"": ""ORG"", ""text"": ""Закарпатської торгово-промислової палати"", ""start"": 74, ""end"": 114}]"
6567a6821b4c45f5e7c5b631113b68540a013a56d404efc9b439b365c2f9de89,"Цього разу провели повне вивантаження вагонів, після чого, 27 жовтня , не виявивши порушень, вантаж відправили за маршрутом.","[{""label"": ""DATE"", ""text"": ""27 жовтня""}]","[{""label"": ""ART"", ""text"": ""вагонів"", ""start"": 38, ""end"": 45}, {""label"": ""DATE"", ""text"": ""27 жовтня"", ""start"": 59, ""end"": 68}, {""label"": ""ART"", ""text"": ""вантаж"", ""start"": 93, ""end"": 99}, {""label"": ""LOC"", ""text"": ""маршрутом"", ""start"": 114, ""end"": 123}]"
7f96508a4735db72b8bcc25d52daf8eb0c2cc3bf54460c697a4b489fd7e6d54a,"« Львівська залізниця » звернулась до суду з позовом, у якому зазначила, що вагони простоювали на її станціях з 21 травня по 27 жовтня .","[{""label"": ""ORG"", ""text"": ""Львівська залізниця""}, {""label"": ""PERIOD"", ""text"": ""21 травня по 27 жовтня""}]","[{""label"": ""ORG"", ""text"": ""Львівська залізниця"", ""start"": 2, ""end"": 21}, {""label"": ""ART"", ""text"": ""вагони"", ""start"": 76, ""end"": 82}, {""label"": ""LOC"", ""text"": ""станціях"", ""start"": 101, ""end"": 109}, {""label"": ""DATE"", ""text"": ""21 травня по 27 жовтня"", ""start"": 112, ""end"": 134}]"
929994219723d1f906649dc039e607294e626ce693f4e0b5ad46247ec8829b05,"Протягом цього часу залізничники нарахували лісгоспу додаткові збори та платежі (плату за простій вагонів, зберігання вантажів, маневрові роботи і повідомлення).","[{""label"": ""JOB"", ""text"": ""залізничники""}]","[{""label"": ""PERIOD"", ""text"": ""Протягом цього часу"", ""start"": 0, ""end"": 19}, {""label"": ""JOB"", ""text"": ""залізничники"", ""start"": 20, ""end"": 32}, {""label"": ""ORG"", ""text"": ""лісгоспу"", ""start"": 44, ""end"": 52}, {""label"": ""ART"", ""text"": ""простій вагонів"", ""start"": 90, ""end"": 105}, {""label"": ""MISC"", ""text"": ""зберігання вантажів"", ""start"": 107, ""end"": 126}, {""label"": ""MISC"", ""text"": ""маневрові роботи і повідомлення"", ""start"": 128, ""end"": 159}]"
49a0c303c5f67f899ae83995b01df993a6451202b4a0e6776111276241a75359,"Загалом, підрахували у « Львівській залізниці », набігло 480 тис. грн .","[{""label"": ""ORG"", ""text"": ""Львівській залізниці""}, {""label"": ""MON"", ""text"": ""480 тис. грн""}]","[{""label"": ""ORG"", ""text"": ""Львівській залізниці"", ""start"": 25, ""end"": 45}, {""label"": ""MON"", ""text"": ""480 тис. грн"", ""start"": 57, ""end"": 69}]"
b2441d467dd91bd186f2a05a51a206e8c1601bd5799b246c10697cc3946ddb46,"Розглянувши матеріали справи, суд першої інстанції позовні вимоги «Укрзалізниці» задовольнив.","[{""label"": ""ORG"", ""text"": ""«Укрзалізниці»""}]","[{""label"": ""ART"", ""text"": ""матеріали справи"", ""start"": 12, ""end"": 28}, {""label"": ""ORG"", ""text"": ""Укрзалізниці"", ""start"": 67, ""end"": 79}]"
c633d0b5d79ffd8085b7aa39d416bf4ae48090486f4d22c117f3e8ce7af3f841,До аналогічного висновку дійшла і колегія суддів апеляційного суду.,"[{""label"": ""JOB"", ""text"": ""суддів""}]","[{""label"": ""ORG"", ""text"": ""колегія суддів апеляційного суду"", ""start"": 34, ""end"": 66}]"
ad9ec713373292540df047fa2bc394708f7ab662f82ddbffebf9d4ff223ec45d,"При цьому, зауважила колегія суддів , оскільки при затримці вагонів митники не виявили порушень, Клавдієвський лісгосп може захистити свої права у порядку ст. 30 Митного кодексу України (відповідальність органів доходів і зборів, їх посадових осіб та інших працівників). Суд відмовив прокурору Макарівського району Київської області у задоволенні позову про скасування розпорядження райдержадміністрації, якими було змінено цільове призначення ділянок загальною площею 216,18 га .","[{""label"": ""JOB"", ""text"": ""суддів""}, {""label"": ""JOB"", ""text"": ""митники""}, {""label"": ""ORG"", ""text"": ""Клавдієвський лісгосп""}, {""label"": ""DOC"", ""text"": ""Митного кодексу України""}, {""label"": ""JOB"", ""text"": ""прокурору""}, {""label"": ""LOC"", ""text"": ""Макарівського району""}, {""label"": ""LOC"", ""text"": ""Київської області""}, {""label"": ""QUANT"", ""text"": ""216,18 га""}]","[{""label"": ""MISC"", ""text"": ""вагонів"", ""start"": 60, ""end"": 67}, {""label"": ""ORG"", ""text"": ""Клавдієвський лісгосп"", ""start"": 97, ""end"": 118}, {""label"": ""LOC"", ""text"": ""Макарівського району Київської області"", ""start"": 294, ""end"": 332}]"
a703cae2cdec98d6bf20e7b08906a062ab46820fba84003cc7e620496c9fe8e1,Про це свідчить постанова Вищого господарського суду від 21 січня .,"[{""label"": ""ORG"", ""text"": ""Вищого господарського суду""}, {""label"": ""DATE"", ""text"": ""21 січня""}]","[{""label"": ""ORG"", ""text"": ""Вищого господарського суду"", ""start"": 26, ""end"": 52}, {""label"": ""DATE"", ""text"": ""21 січня"", ""start"": 57, ""end"": 65}]"
ffd0ee876a13726260841d7b3c2f16b43d5fec3ba0433a9c7ab77758ae7e5d03,"У 2006 році ТОВ «Едельвейс-Девелопмент» скупило ділянки загальною площею 216,18 га поблизу с. Мотижин .","[{""label"": ""DATE"", ""text"": ""2006 році""}, {""label"": ""ORG"", ""text"": ""ТОВ «Едельвейс-Девелопмент»""}, {""label"": ""QUANT"", ""text"": ""216,18 га""}, {""label"": ""LOC"", ""text"": ""Мотижин""}]","[{""label"": ""DATE"", ""text"": ""2006 році"", ""start"": 2, ""end"": 11}, {""label"": ""ORG"", ""text"": ""ТОВ «Едельвейс-Девелопмент»"", ""start"": 12, ""end"": 39}, {""label"": ""QUANT"", ""text"": ""216,18 га"", ""start"": 73, ""end"": 82}, {""label"": ""LOC"", ""text"": ""с. Мотижин"", ""start"": 91, ""end"": 101}]"
fccae189586382b5a11397c924568536ecb952c9fa1bcd645252f8828e2dc03e,"У подальшому фірма звернулася до Макарівської райдержадміністрації із заявою про зміну цільового призначення ділянок з «ведення особистого селянського господарства» на землі «для будівництва та обслуговування житлового будинку, господарських споруд і будівель».","[{""label"": ""ORG"", ""text"": ""Макарівської райдержадміністрації""}]","[{""label"": ""ORG"", ""text"": ""фірма"", ""start"": 13, ""end"": 18}, {""label"": ""LOC"", ""text"": ""Макарівської райдержадміністрації"", ""start"": 33, ""end"": 66}]"
f84538c7dd46d3d051650b32c623e7ebcdbae7080b7ec580ea6637fcb641233b,Але отримала відмову.,[],[]
2affb331afde1d03eda9f96308700ac459f1ba981ae03eea67c3766b8057cb95,Після цього « Едельвейс-Девелопмент » звернувся до суду.,"[{""label"": ""ORG"", ""text"": ""Едельвейс-Девелопмент""}]","[{""label"": ""ORG"", ""text"": ""Едельвейс-Девелопмент"", ""start"": 14, ""end"": 35}]"
70548e7026c0946c3f64de8b0afc1c64edabef39c559d0898cacd26807e42ee5,У серпні 2007 року Макарівський райсуд зобов'язав райдержадміністрацію прийняти рішення щодо зміни цільового призначення земельних ділянок фірми.,"[{""label"": ""DATE"", ""text"": ""серпні 2007 року""}, {""label"": ""ORG"", ""text"": ""Макарівський райсуд""}]","[{""label"": ""DATE"", ""text"": ""серпні 2007"", ""start"": 2, ""end"": 13}, {""label"": ""ORG"", ""text"": ""Макарівський райсуд"", ""start"": 19, ""end"": 38}, {""label"": ""ORG"", ""text"": ""райдержадміністрацію"", ""start"": 50, ""end"": 70}]"
cd858fbc2af527add218d95819a4c1bc6756511713391f7b1643631336b5cb62,Що райдержадміністрація і зробила.,[],"[{""label"": ""ORG"", ""text"": ""райдержадміністрація"", ""start"": 3, ""end"": 23}]"
fbb95f1e8a3cf2ecf01ebfcc8fc3fe72247b39fe737b936c53258a6e5cae8f46,А у 2011 році Київський апеляційний адмінсуд змінив постанову Макарівського райсуду .,"[{""label"": ""DATE"", ""text"": ""2011 році""}, {""label"": ""ORG"", ""text"": ""Київський апеляційний адмінсуд""}, {""label"": ""ORG"", ""text"": ""Макарівського райсуду""}]","[{""label"": ""DATE"", ""text"": ""2011 році"", ""start"": 4, ""end"": 13}, {""label"": ""ORG"", ""text"": ""Київський апеляційний адмінсуд"", ""start"": 14, ""end"": 44}]"
ca7535e0a456ea3fa73b29fd21b0ed49ce52bf5a65bf00037116c9ceb97b44fa,"Він зазначив, що суд не може зобов'язати РДА прийняти якесь рішення.",[],"[{""label"": ""PERS"", ""text"": ""Він"", ""start"": 0, ""end"": 3}, {""label"": ""ORG"", ""text"": ""суд"", ""start"": 17, ""end"": 20}, {""label"": ""ORG"", ""text"": ""РДА"", ""start"": 41, ""end"": 44}]"
1a9c88f42def5f988415fdcc61a08bdb31b90a310a60939e8414a294ff85ffdb,Однак райдержадміністрація повинна розглянути заяву фірми і прийняти рішення про її задоволення чи відмову.,[],"[{""label"": ""ORG"", ""text"": ""райдержадміністрація"", ""start"": 6, ""end"": 26}, {""label"": ""DOC"", ""text"": ""заяву фірми"", ""start"": 46, ""end"": 57}]"
6d748fb9b6ee70e73dfe4ccca427cd66d219fb2a133a70633209a084589617c0,У червні 2014 року прокурор Макарівського району звернувся до суду з вимогою скасувати розпорядження РДА про зміну цільового призначення землі і визнати недійсними держакти ТОВ «Едельвейс-Девелопмент» на ділянки.,"[{""label"": ""DATE"", ""text"": ""червні 2014 року""}, {""label"": ""JOB"", ""text"": ""прокурор""}, {""label"": ""ORG"", ""text"": ""Макарівського району""}, {""label"": ""ORG"", ""text"": ""ТОВ «Едельвейс-Девелопмент»""}]","[{""label"": ""DATE"", ""text"": ""червні 2014 року"", ""start"": 2, ""end"": 18}, {""label"": ""LOC"", ""text"": ""Макарівського району"", ""start"": 28, ""end"": 48}, {""label"": ""ORG"", ""text"": ""ТОВ «Едельвейс-Девелопмент»"", ""start"": 173, ""end"": 200}]"
21cebf874a084e49f60639e83174f616fccfa9285cfdd9edbd84e6ff1268c39f,Суд першої інстанції з доводами прокуратури погодився.,[],"[{""label"": ""ORG"", ""text"": ""Суд першої інстанції"", ""start"": 0, ""end"": 20}, {""label"": ""ORG"", ""text"": ""прокуратури"", ""start"": 32, ""end"": 43}]"
748e253cbb9b0447b097cb23f66997c05614020251a2d1bdb93e986d5d7bb850,Однак апеляційний суд це рішення скасував.,[],"[{""label"": ""ORG"", ""text"": ""апеляційний суд"", ""start"": 6, ""end"": 21}]"
9bf51a161d3c91d9a4690a029baaa3e323886375a78f02f9882a55c3e83a5bd5,А ВГСУ погодився з постановою апеляційного суду.,"[{""label"": ""ORG"", ""text"": ""ВГСУ""}]","[{""label"": ""ORG"", ""text"": ""А ВГСУ"", ""start"": 0, ""end"": 6}]"
94c179817659a94c15711246fc3195d95b5f4d442d418339bcc141185b73d13c,"Апеляційний суд вказав, що РДА приймала розпорядження не лише на виконання рішення суду, а і в межах наданих їй законом повноважень.",[],"[{""label"": ""ORG"", ""text"": ""Апеляційний суд"", ""start"": 0, ""end"": 15}, {""label"": ""ORG"", ""text"": ""РДА"", ""start"": 27, ""end"": 30}]"
18c4dfa8c51852146264821745bc3db3da3e84b9ed76d1c899db5095f19cf9cd,"Крім того, суд вказав на пропуск позовної давності, адже прокуратурі стало відомо про прийняття розпорядження РДА ще у 2010 році .","[{""label"": ""DATE"", ""text"": ""2010 році""}]","[{""label"": ""ORG"", ""text"": ""суд"", ""start"": 11, ""end"": 14}, {""label"": ""ORG"", ""text"": ""прокуратурі"", ""start"": 57, ""end"": 68}, {""label"": ""ORG"", ""text"": ""РДА"", ""start"": 110, ""end"": 113}, {""label"": ""DATE"", ""text"": ""2010 році"", ""start"": 119, ""end"": 128}]"
a779b55e4a7cf596207e1a67ee8d9fdef8ab6e7e93e17dc4bdadd472e9f534fd,"Та суд дійшов висновку про відмову у задоволенні позову прокуратури через безпідставність вимог, і не застосовував позовну давність. Засновником ТОВ «Едельвейс-Девелопмент» є ТОВ «Едельвейс-Фінанс» , засновниками якого є Ярослав Ватаманюк і « Райнер Холдінгс Корп. »","[{""label"": ""JOB"", ""text"": ""Засновником""}, {""label"": ""ORG"", ""text"": ""ТОВ «Едельвейс-Девелопмент»""}, {""label"": ""ORG"", ""text"": ""ТОВ «Едельвейс-Фінанс»""}, {""label"": ""PERS"", ""text"": ""Ярослав Ватаманюк""}, {""label"": ""ORG"", ""text"": ""Райнер Холдінгс Корп.""}]","[{""label"": ""ORG"", ""text"": ""суд"", ""start"": 3, ""end"": 6}, {""label"": ""ORG"", ""text"": ""ТОВ «Едельвейс-Девелопмент»"", ""start"": 145, ""end"": 172}, {""label"": ""ORG"", ""text"": ""ТОВ «Едельвейс-Фінанс"", ""start"": 175, ""end"": 196}, {""label"": ""PERS"", ""text"": ""Ярослав Ватаманюк"", ""start"": 221, ""end"": 238}, {""label"": ""PERS"", ""text"": ""Райнер Холдінгс Корп."", ""start"": 243, ""end"": 264}]"
5d76c088bb5dd24c2cc8abe198dcdd423c0a3c7023ed5bf982029d487e1b3672,( Маршаллові острови ). ПАТ «Національна акціонерна компанія «Нафтогаз України» 30 листопада оголосив про намір укласти угоду щодо фізичної охорони голови правління компанії з Управлінням поліції охорони з фізичної безпеки в м. Києві .,"[{""label"": ""LOC"", ""text"": ""Маршаллові острови""}, {""label"": ""ORG"", ""text"": ""ПАТ «Національна акціонерна компанія «Нафтогаз України»""}, {""label"": ""DATE"", ""text"": ""30 листопада""}, {""label"": ""JOB"", ""text"": ""голови правління""}, {""label"": ""ORG"", ""text"": ""Управлінням поліції охорони з фізичної безпеки в м. Києві""}]","[{""label"": ""LOC"", ""text"": ""Маршаллові острови"", ""start"": 2, ""end"": 20}, {""label"": ""ORG"", ""text"": ""ПАТ «Національна акціонерна компанія «Нафтогаз України»"", ""start"": 24, ""end"": 79}, {""label"": ""DATE"", ""text"": ""30 листопада"", ""start"": 80, ""end"": 92}, {""label"": ""JOB"", ""text"": ""голови правління компанії"", ""start"": 148, ""end"": 173}, {""label"": ""LOC"", ""text"": ""м. Києві"", ""start"": 225, ""end"": 233}]"
1fb88e7de8c6f022263667645977189b5e84ee76953b27919e0d2fbdd260d3ec,"Якщо угода буде укладена, її вартість складе 909 тис грн .","[{""label"": ""MON"", ""text"": ""909 тис грн""}]","[{""label"": ""MISC"", ""text"": ""угода"", ""start"": 5, ""end"": 10}, {""label"": ""MON"", ""text"": ""909 тис грн"", ""start"": 45, ""end"": 56}]"
53df9adfa7c3c2e1fa851a298db78bfe99f25b46f5985e4334639cf5e13809da,Про це повідомляється в системі « Прозорро ».,"[{""label"": ""ORG"", ""text"": ""Прозорро""}]","[{""label"": ""ORG"", ""text"": ""Прозорро"", ""start"": 34, ""end"": 42}]"
3764da8ea2664ccd4e61cb76b942d32d2c8fba767d26be9ec4825f5755d2976d,"Двох охоронців для голови правління « Нафтогазу » Андрія Коболєва планують найняти до кінця 2018 року . Поліція оцінила свої послуги у 103,80 грн за одну години роботи кожного з охоронців , які мають виконувати свої функції щодня з 8-00 до 20-00 .","[{""label"": ""JOB"", ""text"": ""охоронців""}, {""label"": ""JOB"", ""text"": ""голови правління""}, {""label"": ""ORG"", ""text"": ""Нафтогазу""}, {""label"": ""PERS"", ""text"": ""Андрія Коболєва""}, {""label"": ""DATE"", ""text"": ""кінця 2018 року""}, {""label"": ""ORG"", ""text"": ""Поліція""}, {""label"": ""MON"", ""text"": ""103,80 грн""}, {""label"": ""PERIOD"", ""text"": ""одну години""}, {""label"": ""JOB"", ""text"": ""охоронців""}, {""label"": ""DATE"", ""text"": ""щодня""}, {""label"": ""PERIOD"", ""text"": ""8-00 до 20-00""}]","[{""label"": ""JOB"", ""text"": ""охоронців"", ""start"": 5, ""end"": 14}, {""label"": ""JOB"", ""text"": ""голови правління"", ""start"": 19, ""end"": 35}, {""label"": ""ORG"", ""text"": ""Нафтогазу"", ""start"": 38, ""end"": 47}, {""label"": ""PERS"", ""text"": ""Андрія Коболєва"", ""start"": 50, ""end"": 65}, {""label"": ""DATE"", ""text"": ""кінця 2018 року"", ""start"": 86, ""end"": 101}, {""label"": ""ORG"", ""text"": ""Поліція"", ""start"": 104, ""end"": 111}, {""label"": ""MON"", ""text"": ""103,80 грн"", ""start"": 135, ""end"": 145}, {""label"": ""JOB"", ""text"": ""охоронців"", ""start"": 178, ""end"": 187}]"
c231dc7465fa1346d4c3f8da00f01919085a2ddcd357a316621750f092d2bdfb,"У тендерній документації вказано, що «згідно з повідомленнями правоохоронних органів на сьогодні існує реальна загроза виникнення небезпеки життю і здоров'ю голови правління НАК «Нафтогаз України» .","[{""label"": ""JOB"", ""text"": ""голови правління""}, {""label"": ""ORG"", ""text"": ""НАК «Нафтогаз України»""}]","[{""label"": ""DOC"", ""text"": ""тендерній документації"", ""start"": 2, ""end"": 24}, {""label"": ""TIME"", ""text"": ""сьогодні"", ""start"": 88, ""end"": 96}, {""label"": ""JOB"", ""text"": ""голови правління"", ""start"": 157, ""end"": 173}, {""label"": ""ORG"", ""text"": ""НАК «Нафтогаз України"", ""start"": 174, ""end"": 195}]"
35e6ce74a35b7538e58d3e410fd026cebc718d564d19dcec4ff395bc787d252d,"Також замовник посилається на складність внутрішньо економічної та зовнішньополітичної ситуації в Україні , що зумовлена «наявністю збройного конфлікту у Східному регіоні України , а також намаганнями окремих деструктивних сил дестабілізувати роботу державних органів влади та управління, окремих підприємств і організації, які займають провідне місце в економіці держави, в тому числі НАК «Нафтогаз України» .","[{""label"": ""LOC"", ""text"": ""Україні""}, {""label"": ""LOC"", ""text"": ""Східному регіоні України""}, {""label"": ""ORG"", ""text"": ""НАК «Нафтогаз України»""}]","[{""label"": ""PERS"", ""text"": ""замовник"", ""start"": 6, ""end"": 14}, {""label"": ""LOC"", ""text"": ""Східному регіоні України"", ""start"": 154, ""end"": 178}, {""label"": ""ORG"", ""text"": ""НАК «Нафтогаз України»"", ""start"": 386, ""end"": 408}]"
4036ede933895680a9542fe33aa3f2fb31fcee5e815244d04848541fa85772b0,"За вказаних умов « Нафтогаз » вирішив, що особисту безпеку керівнику компанії здатні лише охоронні структури з правом застосування нарізної вогнепальної зброї.","[{""label"": ""ORG"", ""text"": ""Нафтогаз""}, {""label"": ""JOB"", ""text"": ""керівнику компанії""}]","[{""label"": ""ORG"", ""text"": ""Нафтогаз"", ""start"": 19, ""end"": 27}]"
d83f4d6972749542e4e521161eaee3e679627c30db6c01597cc7274f4932af40,Цим вимогам відповідають лише працівники охорони Національної поліції .,"[{""label"": ""JOB"", ""text"": ""працівники охорони""}, {""label"": ""ORG"", ""text"": ""Національної поліції""}]","[{""label"": ""ORG"", ""text"": ""Національної поліції"", ""start"": 49, ""end"": 69}]"
8f281806840c46e3d312efaf1a757918ffc7d5ce23dc976fc8070e3c3515c34d,Єдиним конкурентом на тендері було Управління поліції охорони в Київській області .,"[{""label"": ""JOB"", ""text"": ""конкурентом""}, {""label"": ""ORG"", ""text"": ""Управління поліції охорони в Київській області""}]","[{""label"": ""ORG"", ""text"": ""Управління поліції охорони"", ""start"": 35, ""end"": 61}, {""label"": ""LOC"", ""text"": ""Київській області"", ""start"": 64, ""end"": 81}]"
460575bdf6507f5645065557acc33180a045d62770fcdaa2e17f13b5785159ba,Раніше « Нафтогаз » замовляв охорону для Андрія Коболєва на десять відсотків дешевше.,"[{""label"": ""ORG"", ""text"": ""Нафтогаз""}, {""label"": ""PERS"", ""text"": ""Андрія Коболєва""}, {""label"": ""PCT"", ""text"": ""десять відсотків""}]","[{""label"": ""ORG"", ""text"": ""Нафтогаз"", ""start"": 9, ""end"": 17}, {""label"": ""MISC"", ""text"": ""охорону"", ""start"": 29, ""end"": 36}, {""label"": ""PERS"", ""text"": ""Андрія Коболєва"", ""start"": 41, ""end"": 56}, {""label"": ""PCT"", ""text"": ""десять відсотків"", ""start"": 60, ""end"": 76}]"
d8a8d494d7786b2d3fd71a50518ea3a623baa275fa01b39bb05457dd2fec3655,На 2017 рік охоронці від Управління поліції охорони з фізичної безпеки в м. Києві коштували 827 тис грн. з розрахунку 94 грн за годину роботи.,"[{""label"": ""DATE"", ""text"": ""2017 рік""}, {""label"": ""JOB"", ""text"": ""охоронці""}, {""label"": ""ORG"", ""text"": ""Управління поліції охорони з фізичної безпеки в м. Києві""}, {""label"": ""MON"", ""text"": ""827 тис грн.""}, {""label"": ""MON"", ""text"": ""94 грн""}, {""label"": ""PERIOD"", ""text"": ""годину""}]","[{""label"": ""PERIOD"", ""text"": ""2017 рік"", ""start"": 3, ""end"": 11}, {""label"": ""JOB"", ""text"": ""охоронці"", ""start"": 12, ""end"": 20}, {""label"": ""ORG"", ""text"": ""Управління поліції охорони з фізичної безпеки"", ""start"": 25, ""end"": 70}, {""label"": ""LOC"", ""text"": ""м. Києві"", ""start"": 73, ""end"": 81}, {""label"": ""MON"", ""text"": ""827 тис грн"", ""start"": 92, ""end"": 103}, {""label"": ""MON"", ""text"": ""94 грн"", ""start"": 118, ""end"": 124}]"
5e9ace64db96b4d4c2729ab6cf2599e8bd3bc4a7d1010fafca8b612922ded710,"У договорі було вказано, що зарплата охоронця становить 17 713 грн. , ще майже 4 тис грн. припадає на Єдиний соціальний внесок .","[{""label"": ""JOB"", ""text"": ""охоронця""}, {""label"": ""MON"", ""text"": ""17 713 грн.""}, {""label"": ""MON"", ""text"": ""4 тис грн.""}, {""label"": ""MISC"", ""text"": ""Єдиний соціальний внесок""}]","[{""label"": ""DOC"", ""text"": ""договорі"", ""start"": 2, ""end"": 10}, {""label"": ""JOB"", ""text"": ""охоронця"", ""start"": 37, ""end"": 45}, {""label"": ""MON"", ""text"": ""17 713 грн."", ""start"": 56, ""end"": 67}, {""label"": ""MON"", ""text"": ""4 тис грн."", ""start"": 79, ""end"": 89}, {""label"": ""MISC"", ""text"": ""Єдиний соціальний внесок"", ""start"": 102, ""end"": 126}]"
664f03945d89302cc285dffd490bc98a78bf39e23a6d0828dd72535fa09b1931,"Накладні витрати у розмірі 5 133 грн щомісяці стосуються видатків на обладнання, форменний одяг та інші витрати.","[{""label"": ""MON"", ""text"": ""5 133 грн""}, {""label"": ""PERIOD"", ""text"": ""щомісяці""}]","[{""label"": ""MON"", ""text"": ""5 133 грн"", ""start"": 27, ""end"": 36}, {""label"": ""PERIOD"", ""text"": ""щомісяці"", ""start"": 37, ""end"": 45}, {""label"": ""ART"", ""text"": ""обладнання"", ""start"": 69, ""end"": 79}, {""label"": ""ART"", ""text"": ""форменний одяг"", ""start"": 81, ""end"": 95}]"
1c443243b3e0c6f6cae53808b13b230939f47551cc9160de3f63fcf589fb091b,"Адміністративні витрати становили 1 693 грн , рентабельність – 1% Службові особи лісових господарств Житомирської області разом з підрядниками впродовж 2012-2014 років привласнили понад 1 млн грн .","[{""label"": ""MON"", ""text"": ""1 693 грн""}, {""label"": ""PCT"", ""text"": ""1%""}, {""label"": ""LOC"", ""text"": ""Житомирської області""}, {""label"": ""JOB"", ""text"": ""підрядниками""}, {""label"": ""PERIOD"", ""text"": ""2012-2014 років""}, {""label"": ""MON"", ""text"": ""1 млн грн""}]","[{""label"": ""MON"", ""text"": ""1 693 грн"", ""start"": 34, ""end"": 43}, {""label"": ""PCT"", ""text"": ""1%"", ""start"": 63, ""end"": 65}, {""label"": ""ORG"", ""text"": ""Службові особи лісових господарств Житомирської області"", ""start"": 66, ""end"": 121}, {""label"": ""ORG"", ""text"": ""підрядниками"", ""start"": 130, ""end"": 142}, {""label"": ""PERIOD"", ""text"": ""2012-2014 років"", ""start"": 152, ""end"": 167}, {""label"": ""MON"", ""text"": ""1 млн грн"", ""start"": 186, ""end"": 195}]"
b6ada9374e1e821b11ad5aaa40326764513a8dbd334109ede296eca6ffb86756,Про це свідчить ухвала Корольовського районного суду м. Житомира від 8 лютого .,"[{""label"": ""ORG"", ""text"": ""Корольовського районного суду м. Житомира""}, {""label"": ""DATE"", ""text"": ""8 лютого""}]","[{""label"": ""ORG"", ""text"": ""Корольовського районного суду м. Житомира"", ""start"": 23, ""end"": 64}, {""label"": ""DATE"", ""text"": ""8 лютого"", ""start"": 69, ""end"": 77}]"
2ffabbf9ec34ac678608bffd4df1e088f059e051138600d0008fcd28e9a586c6,"Як встановило слідство, держлісгоспи Житомирської області укладали фіктивні договори про придбання послуг з рядом підприємств.","[{""label"": ""LOC"", ""text"": ""Житомирської області""}]","[{""label"": ""ORG"", ""text"": ""держлісгоспи Житомирської області"", ""start"": 24, ""end"": 57}, {""label"": ""ART"", ""text"": ""фіктивні договори про придбання послуг"", ""start"": 67, ""end"": 105}, {""label"": ""ORG"", ""text"": ""рядом підприємств"", ""start"": 108, ""end"": 125}]"
a83637effc322a3facc259123badbfb05942660acb67812800e600993c5a18c1,"Фактично придбані послуги виконували самі лісові господарства, а державні кошти виводилися в тіньовий обіг та привласнювалися.",[],"[{""label"": ""ART"", ""text"": ""Фактично придбані послуги"", ""start"": 0, ""end"": 25}, {""label"": ""ORG"", ""text"": ""лісові господарства"", ""start"": 42, ""end"": 61}, {""label"": ""MON"", ""text"": ""державні кошти"", ""start"": 65, ""end"": 79}]"
7d17214233ccbda1004f8eb1783f55f6df393a6825aec67c1b265164e4d37ebd,"Приміром, слідство вказує, що одним із підрядників лісгоспів було ТОВ «Транспортно-лісові інвестиції України» . Слідчі встановили, що значну частину робіт для « Народицького спецлісгоспу » виконували місцеві мешканці і працівники лісгоспу, які отримували мінімальну зарплату.","[{""label"": ""JOB"", ""text"": ""підрядників""}, {""label"": ""ORG"", ""text"": ""ТОВ «Транспортно-лісові інвестиції України»""}, {""label"": ""JOB"", ""text"": ""Слідчі""}, {""label"": ""ORG"", ""text"": ""Народицького спецлісгоспу""}]","[{""label"": ""ORG"", ""text"": ""ТОВ «Транспортно-лісові інвестиції України»"", ""start"": 66, ""end"": 109}, {""label"": ""MON"", ""text"": ""мінімальну зарплату"", ""start"": 255, ""end"": 274}]"
21765c2058cc8e5460ce7d691f7589e769e6122ca836d890de31e7e69ae59595,"Разом з тим майже всі державні кошти за надані послуги перераховувалися на пов'язані підприємства, у т. ч. приватне підприємство « Індустріальна компанія «Магнат» .","[{""label"": ""ORG"", ""text"": ""Індустріальна компанія «Магнат»""}]","[{""label"": ""MON"", ""text"": ""державні кошти"", ""start"": 22, ""end"": 36}, {""label"": ""ORG"", ""text"": ""Індустріальна компанія «Магнат"", ""start"": 131, ""end"": 161}]"
c0884546fab471f08a84a8110cf8155f91ca775c620dd87290f4906bb904f397,Суд надав слідчим доступ до документації останнього. ТОВ «Транспортно-лісові інвестиції України» у 2010 році заснували волиняни Ольга Колошко та Олег Рабчун .,"[{""label"": ""JOB"", ""text"": ""слідчим""}, {""label"": ""ORG"", ""text"": ""ТОВ «Транспортно-лісові інвестиції України»""}, {""label"": ""DATE"", ""text"": ""2010 році""}, {""label"": ""PERS"", ""text"": ""Ольга Колошко""}, {""label"": ""PERS"", ""text"": ""Олег Рабчун""}]","[{""label"": ""ORG"", ""text"": ""ТОВ «Транспортно-лісові інвестиції України»"", ""start"": 53, ""end"": 96}, {""label"": ""DATE"", ""text"": ""2010 році"", ""start"": 99, ""end"": 108}, {""label"": ""PERS"", ""text"": ""Ольга Колошко"", ""start"": 128, ""end"": 141}, {""label"": ""PERS"", ""text"": ""Олег Рабчун"", ""start"": 145, ""end"": 156}]"
ab6d7d8ba2c7ab4ee3c5d1b62c80ff0a8bccaf66b628744724321ee7adc31aaa,"У 2011 році директором фірми був тодішній депутат Ківерцівської райради ( Волинська обл. ) Микола Салівончик , який також очолював комунальне підприємство « Ківерціліс ».","[{""label"": ""DATE"", ""text"": ""2011 році""}, {""label"": ""JOB"", ""text"": ""директором""}, {""label"": ""JOB"", ""text"": ""депутат""}, {""label"": ""ORG"", ""text"": ""Ківерцівської райради""}, {""label"": ""LOC"", ""text"": ""Волинська обл.""}, {""label"": ""PERS"", ""text"": ""Микола Салівончик""}, {""label"": ""ORG"", ""text"": ""Ківерціліс""}]","[{""label"": ""DATE"", ""text"": ""2011 році"", ""start"": 2, ""end"": 11}, {""label"": ""JOB"", ""text"": ""директором фірми"", ""start"": 12, ""end"": 28}, {""label"": ""LOC"", ""text"": ""Волинська обл."", ""start"": 74, ""end"": 88}, {""label"": ""PERS"", ""text"": ""Микола Салівончик"", ""start"": 91, ""end"": 108}, {""label"": ""ORG"", ""text"": ""Ківерціліс"", ""start"": 157, ""end"": 167}]"
defe756ae0afc70b3473eb65ac2a5690e7d0ef81abe94378ef6024b62b0d9ae4,З 2012 року він керує Рокитнівським держспецлісгоспом ( Рівненська обл. ).,"[{""label"": ""DATE"", ""text"": ""2012 року""}, {""label"": ""ORG"", ""text"": ""Рокитнівським держспецлісгоспом""}, {""label"": ""LOC"", ""text"": ""Рівненська обл.""}]","[{""label"": ""DATE"", ""text"": ""2012 року"", ""start"": 2, ""end"": 11}, {""label"": ""PERS"", ""text"": ""він"", ""start"": 12, ""end"": 15}, {""label"": ""ORG"", ""text"": ""Рокитнівським держспецлісгоспом"", ""start"": 22, ""end"": 53}, {""label"": ""LOC"", ""text"": ""Рівненська обл."", ""start"": 56, ""end"": 71}]"
3c0a56e7c9fce45a735eb76db6d5c1e8e62c41dbb46ccc8d484a26a1744058ce,"Надалі засновниками компанії ставали лондонська компанія « Magnat Multinational Ltd » ( засновником був Богдан Мітько , директором – новозеландець Ян Тейлор ), а також Віталій Малюк і Наталія Завальна .","[{""label"": ""JOB"", ""text"": ""засновниками""}, {""label"": ""ORG"", ""text"": ""Magnat Multinational Ltd""}, {""label"": ""JOB"", ""text"": ""засновником""}, {""label"": ""PERS"", ""text"": ""Богдан Мітько""}, {""label"": ""JOB"", ""text"": ""директором""}, {""label"": ""PERS"", ""text"": ""Ян Тейлор""}, {""label"": ""PERS"", ""text"": ""Віталій Малюк""}, {""label"": ""PERS"", ""text"": ""Наталія Завальна""}]","[{""label"": ""ORG"", ""text"": ""Magnat Multinational Ltd"", ""start"": 59, ""end"": 83}, {""label"": ""PERS"", ""text"": ""Богдан Мітько"", ""start"": 104, ""end"": 117}, {""label"": ""JOB"", ""text"": ""директором"", ""start"": 120, ""end"": 130}, {""label"": ""PERS"", ""text"": ""Ян Тейлор"", ""start"": 147, ""end"": 156}, {""label"": ""PERS"", ""text"": ""Віталій Малюк"", ""start"": 168, ""end"": 181}, {""label"": ""PERS"", ""text"": ""Наталія Завальна"", ""start"": 184, ""end"": 200}]"
b4f5587b91317b924a7aa4a1cb620ca9cf0e9a6db0fc5ccc77028a142b8785dc,"Нинішнім засновником і директором компанії, яка торік змінила назву на ТОВ «Індустріальна компанія «Крона» , є киянин Олександр Колосюк . ТОВ «Транспортно-лісові інвестиції України» у 2011-2012 рр отримало від держлісгоспів замовлень на суму 66,35 млн грн . Засновником і директором ПП «Індустріальна компанія «Магнат» був Руслан Дегтяр , а з 2015 року – Степан Ляпка з Алчевська Луганської області на непідконтрольній Україні території. Міністерство економічного розвитку і торгівлі України 4 травня за результатами тендеру уклало угоду з ТОВ «ТД «Промфінінвест» на послуги розпорядника національної експозиції України на Міжнародній виставці Експо-2012 , яка пройде з 12 травня по 12 серпня в м. Йосу , Республіка Корея .","[{""label"": ""JOB"", ""text"": ""засновником""}, {""label"": ""JOB"", ""text"": ""директором""}, {""label"": ""DATE"", ""text"": ""торік""}, {""label"": ""ORG"", ""text"": ""ТОВ «Індустріальна компанія «Крона»""}, {""label"": ""PERS"", ""text"": ""Олександр Колосюк""}, {""label"": ""ORG"", ""text"": ""ТОВ «Транспортно-лісові інвестиції України»""}, {""label"": ""PERIOD"", ""text"": ""2011-2012 рр""}, {""label"": ""MON"", ""text"": ""66,35 млн грн""}, {""label"": ""JOB"", ""text"": ""Засновником""}, {""label"": ""JOB"", ""text"": ""директором""}, {""label"": ""ORG"", ""text"": ""ПП «Індустріальна компанія «Магнат»""}, {""label"": ""PERS"", ""text"": ""Руслан Дегтяр""}, {""label"": ""DATE"", ""text"": ""2015 року""}, {""label"": ""PERS"", ""text"": ""Степан Ляпка""}, {""label"": ""LOC"", ""text"": ""Алчевська""}, {""label"": ""LOC"", ""text"": ""Луганської області""}, {""label"": ""LOC"", ""text"": ""Україні""}, {""label"": ""ORG"", ""text"": ""Міністерство економічного розвитку і торгівлі України""}, {""label"": ""DATE"", ""text"": ""4 травня""}, {""label"": ""ORG"", ""text"": ""ТОВ «ТД «Промфінінвест»""}, {""label"": ""LOC"", ""text"": ""України""}, {""label"": ""ORG"", ""text"": ""Міжнародній виставці Експо-2012""}, {""label"": ""PERIOD"", ""text"": ""12 травня по 12 серпня""}, {""label"": ""LOC"", ""text"": ""Йосу""}, {""label"": ""LOC"", ""text"": ""Республіка Корея""}]","[{""label"": ""ORG"", ""text"": ""ТОВ «Індустріальна компанія «Крона»"", ""start"": 71, ""end"": 106}, {""label"": ""PERS"", ""text"": ""Олександр Колосюк"", ""start"": 118, ""end"": 135}, {""label"": ""ORG"", ""text"": ""ТОВ «Транспортно-лісові інвестиції України"", ""start"": 138, ""end"": 180}, {""label"": ""PERIOD"", ""text"": ""2011-2012 рр"", ""start"": 184, ""end"": 196}, {""label"": ""MON"", ""text"": ""66,35 млн грн"", ""start"": 242, ""end"": 255}, {""label"": ""JOB"", ""text"": ""директором"", ""start"": 272, ""end"": 282}, {""label"": ""ORG"", ""text"": ""ПП «Індустріальна компанія «Магнат»"", ""start"": 283, ""end"": 318}, {""label"": ""PERS"", ""text"": ""Руслан Дегтяр"", ""start"": 323, ""end"": 336}, {""label"": ""PERS"", ""text"": ""Степан Ляпка"", ""start"": 355, ""end"": 367}, {""label"": ""ORG"", ""text"": ""Міністерство економічного розвитку і торгівлі України"", ""start"": 438, ""end"": 491}, {""label"": ""ORG"", ""text"": ""ТОВ «ТД «Промфінінвест»"", ""start"": 540, ""end"": 563}, {""label"": ""LOC"", ""text"": ""м. Йосу , Республіка Корея"", ""start"": 695, ""end"": 721}]"
ee9ebc67d84de9b13de6351bc9552d912291672e67288acd058156392961b9ca,Вартість угоди склала 657 тис грн .,"[{""label"": ""MON"", ""text"": ""657 тис грн""}]","[{""label"": ""MON"", ""text"": ""657 тис грн"", ""start"": 22, ""end"": 33}]"
f6caf9e1ec4735ee635225bea2855853399e4ff3d345ebd77a4cbc65b790e1d7,Про це повідомляється в « Віснику державних закупівель ».,"[{""label"": ""ART"", ""text"": ""Віснику державних закупівель""}]","[{""label"": ""ORG"", ""text"": ""« Віснику державних закупівель »"", ""start"": 24, ""end"": 56}]"
aa9385820bdd5852eb64a8d944b735615c114ce9ba7840a6d2953a1c54fd851c,"Кошти направлено на облаштування національної експозиції, перевезення вантажів, виготовлення рекламних матеріалів, відрядження за кордон працівників, що обслуговують національну експозицію, та членів офіційної делегації України .","[{""label"": ""LOC"", ""text"": ""України""}]","[{""label"": ""MON"", ""text"": ""Кошти"", ""start"": 0, ""end"": 5}, {""label"": ""ORG"", ""text"": ""національної експозиції"", ""start"": 33, ""end"": 56}, {""label"": ""ART"", ""text"": ""перевезення вантажів"", ""start"": 58, ""end"": 78}, {""label"": ""ART"", ""text"": ""виготовлення рекламних матеріалів"", ""start"": 80, ""end"": 113}, {""label"": ""ORG"", ""text"": ""національну експозицію"", ""start"": 166, ""end"": 188}]"
76a12fe7f7941fb1bb33ccad6a541cb67f33d34f678d1d3dabab05b80df0d983,"Пять представників України братимуть участь в церемоніях відкриття та закриття виставки, а також в церемонії проведення Дня України .","[{""label"": ""LOC"", ""text"": ""України""}, {""label"": ""MISC"", ""text"": ""Дня України""}]","[{""label"": ""PERS"", ""text"": ""Пять представників України"", ""start"": 0, ""end"": 26}]"
16f9ba6900a71c5a34a61e294a483f2351ec39447e7f7fd5cbee6f89eae72ccf,Розмір загальної виставкової площі національної експозиції України – 45 кв. метрів в павільйоні «Атлантичний океан ».,"[{""label"": ""LOC"", ""text"": ""України""}, {""label"": ""QUANT"", ""text"": ""45 кв. метрів""}, {""label"": ""MISC"", ""text"": ""павільйоні «Атлантичний океан""}]","[{""label"": ""ORG"", ""text"": ""національної експозиції України"", ""start"": 35, ""end"": 66}, {""label"": ""QUANT"", ""text"": ""45 кв. метрів"", ""start"": 69, ""end"": 82}, {""label"": ""LOC"", ""text"": ""Атлантичний океан"", ""start"": 97, ""end"": 114}]"
d2f845728b49065bd7ca91aa461e0ec28341040f002d436a91a6dfc52bd397f8,"Метою участі України у Міжнародній виставці «Експо – 2012 » являється покращення міжнародного іміджу України , сприяння розвитку політичних та торгово-економічних відносин з Кореєю , яка є перспективним стратегічним партнером України із залучення інвестицій в економіку України , а також налагодження та активізація співробітництва з країнами Азійсько-тихоокеанського регіону .","[{""label"": ""LOC"", ""text"": ""України""}, {""label"": ""ORG"", ""text"": ""Міжнародній виставці «Експо – 2012""}, {""label"": ""LOC"", ""text"": ""України""}, {""label"": ""LOC"", ""text"": ""Кореєю""}, {""label"": ""LOC"", ""text"": ""України""}, {""label"": ""LOC"", ""text"": ""України""}, {""label"": ""LOC"", ""text"": ""Азійсько-тихоокеанського регіону""}]","[{""label"": ""ORG"", ""text"": ""України"", ""start"": 101, ""end"": 108}, {""label"": ""ORG"", ""text"": ""Кореєю"", ""start"": 174, ""end"": 180}, {""label"": ""LOC"", ""text"": ""Азійсько-тихоокеанського регіону"", ""start"": 343, ""end"": 375}]"
d3553c85e85f1ff65021f099bff464e880e080e8f6dd3781c92c94577fee12e3,Про це повідомляється в конкурсній документації.,[],"[{""label"": ""DOC"", ""text"": ""конкурсній документації"", ""start"": 24, ""end"": 47}]"
5e420f85260f8939acbc9ed5e4465312d64266018de97191833e45fa0dcf26cb,"Тема « Експо -2012 » – «Живий океан і узбережжя – колиска життя, скарбниця ресурсів та нашого майбутнього.","[{""label"": ""MISC"", ""text"": ""Експо -2012""}]","[{""label"": ""LOC"", ""text"": ""Живий океан і узбережжя"", ""start"": 24, ""end"": 47}]"
7cccc544a8e9dadcbccc469165a3cc8df9a7f512f07e8741e62973ce408dcc85,"Основними напрямами роботи виставки стануть ефективне та економне використання морських ресурсів, розвиток, захист та збереження узбережжя.",[],"[{""label"": ""ORG"", ""text"": ""виставки"", ""start"": 27, ""end"": 35}, {""label"": ""MISC"", ""text"": ""ефективне та економне використання морських ресурсів"", ""start"": 44, ""end"": 96}, {""label"": ""MISC"", ""text"": ""розвиток, захист та збереження узбережжя"", ""start"": 98, ""end"": 138}]"
f15620b3d1656f29a1b7d38ce4d933bfd50d943f658e8bbc5ef20a13d374cdad,"Основні тематичні розділи національної експозиції України : « Україна – туристична та рекреаційна: презентація України , її природно-кліматичної та культурної унікальності і різноманітності, духовної складової» ; «Економічний, інноваційний та науковий потенціал України : презентація інноваційного розвитку, економічного, наукового та інвестиційного потенціалу України , у т. ч. регіонів» ; «Мистецтво, як засіб об'єднання світової спільноти, демонстрації самобутності та унікальності української культури». ТОВ «Сервіс-Технобуд» , за рішенням суду, має виплатити 22,42 млн грн. Департаменту економіки та інвестицій Київської міської державної адміністрації .","[{""label"": ""LOC"", ""text"": ""України""}, {""label"": ""LOC"", ""text"": ""Україна""}, {""label"": ""LOC"", ""text"": ""України""}, {""label"": ""LOC"", ""text"": ""України""}, {""label"": ""LOC"", ""text"": ""України""}, {""label"": ""ORG"", ""text"": ""ТОВ «Сервіс-Технобуд»""}, {""label"": ""MON"", ""text"": ""22,42 млн грн.""}, {""label"": ""ORG"", ""text"": ""Департаменту економіки та інвестицій Київської міської державної адміністрації""}]","[{""label"": ""MISC"", ""text"": ""Економічний, інноваційний та науковий потенціал України"", ""start"": 214, ""end"": 269}, {""label"": ""ORG"", ""text"": ""ТОВ «Сервіс-Технобуд»"", ""start"": 508, ""end"": 529}, {""label"": ""MON"", ""text"": ""22,42 млн грн"", ""start"": 564, ""end"": 577}, {""label"": ""ORG"", ""text"": ""Департаменту економіки та інвестицій Київської міської державної адміністрації"", ""start"": 579, ""end"": 657}]"
3e87c1b23584b0699bebf5d29f853b71b8154937a4c6a2f5c7fe20efd115017b,Про це свідчить рішення Господарського суду м. Києва від 6 жовтня .,"[{""label"": ""ORG"", ""text"": ""Господарського суду м. Києва""}, {""label"": ""DATE"", ""text"": ""6 жовтня""}]","[{""label"": ""ORG"", ""text"": ""Господарського суду м. Києва"", ""start"": 24, ""end"": 52}, {""label"": ""DATE"", ""text"": ""6 жовтня"", ""start"": 57, ""end"": 65}]"
b190d59d9a9e12a825911d7a3832d724b40e5636942e44180e48b3cee1a1308e,"У 2010 управління КМДА уклало договір із ТОВ «Меркурі Лтд.» щодо сплати фірмою пайової участі на створення соціальної та інженерно-транспортної інфраструктури м. Києва у зв'язку з будівництвом житлового кварталу по вул. Саперне поле, 5 у Печерському районі .","[{""label"": ""DATE"", ""text"": ""2010""}, {""label"": ""ORG"", ""text"": ""КМДА""}, {""label"": ""ORG"", ""text"": ""ТОВ «Меркурі Лтд.»""}, {""label"": ""LOC"", ""text"": ""Києва""}, {""label"": ""LOC"", ""text"": ""вул. Саперне поле, 5""}, {""label"": ""LOC"", ""text"": ""Печерському районі""}]","[{""label"": ""DATE"", ""text"": ""2010"", ""start"": 2, ""end"": 6}, {""label"": ""ORG"", ""text"": ""управління КМДА"", ""start"": 7, ""end"": 22}, {""label"": ""ORG"", ""text"": ""ТОВ «Меркурі Лтд.»"", ""start"": 41, ""end"": 59}, {""label"": ""LOC"", ""text"": ""м. Києва"", ""start"": 159, ""end"": 167}, {""label"": ""LOC"", ""text"": ""Печерському районі"", ""start"": 238, ""end"": 256}]"
75ef717f5d5c669c004113e5c143a7ffde2c169b5b75d6522ec7d97b0df79395,"Площа забудови – майже 174 тис кв. м. , включаючи квартири, офісні і торгові приміщення, підземний паркінг.","[{""label"": ""QUANT"", ""text"": ""174 тис кв. м.""}]","[{""label"": ""QUANT"", ""text"": ""майже 174 тис кв. м."", ""start"": 17, ""end"": 37}, {""label"": ""MISC"", ""text"": ""квартири"", ""start"": 50, ""end"": 58}, {""label"": ""MISC"", ""text"": ""офісні і торгові приміщення"", ""start"": 60, ""end"": 87}, {""label"": ""MISC"", ""text"": ""підземний паркінг"", ""start"": 89, ""end"": 106}]"
22dcee1dcd11c783177a03f0956ebe9f242d5bed07d558e89f685e30e1cc5002,"Розмір пайового внеску визначили як 43,70 млн грн .","[{""label"": ""MON"", ""text"": ""43,70 млн грн""}]","[{""label"": ""MON"", ""text"": ""43,70 млн грн"", ""start"": 36, ""end"": 49}]"
56f2e684175c2e682d6371c53f7728c38fe46a969ce1e4f82ebbdeafd1f49823,У 2013 році договір було змінено у зв'язку з заміною забудовника « Меркурі Лтд. » на « Сервіс-Технобуд ».,"[{""label"": ""DATE"", ""text"": ""2013 році""}, {""label"": ""ORG"", ""text"": ""Меркурі Лтд.""}, {""label"": ""ORG"", ""text"": ""Сервіс-Технобуд""}]","[{""label"": ""DATE"", ""text"": ""2013 році"", ""start"": 2, ""end"": 11}, {""label"": ""DOC"", ""text"": ""договір"", ""start"": 12, ""end"": 19}, {""label"": ""ORG"", ""text"": ""Меркурі Лтд."", ""start"": 67, ""end"": 79}, {""label"": ""ORG"", ""text"": ""Сервіс-Технобуд"", ""start"": 87, ""end"": 102}]"
74b427b0d3e483572a773aaa4da7a1ff944e311512cacf505cd5ab74ac246e4a,"Площа забудови зменшилась до 100,8 тис кв. м. , а розмір пайового внеску – до 20,27 млн грн .","[{""label"": ""QUANT"", ""text"": ""100,8 тис кв. м.""}, {""label"": ""MON"", ""text"": ""20,27 млн грн""}]","[{""label"": ""QUANT"", ""text"": ""100,8 тис кв. м."", ""start"": 29, ""end"": 45}, {""label"": ""MON"", ""text"": ""20,27 млн грн"", ""start"": 78, ""end"": 91}]"
1db30e24e90c13dc8b3d1320be8dcaff6b5f49249cd83f135eb4138d85a9d966,"Зокрема, пайовий внесок зменшили ще й за рахунок того, що фірма зобов'язалась збудувати об'єкти інженерного забезпечення, енергозбереження та енергопостачання (насосні станції, тепломережі, бойлерні, котельні, тощо).",[],"[{""label"": ""PCT"", ""text"": ""пайовий внесок"", ""start"": 9, ""end"": 23}, {""label"": ""ORG"", ""text"": ""фірма"", ""start"": 58, ""end"": 63}, {""label"": ""ART"", ""text"": ""об'єкти інженерного забезпечення, енергозбереження та енергопостачання"", ""start"": 88, ""end"": 158}, {""label"": ""ART"", ""text"": ""насосні станції"", ""start"": 160, ""end"": 175}, {""label"": ""MISC"", ""text"": ""тепломережі"", ""start"": 177, ""end"": 188}, {""label"": ""ART"", ""text"": ""бойлерні"", ""start"": 190, ""end"": 198}, {""label"": ""MISC"", ""text"": ""котельні"", ""start"": 200, ""end"": 208}]"
b8cb651c078df5b1ad1079cfaab49803919dfe2329d71a164366cd028ab4cbc9,"Однак, як повідомив суду прокурор , « Сервіс-Технобуд » повністю пайовий внесок не сплатив і за ним числиться 19,14 млн грн. боргу.","[{""label"": ""JOB"", ""text"": ""прокурор""}, {""label"": ""ORG"", ""text"": ""Сервіс-Технобуд""}, {""label"": ""MON"", ""text"": ""19,14 млн грн.""}]","[{""label"": ""PERS"", ""text"": ""прокурор"", ""start"": 25, ""end"": 33}, {""label"": ""ORG"", ""text"": ""Сервіс-Технобуд"", ""start"": 38, ""end"": 53}, {""label"": ""MON"", ""text"": ""19,14 млн грн"", ""start"": 110, ""end"": 123}]"
9779352245656022860577bcd2b19afc5b7b1c863512e91a5c84260d696641fe,"Крім того, прокурор попросив стягнути 3,28 млн грн. пені.","[{""label"": ""JOB"", ""text"": ""прокурор""}, {""label"": ""MON"", ""text"": ""3,28 млн грн.""}]","[{""label"": ""PERS"", ""text"": ""прокурор"", ""start"": 11, ""end"": 19}, {""label"": ""MON"", ""text"": ""3,28 млн грн"", ""start"": 38, ""end"": 50}]"
6656744f882d778e659aacc95ddeaaccd03f0ac53d371a34ab49b7b993764061,Суд ці вимоги повністю задовольнив.,[],"[{""label"": ""ORG"", ""text"": ""Суд"", ""start"": 0, ""end"": 3}]"
e1de6ef936c75cf4292961b82dc26bedd3a99586ca67ab57562eb76d72e34f4c,"Засновниками « Сервіс-Технобуд » є « Турунда Інвестментс Менеджмент » ( Кіпр ), ТОВ «Будінвест-Проект» , ТОВ «Спецресурс-Інвест» і ТОВ «КУА «ЮДП Ессет Менеджмент» .","[{""label"": ""ORG"", ""text"": ""Сервіс-Технобуд""}, {""label"": ""ORG"", ""text"": ""Турунда Інвестментс Менеджмент""}, {""label"": ""LOC"", ""text"": ""Кіпр""}, {""label"": ""ORG"", ""text"": ""ТОВ «Будінвест-Проект»""}, {""label"": ""ORG"", ""text"": ""ТОВ «Спецресурс-Інвест»""}, {""label"": ""ORG"", ""text"": ""ТОВ «КУА «ЮДП Ессет Менеджмент»""}]","[{""label"": ""ORG"", ""text"": ""Сервіс-Технобуд"", ""start"": 15, ""end"": 30}, {""label"": ""ORG"", ""text"": ""Турунда Інвестментс Менеджмент"", ""start"": 37, ""end"": 67}, {""label"": ""LOC"", ""text"": ""Кіпр"", ""start"": 72, ""end"": 76}, {""label"": ""ORG"", ""text"": ""ТОВ «Будінвест-Проект»"", ""start"": 80, ""end"": 102}, {""label"": ""ORG"", ""text"": ""ТОВ «Спецресурс-Інвест»"", ""start"": 105, ""end"": 128}, {""label"": ""ORG"", ""text"": ""ТОВ «КУА «ЮДП Ессет Менеджмент»"", ""start"": 131, ""end"": 162}]"
198b20e769eb11b02bb5ee789b707232104a3b01f24d9fedccaab6fefd68663f,Кінцевими бенефіціарами « Будінвест-Проект » і « Спецресурс-Інвест » у реєстрі значаться Андрій Іванов та екс-нардеп від Партії регіонів Василь Хмельницький .,"[{""label"": ""ORG"", ""text"": ""Будінвест-Проект""}, {""label"": ""ORG"", ""text"": ""Спецресурс-Інвест""}, {""label"": ""PERS"", ""text"": ""Андрій Іванов""}, {""label"": ""JOB"", ""text"": ""екс-нардеп""}, {""label"": ""ORG"", ""text"": ""Партії регіонів""}, {""label"": ""PERS"", ""text"": ""Василь Хмельницький""}]","[{""label"": ""ORG"", ""text"": ""Будінвест-Проект"", ""start"": 26, ""end"": 42}, {""label"": ""ORG"", ""text"": ""Спецресурс-Інвест"", ""start"": 49, ""end"": 66}, {""label"": ""PERS"", ""text"": ""Андрій Іванов"", ""start"": 89, ""end"": 102}, {""label"": ""PERS"", ""text"": ""Василь Хмельницький"", ""start"": 137, ""end"": 156}]"
2c0010e41c1326893b427ee01ede667c5707edc40320dc85e874e4528d7cd5f1,« ЮДП Ессет Менеджмент » також входить у групу UDP Хмельницького .,"[{""label"": ""ORG"", ""text"": ""ЮДП Ессет Менеджмент""}, {""label"": ""ORG"", ""text"": ""UDP""}, {""label"": ""PERS"", ""text"": ""Хмельницького""}]","[{""label"": ""ORG"", ""text"": ""ЮДП Ессет Менеджмент"", ""start"": 2, ""end"": 22}]"
66fd7d28cb77e0f98b3b19c5b1172dd0a7a96d4fe60438cb998ae237c78950e3,"Опосередкованим співвласником « ЮДП Ессет Менеджмент » є Валерій Кодецький , відомий як колишній парламентський помічник Хмельницького Адміністративна колегія АМКУ 14 березня зобов'язала внести зміни у тендерну документацію Служби автомобільних доріг в Одеській області щодо замовлення робіт з поточного середнього ремонту дороги державного значення М-15 Одеса- Рені (на м. Бухарест ), зокрема, щодо необхідності для учасників мати у власності, оренді чи лізингу асфальтобетонний завод на відстані не більше 150 км від місця виконання робіт.","[{""label"": ""ORG"", ""text"": ""ЮДП Ессет Менеджмент""}, {""label"": ""PERS"", ""text"": ""Валерій Кодецький""}, {""label"": ""JOB"", ""text"": ""парламентський помічник""}, {""label"": ""PERS"", ""text"": ""Хмельницького""}, {""label"": ""ORG"", ""text"": ""Адміністративна колегія АМКУ""}, {""label"": ""DATE"", ""text"": ""14 березня""}, {""label"": ""ORG"", ""text"": ""Служби автомобільних доріг в Одеській області""}, {""label"": ""LOC"", ""text"": ""М-15""}, {""label"": ""LOC"", ""text"": ""Одеса- Рені""}, {""label"": ""LOC"", ""text"": ""Бухарест""}, {""label"": ""QUANT"", ""text"": ""150 км""}]","[{""label"": ""ORG"", ""text"": ""ЮДП Ессет Менеджмент"", ""start"": 32, ""end"": 52}, {""label"": ""PERS"", ""text"": ""Валерій Кодецький"", ""start"": 57, ""end"": 74}, {""label"": ""JOB"", ""text"": ""колишній парламентський помічник"", ""start"": 88, ""end"": 120}, {""label"": ""ORG"", ""text"": ""Адміністративна колегія АМКУ"", ""start"": 135, ""end"": 163}, {""label"": ""DATE"", ""text"": ""14 березня"", ""start"": 164, ""end"": 174}, {""label"": ""ORG"", ""text"": ""Служби автомобільних доріг в Одеській області"", ""start"": 224, ""end"": 269}]"
ea1e1c031fe9060dd6d08514ecacfdc551a8a5296c8dd7c6add27f898192de7f,"Про це повідомила державна уповноважена АМКУ Світлана Панаіотіді . Служба автодоріг оголосила 17 тендерів загальною очікуваною вартістю 1,5 млрд гривень .","[{""label"": ""JOB"", ""text"": ""державна уповноважена""}, {""label"": ""ORG"", ""text"": ""АМКУ""}, {""label"": ""PERS"", ""text"": ""Світлана Панаіотіді""}, {""label"": ""ORG"", ""text"": ""Служба автодоріг""}, {""label"": ""MON"", ""text"": ""1,5 млрд гривень""}]","[{""label"": ""ORG"", ""text"": ""АМКУ"", ""start"": 40, ""end"": 44}, {""label"": ""PERS"", ""text"": ""Світлана Панаіотіді"", ""start"": 45, ""end"": 64}, {""label"": ""ORG"", ""text"": ""Служба автодоріг"", ""start"": 67, ""end"": 83}, {""label"": ""QUANT"", ""text"": ""17"", ""start"": 94, ""end"": 96}, {""label"": ""MON"", ""text"": ""1,5 млрд гривень"", ""start"": 136, ""end"": 152}]"
983003157a6e05b6be020f12a3b6b28c37aa249c2a7c18662459efebe83114ef,"Скаржником виступило ПП «Полтавабудцентр» , яке подало 17 скарг на всі процедури. Колегія АМКУ підтримала дискримінаційність вимоги щодо необхідної умови для учасників тендерів мати у власності, оренді чи лізингу асфальтобетонний завод на відстані не більше 150 км від місця виконання робіт.","[{""label"": ""ORG"", ""text"": ""ПП «Полтавабудцентр»""}, {""label"": ""ORG"", ""text"": ""Колегія АМКУ""}, {""label"": ""QUANT"", ""text"": ""150 км""}]","[{""label"": ""ORG"", ""text"": ""ПП «Полтавабудцентр»"", ""start"": 21, ""end"": 41}, {""label"": ""QUANT"", ""text"": ""17"", ""start"": 55, ""end"": 57}, {""label"": ""ORG"", ""text"": ""Колегія АМКУ"", ""start"": 82, ""end"": 94}, {""label"": ""LOC"", ""text"": ""місця виконання робіт"", ""start"": 269, ""end"": 290}]"
fee1fd57e58fc52ccccd52931338f2577efe3f0d86cd6503d45996c65f692176,Також вимоги щодо розташування асфальтного заводу неподалік від місця робіт виявились у тендерній документації САД в низці інших регіонів України .,"[{""label"": ""ORG"", ""text"": ""САД""}, {""label"": ""LOC"", ""text"": ""України""}]","[{""label"": ""ORG"", ""text"": ""асфальтного заводу"", ""start"": 31, ""end"": 49}, {""label"": ""LOC"", ""text"": ""місця робіт"", ""start"": 64, ""end"": 75}, {""label"": ""ORG"", ""text"": ""САД"", ""start"": 111, ""end"": 114}, {""label"": ""LOC"", ""text"": ""низці інших регіонів України"", ""start"": 117, ""end"": 145}]"
4cc48556535eb16937c44fedc1529c0f9e580885a63167978bff3bfe18d1182b,"Наприклад, завод у радіусі 150 км відносно місця проведення робіт прописаний у тендерній документації всіх активних закупівель щодо ремонту доріг на тендерах Вінницького САД .","[{""label"": ""QUANT"", ""text"": ""150 км""}, {""label"": ""ORG"", ""text"": ""Вінницького САД""}]","[{""label"": ""ORG"", ""text"": ""завод"", ""start"": 11, ""end"": 16}, {""label"": ""LOC"", ""text"": ""150 км"", ""start"": 27, ""end"": 33}, {""label"": ""DOC"", ""text"": ""тендерній документації"", ""start"": 79, ""end"": 101}, {""label"": ""ORG"", ""text"": ""Вінницького САД"", ""start"": 158, ""end"": 173}]"
3d8962c64336d06bd189563fbbfe36966c892ab32f1f1900748a6d037a5191c7,"Дещо модифіковану вимогу щодо місця розташування заводу висуває САД у Хмельницькій області , у чиїх тендерних документаціях міститься припис, що «відстань перевезення асфальтобетону з місця виробництва на об'єкт виконання робіт / надання послуг по предмету закупівлі не може перевищувати відстані протяжність якої забезпечує перевезення та зберігання суміші на протязі не більше двох годин »","[{""label"": ""ORG"", ""text"": ""САД у Хмельницькій області""}, {""label"": ""PERIOD"", ""text"": ""двох годин""}]","[{""label"": ""ORG"", ""text"": ""заводу"", ""start"": 49, ""end"": 55}, {""label"": ""ART"", ""text"": ""САД"", ""start"": 64, ""end"": 67}, {""label"": ""LOC"", ""text"": ""Хмельницькій області"", ""start"": 70, ""end"": 90}, {""label"": ""DOC"", ""text"": ""тендерних документаціях"", ""start"": 100, ""end"": 123}, {""label"": ""ART"", ""text"": ""асфальтобетону"", ""start"": 167, ""end"": 181}, {""label"": ""LOC"", ""text"": ""місця виробництва"", ""start"": 184, ""end"": 201}, {""label"": ""PERIOD"", ""text"": ""двох годин"", ""start"": 379, ""end"": 389}]"
c3dd874cade6932047790d03b14b7dca679214309fd425fe681cec3415e5fa9a,Цю ж вимогу з використанням часових обмежень в частині транспортування асфальтобетонної суміші подає САД у Закарпатській області – у їхньому варіанті йдеться про три години .,"[{""label"": ""ORG"", ""text"": ""САД у Закарпатській області""}, {""label"": ""PERIOD"", ""text"": ""три години""}]","[{""label"": ""ORG"", ""text"": ""САД"", ""start"": 101, ""end"": 104}, {""label"": ""LOC"", ""text"": ""Закарпатській області"", ""start"": 107, ""end"": 128}, {""label"": ""PERIOD"", ""text"": ""три години"", ""start"": 162, ""end"": 172}]"
88fb52ef98dd42b34d0bd3d5a9b36a95e68f1207fe04e2ca84c4ecee1c344878,Така вимога щодо розміщення асфальтного заводу поруч місцем ремонту раніше не була популярною серед САДів по Україні .,"[{""label"": ""ORG"", ""text"": ""САДів""}, {""label"": ""LOC"", ""text"": ""Україні""}]","[{""label"": ""ORG"", ""text"": ""асфальтного заводу"", ""start"": 28, ""end"": 46}, {""label"": ""LOC"", ""text"": ""місцем ремонту"", ""start"": 53, ""end"": 67}]"
fb3831420c05baba1b8a1040390adec1ab24d144d267ac2df2fa1a4c6724700d,"Традиційно дорожники прописували необхідність надання підрядниками підтвердження щодо наявності або залучення асфальтобетонного заводу взагалі на будь якій відстані, найчастіше йдеться про довідку в довільній формі. Антимонопольний комітет оштрафував ПМВКП «Ассоль» на 10 тис грн. за антиконкурентні дії на тендері Департаменту житлово-комунального господарства та будівництва Хмельницької ОДА щодо придбання очисної машини влітку 2013 р .","[{""label"": ""JOB"", ""text"": ""дорожники""}, {""label"": ""ORG"", ""text"": ""Антимонопольний комітет""}, {""label"": ""ORG"", ""text"": ""ПМВКП «Ассоль»""}, {""label"": ""MON"", ""text"": ""10 тис грн.""}, {""label"": ""ORG"", ""text"": ""Департаменту житлово-комунального господарства та будівництва Хмельницької ОДА""}, {""label"": ""DATE"", ""text"": ""влітку 2013 р""}]","[{""label"": ""DOC"", ""text"": ""довідку в довільній формі"", ""start"": 189, ""end"": 214}, {""label"": ""ORG"", ""text"": ""Антимонопольний комітет"", ""start"": 216, ""end"": 239}, {""label"": ""ORG"", ""text"": ""ПМВКП «Ассоль»"", ""start"": 251, ""end"": 265}, {""label"": ""MON"", ""text"": ""10 тис грн."", ""start"": 269, ""end"": 280}, {""label"": ""ORG"", ""text"": ""Департаменту житлово-комунального господарства та будівництва Хмельницької ОДА"", ""start"": 315, ""end"": 393}, {""label"": ""ART"", ""text"": ""очисної машини"", ""start"": 409, ""end"": 423}, {""label"": ""PERIOD"", ""text"": ""2013 р ."", ""start"": 431, ""end"": 439}]"
b98bcc01ed647a56d895b4083c66ebb9d45c46728ce049ea09b97265776ff34d,Про це повідомляється на сайті Хмельницького відділення АМКУ .,"[{""label"": ""ORG"", ""text"": ""Хмельницького відділення АМКУ""}]","[{""label"": ""ORG"", ""text"": ""Хмельницького відділення АМКУ"", ""start"": 31, ""end"": 60}]"
7280252e4bb0661027d08db1edd4fe493cad24f5569e6d29f665a7dc12ae242f,"У серпні 2013 року із запорізькою фірмою « Ассоль » уклали угоду на придбання очисної машини за 1,69 млн грн .","[{""label"": ""DATE"", ""text"": ""серпні 2013 року""}, {""label"": ""ORG"", ""text"": ""Ассоль""}, {""label"": ""MON"", ""text"": ""1,69 млн грн""}]","[{""label"": ""DATE"", ""text"": ""серпні 2013 року"", ""start"": 2, ""end"": 18}, {""label"": ""ORG"", ""text"": ""Ассоль"", ""start"": 43, ""end"": 49}, {""label"": ""ART"", ""text"": ""очисної машини"", ""start"": 78, ""end"": 92}, {""label"": ""MON"", ""text"": ""1,69 млн грн"", ""start"": 96, ""end"": 108}]"
8a43032799d46b464548b3d876314242f72df7b1fbf318f3468773b653209ea4,"Єдиним конкурентом на торгах було ТОВ Виробнича компанія «Промтехбуд» , також із Запоріжжя .","[{""label"": ""ORG"", ""text"": ""ТОВ Виробнича компанія «Промтехбуд»""}, {""label"": ""LOC"", ""text"": ""Запоріжжя""}]","[{""label"": ""ORG"", ""text"": ""ТОВ Виробнича компанія «Промтехбуд»"", ""start"": 34, ""end"": 69}, {""label"": ""LOC"", ""text"": ""Запоріжжя"", ""start"": 81, ""end"": 90}]"
b035bf28353090c03a7d549a6815dfb05ceeff86d64f5fcaed0e2621def78d28,"«Власником ВК «Промтехбуд» є Тертиця Анатолій Юрійович , уродженець м. Василівка Запорізької області , в той час як засновником ПМВКП «Ассоль» є Харченко Світлана Юріївна (дівоче прізвище Тертиця ), яка також є уродженкою м. Василівка Запорізької області .","[{""label"": ""ORG"", ""text"": ""ВК «Промтехбуд»""}, {""label"": ""PERS"", ""text"": ""Тертиця Анатолій Юрійович""}, {""label"": ""LOC"", ""text"": ""Василівка""}, {""label"": ""LOC"", ""text"": ""Запорізької області""}, {""label"": ""JOB"", ""text"": ""засновником""}, {""label"": ""ORG"", ""text"": ""ПМВКП «Ассоль»""}, {""label"": ""PERS"", ""text"": ""Харченко Світлана Юріївна""}, {""label"": ""PERS"", ""text"": ""Тертиця""}, {""label"": ""LOC"", ""text"": ""Василівка""}, {""label"": ""LOC"", ""text"": ""Запорізької області""}]","[{""label"": ""ORG"", ""text"": ""ВК «Промтехбуд»"", ""start"": 11, ""end"": 26}, {""label"": ""PERS"", ""text"": ""Тертиця Анатолій Юрійович"", ""start"": 29, ""end"": 54}, {""label"": ""LOC"", ""text"": ""м. Василівка Запорізької області"", ""start"": 68, ""end"": 100}, {""label"": ""ORG"", ""text"": ""ПМВКП «Ассоль»"", ""start"": 128, ""end"": 142}, {""label"": ""PERS"", ""text"": ""Харченко Світлана Юріївна"", ""start"": 145, ""end"": 170}, {""label"": ""LOC"", ""text"": ""м. Василівка Запорізької області"", ""start"": 222, ""end"": 254}]"
5e67154f96eadfdd48c0176e5865195d3a0580b576298f06a65b9af55b015731,"Вказане дає підстави вважати, що власники фірм ймовірно є рідними братом та сестрою», – йдеться у повідомленні АМКУ .","[{""label"": ""ORG"", ""text"": ""АМКУ""}]","[{""label"": ""ORG"", ""text"": ""АМКУ"", ""start"": 111, ""end"": 115}]"
5d7b2fe68e0d796de012e37119b3f843e4a543df3e899c2776b429490a029b05,"Директором фірми « Ассоль » є Павло Харченко , екс-депутат Запорізької облради ( 2006-2010 рр. ) від Прогресивної соціалістичної партії України .","[{""label"": ""ORG"", ""text"": ""Ассоль""}, {""label"": ""PERS"", ""text"": ""Павло Харченко""}, {""label"": ""JOB"", ""text"": ""екс-депутат""}, {""label"": ""ORG"", ""text"": ""Запорізької облради""}, {""label"": ""PERIOD"", ""text"": ""2006-2010 рр.""}, {""label"": ""ORG"", ""text"": ""Прогресивної соціалістичної партії України""}]","[{""label"": ""JOB"", ""text"": ""Директором фірми « Ассоль »"", ""start"": 0, ""end"": 27}, {""label"": ""PERS"", ""text"": ""Павло Харченко"", ""start"": 30, ""end"": 44}, {""label"": ""LOC"", ""text"": ""Запорізької облради"", ""start"": 59, ""end"": 78}, {""label"": ""PERIOD"", ""text"": ""2006-2010 рр."", ""start"": 81, ""end"": 94}, {""label"": ""ORG"", ""text"": ""Прогресивної соціалістичної партії України"", ""start"": 101, ""end"": 143}]"
6d7e1e28e88caccf8c5220345835c8185974e5240b31106ee121a43aa4f8a8e8,"Санкції щодо « Промтехбуд » застосовано не було, оскільки не вдалося з'ясувати її місцезнаходження і вручити вимоги комітету.","[{""label"": ""ORG"", ""text"": ""Промтехбуд""}]","[{""label"": ""ORG"", ""text"": ""Промтехбуд"", ""start"": 15, ""end"": 25}, {""label"": ""LOC"", ""text"": ""місцезнаходження"", ""start"": 82, ""end"": 98}]"
8c43d750f80e9e4aebaecc45daf903a71d04d001cb316104dcf0956bbb5dcea9,"Раніше « Промтехбуд » був зареєстрований у Запоріжжі , але з кінця січня 2014 року став на облік ДПІ в Деснянському районі м. Києва . ДПІ засвідчила, що остання декларація з податку на додану вартість цієї фірми подавалася з нульовими показниками, а декларація з податку на прибуток за 2013 рік подана не була.","[{""label"": ""ORG"", ""text"": ""Промтехбуд""}, {""label"": ""LOC"", ""text"": ""Запоріжжі""}, {""label"": ""DATE"", ""text"": ""кінця січня 2014 року""}, {""label"": ""ORG"", ""text"": ""ДПІ""}, {""label"": ""LOC"", ""text"": ""Деснянському районі""}, {""label"": ""LOC"", ""text"": ""Києва""}, {""label"": ""ORG"", ""text"": ""ДПІ""}, {""label"": ""DATE"", ""text"": ""2013 рік""}]","[{""label"": ""ORG"", ""text"": ""Промтехбуд"", ""start"": 9, ""end"": 19}, {""label"": ""LOC"", ""text"": ""Запоріжжі"", ""start"": 43, ""end"": 52}, {""label"": ""DATE"", ""text"": ""кінця січня 2014 року"", ""start"": 61, ""end"": 82}, {""label"": ""LOC"", ""text"": ""Деснянському районі м. Києва"", ""start"": 103, ""end"": 131}]"
4111e9a4056458a5fce0746cd0cdcaa1bba8898b8789669903311ce394820ba7,"У свою чергу Київське відділення комітету повідомило, що не має інформації щодо фактичного місцезнаходження « Промтехбуду ».","[{""label"": ""ORG"", ""text"": ""Київське відділення комітету""}, {""label"": ""ORG"", ""text"": ""Промтехбуду""}]","[{""label"": ""ORG"", ""text"": ""Київське відділення комітету"", ""start"": 13, ""end"": 41}, {""label"": ""LOC"", ""text"": ""фактичного місцезнаходження"", ""start"": 80, ""end"": 107}, {""label"": ""ORG"", ""text"": ""Промтехбуду"", ""start"": 110, ""end"": 121}]"
6f0e4a2eaac9a891b120af2ca6e1f228b31200d2aeb987da91fda7309a31a5d1,"Разом з тим, за даними держреєстру офіційна адреса реєстрації « Промтехбуду » – м. Київ , вул. Попудренка, 52 .","[{""label"": ""ORG"", ""text"": ""Промтехбуду""}, {""label"": ""LOC"", ""text"": ""Київ""}, {""label"": ""LOC"", ""text"": ""вул. Попудренка, 52""}]","[{""label"": ""ORG"", ""text"": ""Промтехбуду"", ""start"": 64, ""end"": 75}, {""label"": ""LOC"", ""text"": ""м. Київ"", ""start"": 80, ""end"": 87}]"
86cc51e8823a56b8a9f792f28989b3137022e8d9c5e7dfb802256a7f624f64f6,"Також у фірми змінився власник – ним стало ТОВ «Дімго» Ігоря Вальченка і Галини Кутової Головне управління ДСНС України у Донецькій області 22 грудня уклало угоду з ТОВ «ФПГ Металпромресурс» на постачання електроустаткування на 15,00 млн грн .","[{""label"": ""ORG"", ""text"": ""ТОВ «Дімго»""}, {""label"": ""PERS"", ""text"": ""Ігоря Вальченка""}, {""label"": ""PERS"", ""text"": ""Галини Кутової""}, {""label"": ""ORG"", ""text"": ""Головне управління ДСНС України у Донецькій області""}, {""label"": ""DATE"", ""text"": ""22 грудня""}, {""label"": ""ORG"", ""text"": ""ТОВ «ФПГ Металпромресурс»""}, {""label"": ""MON"", ""text"": ""15,00 млн грн""}]","[{""label"": ""ORG"", ""text"": ""ТОВ «Дімго»"", ""start"": 43, ""end"": 54}, {""label"": ""PERS"", ""text"": ""Ігоря Вальченка"", ""start"": 55, ""end"": 70}, {""label"": ""PERS"", ""text"": ""Галини Кутової"", ""start"": 73, ""end"": 87}, {""label"": ""ORG"", ""text"": ""Головне управління ДСНС України"", ""start"": 88, ""end"": 119}, {""label"": ""LOC"", ""text"": ""Донецькій області"", ""start"": 122, ""end"": 139}, {""label"": ""DATE"", ""text"": ""22 грудня"", ""start"": 140, ""end"": 149}, {""label"": ""ORG"", ""text"": ""ТОВ «ФПГ Металпромресурс»"", ""start"": 165, ""end"": 190}, {""label"": ""ART"", ""text"": ""електроустаткування"", ""start"": 205, ""end"": 224}, {""label"": ""MON"", ""text"": ""15,00 млн грн"", ""start"": 228, ""end"": 241}]"
f6caf9e1ec4735ee635225bea2855853399e4ff3d345ebd77a4cbc65b790e1d7,Про це повідомляється в « Віснику державних закупівель ».,"[{""label"": ""ART"", ""text"": ""Віснику державних закупівель""}]","[{""label"": ""ORG"", ""text"": ""« Віснику державних закупівель »"", ""start"": 24, ""end"": 56}]"
32395854be9faa55f6d4e33d02b50f0c41af6db8a471e94e35500e405cdd99cf,"Придбано два трансформатори – ТДН-40000 / 110 за 8,40 млн грн. і ТДГ-20000 / 110 за 6,20 млн грн. , та три вакуумні вимикачі з комплектами адаптації ВР 2-10-31,5 / 1000 по 133 тис грн. / шт.","[{""label"": ""ART"", ""text"": ""ТДН-40000 / 110""}, {""label"": ""MON"", ""text"": ""8,40 млн грн.""}, {""label"": ""ART"", ""text"": ""ТДГ-20000 / 110""}, {""label"": ""MON"", ""text"": ""6,20 млн грн.""}, {""label"": ""ART"", ""text"": ""ВР 2-10-31,5 / 1000""}, {""label"": ""MON"", ""text"": ""133 тис грн.""}]","[{""label"": ""ART"", ""text"": ""ТДН-40000 / 110"", ""start"": 30, ""end"": 45}, {""label"": ""MON"", ""text"": ""8,40 млн грн."", ""start"": 49, ""end"": 62}, {""label"": ""ART"", ""text"": ""ТДГ-20000 / 110"", ""start"": 65, ""end"": 80}, {""label"": ""MON"", ""text"": ""6,20 млн грн."", ""start"": 84, ""end"": 97}, {""label"": ""MON"", ""text"": ""133 тис грн."", ""start"": 172, ""end"": 184}]"
76fcff38ac7dc4ee14ad8254afeb56da484fe1450a01de22b99e1208e9b1cd75,Обладнання необхідно для насосної станції першого підйому каналу « Сіверський Донець – Донбас » КП «Компанія «Вода Донбасу» у селі Семенівка поряд зі Слов'янськом .,"[{""label"": ""LOC"", ""text"": ""Сіверський Донець – Донбас""}, {""label"": ""ORG"", ""text"": ""КП «Компанія «Вода Донбасу»""}, {""label"": ""LOC"", ""text"": ""Семенівка""}, {""label"": ""LOC"", ""text"": ""Слов'янськом""}]","[{""label"": ""ART"", ""text"": ""Обладнання"", ""start"": 0, ""end"": 10}, {""label"": ""ORG"", ""text"": ""Компанія «Вода Донбасу»"", ""start"": 100, ""end"": 123}, {""label"": ""LOC"", ""text"": ""Семенівка"", ""start"": 131, ""end"": 140}, {""label"": ""LOC"", ""text"": ""Слов'янськом"", ""start"": 150, ""end"": 162}]"
707e7c58eb1293b05352e7a696d720de2701f260d29d2182a3a631fdaf6b81f7,Існуюче обладнання було пошкоджено внаслідок бойових дій на Донбасі .,"[{""label"": ""LOC"", ""text"": ""Донбасі""}]","[{""label"": ""ART"", ""text"": ""Існуюче обладнання"", ""start"": 0, ""end"": 18}, {""label"": ""LOC"", ""text"": ""Донбасі"", ""start"": 60, ""end"": 67}]"
1c29be8f4af712406472549dc4eb42bbc4651f99822cbff70b03662416a16687,"Через що відбувалися відключення систем водопостачання в 71 населеному пункті Донецької області з населенням 921 тис. мешканців та частково обмежувалося водопостачання у 79 населених пунктах з населенням 2,34 млн. мешканців.","[{""label"": ""LOC"", ""text"": ""Донецької області""}]","[{""label"": ""LOC"", ""text"": ""Донецької області"", ""start"": 78, ""end"": 95}, {""label"": ""QUANT"", ""text"": ""921 тис. мешканців"", ""start"": 109, ""end"": 127}, {""label"": ""QUANT"", ""text"": ""2,34 млн. мешканців"", ""start"": 204, ""end"": 223}]"
61ce88042220fd066eb5cfdb25bfea9510960bdc88c4af415abbb025f74f01e1,Торги проведено за переговорною процедурою задля подолання наслідків надзвичайної ситуації техногенного характеру.,[],"[{""label"": ""MISC"", ""text"": ""Торги"", ""start"": 0, ""end"": 5}]"
403f07e77b1b7b95a7001bd3cfa71317a29b9f13095cc0a84db2a368f3ff8ef0,Також Держслужбі з надзвичайних ситуацій законодавством дозволено проводити таку процедуру під час Антитерористичної операції .,"[{""label"": ""ORG"", ""text"": ""Держслужбі з надзвичайних ситуацій""}, {""label"": ""MISC"", ""text"": ""Антитерористичної операції""}]","[{""label"": ""ORG"", ""text"": ""Держслужбі з надзвичайних ситуацій"", ""start"": 6, ""end"": 40}]"
5f20753d5d79324d5cd2cce5932a0f54ede1bf21e9b3584eda05de6c935ad962,"«Проаналізував пропозиції, які надані постачальниками вищезазначеного обладнання, ГУ ДСНС України у Донецькій області визначило, що найбільш економічно вигідною є пропозиція Товариства з обмеженою відповідальністю «ФПГ Металпромресурс» , – йдеться у обґрунтуванні.","[{""label"": ""ORG"", ""text"": ""ГУ ДСНС України у Донецькій області""}, {""label"": ""ORG"", ""text"": ""Товариства з обмеженою відповідальністю «ФПГ Металпромресурс»""}]","[{""label"": ""ORG"", ""text"": ""ГУ ДСНС України"", ""start"": 82, ""end"": 97}, {""label"": ""LOC"", ""text"": ""Донецькій області"", ""start"": 100, ""end"": 117}, {""label"": ""ORG"", ""text"": ""ФПГ Металпромресурс"", ""start"": 215, ""end"": 234}, {""label"": ""DOC"", ""text"": ""обґрунтуванні"", ""start"": 250, ""end"": 263}]"
a595acfdaf20c61b501369dd09c642d724d0e68e7f5bee2e2f100bea145b78b6,"Засновником « ФПГ Металпромресурс » є Тетяна Анастасова , мати макіївського бізнесмена Віктора Анастасова , якого у ЗМІ називають « Стас Макіївський ». Нардеп Олег Ляшко називав його « Стас Губатий », вказуючи на його нібито причетність захоплення ринку брухту у Маріуполі після початку АТО .","[{""label"": ""ORG"", ""text"": ""ФПГ Металпромресурс""}, {""label"": ""PERS"", ""text"": ""Тетяна Анастасова""}, {""label"": ""PERS"", ""text"": ""Віктора Анастасова""}, {""label"": ""PERS"", ""text"": ""Стас Макіївський""}, {""label"": ""JOB"", ""text"": ""Нардеп""}, {""label"": ""PERS"", ""text"": ""Олег Ляшко""}, {""label"": ""PERS"", ""text"": ""Стас Губатий""}, {""label"": ""LOC"", ""text"": ""Маріуполі""}, {""label"": ""MISC"", ""text"": ""АТО""}]","[{""label"": ""ORG"", ""text"": ""ФПГ Металпромресурс"", ""start"": 14, ""end"": 33}, {""label"": ""PERS"", ""text"": ""Тетяна Анастасова"", ""start"": 38, ""end"": 55}, {""label"": ""PERS"", ""text"": ""Віктора Анастасова"", ""start"": 87, ""end"": 105}, {""label"": ""PERS"", ""text"": ""Олег Ляшко"", ""start"": 159, ""end"": 169}, {""label"": ""MISC"", ""text"": ""ринку брухту"", ""start"": 248, ""end"": 260}, {""label"": ""LOC"", ""text"": ""Маріуполі"", ""start"": 263, ""end"": 272}]"
5396f87ea80c12f24eeea21707f6924a2b90120ab81db7ab87e6da0c1c0673c4,"При цьому « ФПГ Металпромресурс » раніше мало реєстрацію у Макіївці , а зараз прописано у Маріуполі .","[{""label"": ""ORG"", ""text"": ""ФПГ Металпромресурс""}, {""label"": ""LOC"", ""text"": ""Макіївці""}, {""label"": ""LOC"", ""text"": ""Маріуполі""}]","[{""label"": ""ORG"", ""text"": ""ФПГ Металпромресурс"", ""start"": 12, ""end"": 31}, {""label"": ""LOC"", ""text"": ""Макіївці"", ""start"": 59, ""end"": 67}, {""label"": ""LOC"", ""text"": ""Маріуполі"", ""start"": 90, ""end"": 99}]"
0703f42f708d9a3fc242626a6c19000287384d0ffca7a1717746ad50b13c18df,"Херсонські ЗМІ повідомляють, що Віктор Анастасов та його мати з часів правління Віктора Януковича утримують контроль над низкою базарів області ( Генічеськ , Цюрюпинськ ), та агропідприємств. Поліція підозрює посадових осіб управління освіти Краматорської міськради у зловживанні службовим становищем, що призвело до завищення тендерної вартості ремонту шкіл на загальну суму 26,84 млн грн .","[{""label"": ""PERS"", ""text"": ""Віктор Анастасов""}, {""label"": ""PERS"", ""text"": ""Віктора Януковича""}, {""label"": ""LOC"", ""text"": ""Генічеськ""}, {""label"": ""LOC"", ""text"": ""Цюрюпинськ""}, {""label"": ""ORG"", ""text"": ""Краматорської міськради""}, {""label"": ""MON"", ""text"": ""26,84 млн грн""}]","[{""label"": ""ORG"", ""text"": ""Херсонські ЗМІ"", ""start"": 0, ""end"": 14}, {""label"": ""PERS"", ""text"": ""Віктор Анастасов"", ""start"": 32, ""end"": 48}, {""label"": ""PERS"", ""text"": ""Віктора Януковича"", ""start"": 80, ""end"": 97}, {""label"": ""LOC"", ""text"": ""Генічеськ , Цюрюпинськ"", ""start"": 146, ""end"": 168}, {""label"": ""ORG"", ""text"": ""управління освіти Краматорської міськради"", ""start"": 224, ""end"": 265}, {""label"": ""MON"", ""text"": ""26,84 млн грн"", ""start"": 376, ""end"": 389}]"
fc0206c5db4fee8f141f581fbc8a1b3070a44d363604ccafb58413e4e3a695b6,"Про це йдеться в ухвалі Краматорського міського суду Донецької області , який дозволив слідчим доступ до тендерної документації освітян .","[{""label"": ""ORG"", ""text"": ""Краматорського міського суду Донецької області""}, {""label"": ""JOB"", ""text"": ""освітян""}]","[{""label"": ""ORG"", ""text"": ""Краматорського міського суду Донецької області"", ""start"": 24, ""end"": 70}, {""label"": ""JOB"", ""text"": ""слідчим"", ""start"": 87, ""end"": 94}, {""label"": ""JOB"", ""text"": ""освітян"", ""start"": 128, ""end"": 135}]"
57ee957432d13b54068109f3d05b378ddc89dbda62c856f30d54f9d324fc5b81,"В жовтні 2015 року за результатами тендерів відділ освіти Краматорської міськради уклав низку угод про реконструкцію та капітальний ремонт міських шкіл на загальну суму 26,84 млн грн .","[{""label"": ""DATE"", ""text"": ""жовтні 2015 року""}, {""label"": ""ORG"", ""text"": ""Краматорської міськради""}, {""label"": ""MON"", ""text"": ""26,84 млн грн""}]","[{""label"": ""DATE"", ""text"": ""жовтні 2015 року"", ""start"": 2, ""end"": 18}, {""label"": ""ORG"", ""text"": ""відділ освіти Краматорської міськради"", ""start"": 44, ""end"": 81}, {""label"": ""MON"", ""text"": ""26,84 млн грн"", ""start"": 169, ""end"": 182}]"
41a65050906c4adb1fddc3495abd8bd16b3e40311f6d92d481efd8a74d7fba6c,"Зокрема, дві угоди загальною вартістю 17,07 млн грн. було укладено з ТОВ ТОВ «Будівельна компанія Крамміськбуд» , з ТОВ «Авескрамстрой» було замовлено роботи на суму 4,75 млн , а ПрАТ «Промстроймонтаж» отримало замовлення на 5,02 млн грн .","[{""label"": ""MON"", ""text"": ""17,07 млн грн.""}, {""label"": ""ORG"", ""text"": ""ТОВ ТОВ «Будівельна компанія Крамміськбуд»""}, {""label"": ""ORG"", ""text"": ""ТОВ «Авескрамстрой»""}, {""label"": ""MON"", ""text"": ""4,75 млн""}, {""label"": ""ORG"", ""text"": ""ПрАТ «Промстроймонтаж»""}, {""label"": ""MON"", ""text"": ""5,02 млн грн""}]","[{""label"": ""MON"", ""text"": ""17,07 млн грн"", ""start"": 38, ""end"": 51}, {""label"": ""ORG"", ""text"": ""ТОВ ТОВ «Будівельна компанія Крамміськбуд»"", ""start"": 69, ""end"": 111}, {""label"": ""ORG"", ""text"": ""ТОВ «Авескрамстрой»"", ""start"": 116, ""end"": 135}, {""label"": ""MON"", ""text"": ""4,75 млн"", ""start"": 166, ""end"": 174}, {""label"": ""ORG"", ""text"": ""ПрАТ «Промстроймонтаж»"", ""start"": 179, ""end"": 201}, {""label"": ""MON"", ""text"": ""5,02 млн грн"", ""start"": 225, ""end"": 237}]"
f04d5ed0bcdf4400bf54173d3be9bc846b51f892ca4bd2dd671d5af0f953655a,"Але після вивчення тендерної документації, кваліфікаційних вимог та інформації в мережі інтернет поліція прийшла до висновку, що ціни в акцептованих пропозиціях були вищими за ринкові.",[],"[{""label"": ""ART"", ""text"": ""тендерної документації"", ""start"": 19, ""end"": 41}, {""label"": ""MISC"", ""text"": ""кваліфікаційних вимог"", ""start"": 43, ""end"": 64}, {""label"": ""ORG"", ""text"": ""поліція"", ""start"": 97, ""end"": 104}, {""label"": ""MON"", ""text"": ""ціни в акцептованих пропозиціях"", ""start"": 129, ""end"": 160}]"
97ecfa39c4664202ed3ed0bea4a47805316beb36897036137206aaba82154d27,"Після цього, в кінці грудня 2015 року , прокуратура відкрила кримінальну справу за зловживання службовим становищем. Засновниками « Будівельної компанії Крамміськбуд » є київське ТОВ «Промаудит» , краматорські ТОВ «Альфамет» і ТОВ «Компанія з управління активами та адміністрування пенсійних фондів Укрмашінвест ».","[{""label"": ""DATE"", ""text"": ""кінці грудня 2015 року""}, {""label"": ""JOB"", ""text"": ""Засновниками""}, {""label"": ""ORG"", ""text"": ""Будівельної компанії Крамміськбуд""}, {""label"": ""ORG"", ""text"": ""ТОВ «Промаудит»""}, {""label"": ""ORG"", ""text"": ""ТОВ «Альфамет»""}, {""label"": ""ORG"", ""text"": ""ТОВ «Компанія з управління активами та адміністрування пенсійних фондів Укрмашінвест""}]","[{""label"": ""DATE"", ""text"": ""кінці грудня 2015 року"", ""start"": 15, ""end"": 37}, {""label"": ""ORG"", ""text"": ""прокуратура"", ""start"": 40, ""end"": 51}, {""label"": ""ORG"", ""text"": ""Будівельної компанії Крамміськбуд"", ""start"": 132, ""end"": 165}, {""label"": ""ORG"", ""text"": ""київське ТОВ «Промаудит»"", ""start"": 170, ""end"": 194}, {""label"": ""ORG"", ""text"": ""ТОВ «Компанія з управління активами та адміністрування пенсійних фондів Укрмашінвест »"", ""start"": 227, ""end"": 313}]"
2a6468625001c2ffb62d7f5ac4313dcbc98e67b4f258c7992d078a2fb7258f44,"Належить фірма Людмилі Ульященко та Олені Близнюк – невістці Анатолія Близнюка , екс-голови Донецької ОДА . Співзасновником раніше був Максим Єфімов , який був гендиректором ПАТ «Енергомашспецсталь» , де членом наглядової ради є Сергій Близнюк – син Анатолія Близнюка .","[{""label"": ""PERS"", ""text"": ""Людмилі Ульященко""}, {""label"": ""PERS"", ""text"": ""Олені Близнюк""}, {""label"": ""PERS"", ""text"": ""Анатолія Близнюка""}, {""label"": ""JOB"", ""text"": ""екс-голови""}, {""label"": ""ORG"", ""text"": ""Донецької ОДА""}, {""label"": ""JOB"", ""text"": ""Співзасновником""}, {""label"": ""PERS"", ""text"": ""Максим Єфімов""}, {""label"": ""JOB"", ""text"": ""гендиректором""}, {""label"": ""ORG"", ""text"": ""ПАТ «Енергомашспецсталь»""}, {""label"": ""PERS"", ""text"": ""Сергій Близнюк""}, {""label"": ""PERS"", ""text"": ""Анатолія Близнюка""}]","[{""label"": ""ORG"", ""text"": ""фірма"", ""start"": 9, ""end"": 14}, {""label"": ""PERS"", ""text"": ""Людмилі Ульященко"", ""start"": 15, ""end"": 32}, {""label"": ""PERS"", ""text"": ""Олені Близнюк"", ""start"": 36, ""end"": 49}, {""label"": ""PERS"", ""text"": ""Анатолія Близнюка"", ""start"": 61, ""end"": 78}, {""label"": ""ORG"", ""text"": ""Донецької ОДА"", ""start"": 92, ""end"": 105}, {""label"": ""PERS"", ""text"": ""Максим Єфімов"", ""start"": 135, ""end"": 148}, {""label"": ""JOB"", ""text"": ""гендиректором"", ""start"": 160, ""end"": 173}, {""label"": ""ORG"", ""text"": ""ПАТ «Енергомашспецсталь»"", ""start"": 174, ""end"": 198}, {""label"": ""PERS"", ""text"": ""Сергій Близнюк"", ""start"": 229, ""end"": 243}, {""label"": ""PERS"", ""text"": ""Анатолія Близнюка"", ""start"": 250, ""end"": 267}]"
410a236b9e1b73c571724d799ced553b84de130f7a35d126a592c35ad6eed093,Нині Єфімов – нардеп у фракції « БПП ».,"[{""label"": ""PERS"", ""text"": ""Єфімов""}, {""label"": ""JOB"", ""text"": ""нардеп""}, {""label"": ""ORG"", ""text"": ""БПП""}]","[{""label"": ""PERS"", ""text"": ""Єфімов"", ""start"": 5, ""end"": 11}, {""label"": ""JOB"", ""text"": ""нардеп"", ""start"": 14, ""end"": 20}, {""label"": ""ORG"", ""text"": ""БПП"", ""start"": 33, ""end"": 36}]"
2400f3eeab725ce3c535b3b1df9f3659396f3d8caa69ca7af0eeab2c6226902b,Фірма « Авескрамстрой » також заснована « Укрмашінвестом » та « Промаудитом » і належить Ульященко та Євгену Жемчугову .,"[{""label"": ""ORG"", ""text"": ""Авескрамстрой""}, {""label"": ""ORG"", ""text"": ""Укрмашінвестом""}, {""label"": ""ORG"", ""text"": ""Промаудитом""}, {""label"": ""PERS"", ""text"": ""Ульященко""}, {""label"": ""PERS"", ""text"": ""Євгену Жемчугову""}]","[{""label"": ""ORG"", ""text"": ""Авескрамстрой"", ""start"": 8, ""end"": 21}, {""label"": ""ORG"", ""text"": ""Укрмашінвестом"", ""start"": 42, ""end"": 56}, {""label"": ""ORG"", ""text"": ""Промаудитом"", ""start"": 64, ""end"": 75}, {""label"": ""PERS"", ""text"": ""Ульященко"", ""start"": 89, ""end"": 98}, {""label"": ""PERS"", ""text"": ""Євгену Жемчугову"", ""start"": 102, ""end"": 118}]"
8b638bd361e25842a9d74de1035d6aec84efb96dc347d39bd23a04a516bf4a81,Основними власниками ПрАТ «Промстроймонтаж» є Костянтин Машненков та Надія Внукова . Машненков відомий як екс-депутат Донецької облради і один із батьків- засновників Партії регіонів у Краматорську .,"[{""label"": ""ORG"", ""text"": ""ПрАТ «Промстроймонтаж»""}, {""label"": ""PERS"", ""text"": ""Костянтин Машненков""}, {""label"": ""PERS"", ""text"": ""Надія Внукова""}, {""label"": ""PERS"", ""text"": ""Машненков""}, {""label"": ""JOB"", ""text"": ""екс-депутат""}, {""label"": ""ORG"", ""text"": ""Донецької облради""}, {""label"": ""JOB"", ""text"": ""засновників""}, {""label"": ""ORG"", ""text"": ""Партії регіонів""}, {""label"": ""LOC"", ""text"": ""Краматорську""}]","[{""label"": ""ORG"", ""text"": ""ПрАТ «Промстроймонтаж»"", ""start"": 21, ""end"": 43}, {""label"": ""PERS"", ""text"": ""Костянтин Машненков"", ""start"": 46, ""end"": 65}, {""label"": ""PERS"", ""text"": ""Надія Внукова"", ""start"": 69, ""end"": 82}, {""label"": ""JOB"", ""text"": ""екс-депутат Донецької облради"", ""start"": 106, ""end"": 135}, {""label"": ""LOC"", ""text"": ""Краматорську"", ""start"": 185, ""end"": 197}]"
55d9ca60ba6151b2fae5df8dba5127e3a64871b3e0577a23c69180d3f964fb93,"У пресі Машненкова свого часу називали квотою екс-генпрокурора Віктора Пшонки на місцевих виборах, а також нібито його кумом. Управління освіти Краматорської міськради Донецької області 5 січня уклало угоду з ТОВ «Краматорський комбінат дитячого харчування» на 8,60 млн грн .","[{""label"": ""PERS"", ""text"": ""Машненкова""}, {""label"": ""JOB"", ""text"": ""екс-генпрокурора""}, {""label"": ""PERS"", ""text"": ""Віктора Пшонки""}, {""label"": ""ORG"", ""text"": ""Управління освіти Краматорської міськради Донецької області""}, {""label"": ""DATE"", ""text"": ""5 січня""}, {""label"": ""ORG"", ""text"": ""ТОВ «Краматорський комбінат дитячого харчування»""}, {""label"": ""MON"", ""text"": ""8,60 млн грн""}]","[{""label"": ""PERS"", ""text"": ""Машненкова"", ""start"": 8, ""end"": 18}, {""label"": ""JOB"", ""text"": ""екс-генпрокурора"", ""start"": 46, ""end"": 62}, {""label"": ""PERS"", ""text"": ""Віктора Пшонки"", ""start"": 63, ""end"": 77}, {""label"": ""DATE"", ""text"": ""5 січня"", ""start"": 186, ""end"": 193}, {""label"": ""ORG"", ""text"": ""ТОВ «Краматорський комбінат дитячого харчування»"", ""start"": 209, ""end"": 257}, {""label"": ""MON"", ""text"": ""8,60 млн грн"", ""start"": 261, ""end"": 273}]"
a214e4e24bd6e2aae3a43180381b115a50a34c4c09990d72b6d5e0f812d2a043,Про це повідомляється у « Віснику державних закупівель ».,"[{""label"": ""ART"", ""text"": ""Віснику державних закупівель""}]","[{""label"": ""ORG"", ""text"": ""« Віснику державних закупівель »"", ""start"": 24, ""end"": 56}]"
17cb6a8afad7d91a004c15d9273a3d93f2bcdee000cdcb9aff544f786e4dc9f3,"Замовлено послуги гарячого харчування (сніданків та обідів) для учнів загальноосвітніх шкіл – 1047000 діто-днів, для шкільних таборів – 6000 діто- днів.",[],"[{""label"": ""ORG"", ""text"": ""загальноосвітніх шкіл"", ""start"": 70, ""end"": 91}, {""label"": ""QUANT"", ""text"": ""1047000 діто-днів"", ""start"": 94, ""end"": 111}, {""label"": ""ORG"", ""text"": ""шкільних таборів"", ""start"": 117, ""end"": 133}, {""label"": ""QUANT"", ""text"": ""6000"", ""start"": 136, ""end"": 140}]"
aad2a87202d90bb258bebd6894b06713f3be7ad8a364b154868132350da6852e,"У середньому вартість харчування складає 8,17 грн за діто-день.","[{""label"": ""MON"", ""text"": ""8,17 грн""}]","[{""label"": ""MON"", ""text"": ""8,17 грн"", ""start"": 41, ""end"": 49}, {""label"": ""PERIOD"", ""text"": ""діто-день"", ""start"": 53, ""end"": 62}]"
a4e4248409fa5598aa17f08d70a0d952223e3f29e66847ee8d9cbe09547beb49,"« Краматорський комбінат дитячого харчування » відомий як переможець тендерів на постачання продуктів і готової їжі щонайменше з 2008 р. , коли почав виходити Вісник державних закупівель . Засновниками комбінату є Алла Кущ і ТОВ «Прайд» , де власниками значаться Юлія Старосвітська , Ганна Алад'єва , Олександр Водолазький і Наталія Бєлкіна . Олександр Водолазький є заступником гендиректора ВАТ КІФ «Північний Донбас» Леоніда Бєлкіна .","[{""label"": ""ORG"", ""text"": ""Краматорський комбінат дитячого харчування""}, {""label"": ""DATE"", ""text"": ""2008 р.""}, {""label"": ""ART"", ""text"": ""Вісник державних закупівель""}, {""label"": ""JOB"", ""text"": ""Засновниками""}, {""label"": ""PERS"", ""text"": ""Алла Кущ""}, {""label"": ""ORG"", ""text"": ""ТОВ «Прайд»""}, {""label"": ""PERS"", ""text"": ""Юлія Старосвітська""}, {""label"": ""PERS"", ""text"": ""Ганна Алад'єва""}, {""label"": ""PERS"", ""text"": ""Олександр Водолазький""}, {""label"": ""PERS"", ""text"": ""Наталія Бєлкіна""}, {""label"": ""PERS"", ""text"": ""Олександр Водолазький""}, {""label"": ""JOB"", ""text"": ""заступником гендиректора""}, {""label"": ""ORG"", ""text"": ""ВАТ КІФ «Північний Донбас»""}, {""label"": ""PERS"", ""text"": ""Леоніда Бєлкіна""}]","[{""label"": ""ORG"", ""text"": ""Краматорський комбінат дитячого харчування"", ""start"": 2, ""end"": 44}, {""label"": ""DATE"", ""text"": ""2008 р."", ""start"": 129, ""end"": 136}, {""label"": ""PERS"", ""text"": ""Алла Кущ"", ""start"": 214, ""end"": 222}, {""label"": ""ORG"", ""text"": ""ТОВ «Прайд»"", ""start"": 225, ""end"": 236}, {""label"": ""PERS"", ""text"": ""Юлія Старосвітська"", ""start"": 263, ""end"": 281}, {""label"": ""PERS"", ""text"": ""Ганна Алад'єва"", ""start"": 284, ""end"": 298}, {""label"": ""PERS"", ""text"": ""Олександр Водолазький"", ""start"": 301, ""end"": 322}, {""label"": ""PERS"", ""text"": ""Наталія Бєлкіна"", ""start"": 325, ""end"": 340}, {""label"": ""PERS"", ""text"": ""Олександр Водолазький"", ""start"": 343, ""end"": 364}, {""label"": ""ORG"", ""text"": ""ВАТ КІФ «Північний Донбас»"", ""start"": 392, ""end"": 418}, {""label"": ""PERS"", ""text"": ""Леоніда Бєлкіна"", ""start"": 419, ""end"": 434}]"
ba4f788151a68c4e761beff700eef20c9e12a45a0e4b40d08a4556df70716f21,"У звіті на сайті Smida сказано, що раніше Водолазький був начальником відділу майна та приватизації Краматорської міськради .","[{""label"": ""MISC"", ""text"": ""Smida""}, {""label"": ""PERS"", ""text"": ""Водолазький""}, {""label"": ""JOB"", ""text"": ""начальником відділу майна та приватизації""}, {""label"": ""ORG"", ""text"": ""Краматорської міськради""}]","[{""label"": ""ORG"", ""text"": ""Smida"", ""start"": 17, ""end"": 22}, {""label"": ""PERS"", ""text"": ""Водолазький"", ""start"": 42, ""end"": 53}, {""label"": ""ORG"", ""text"": ""Краматорської міськради"", ""start"": 100, ""end"": 123}]"
802cb0087ca40937544c302b4594e4a6207d9935918e7a6bbaac76e5e3b6b392,"Також членом наглядової ради ВАТ КІФ «Північний Донбас» значиться Олександр Пригорницький , котрий у 2011-2012 рр. був керівником ТОВ «Вітряний парк Краснодонський» і ТОВ «Вітяний парк Лутугинський» . Співзасновниками цих фірм значаться КУА «Вітряні парки України» і КУА «Укрмашінвест» . Засновником « Укрмашінвесту » є ТОВ «Торговий дім українських машинобудівних заводів» , записане на компанію « Холд Актівіті Груп ЛТД » з Тортоли , компанію « Оттіса Трейдінг » з Белізу і краматорське ТОВ «Альфамет» , співзасновницею якого є Олена Близнюк – родичка екс-міністра ЖКГ , екс-нардепа від ПР Анатолія Близнюка .","[{""label"": ""ORG"", ""text"": ""ВАТ КІФ «Північний Донбас»""}, {""label"": ""PERS"", ""text"": ""Олександр Пригорницький""}, {""label"": ""PERIOD"", ""text"": ""2011-2012 рр.""}, {""label"": ""JOB"", ""text"": ""керівником""}, {""label"": ""ORG"", ""text"": ""ТОВ «Вітряний парк Краснодонський»""}, {""label"": ""ORG"", ""text"": ""ТОВ «Вітяний парк Лутугинський»""}, {""label"": ""JOB"", ""text"": ""Співзасновниками""}, {""label"": ""ORG"", ""text"": ""КУА «Вітряні парки України»""}, {""label"": ""ORG"", ""text"": ""КУА «Укрмашінвест»""}, {""label"": ""JOB"", ""text"": ""Засновником""}, {""label"": ""ORG"", ""text"": ""Укрмашінвесту""}, {""label"": ""ORG"", ""text"": ""ТОВ «Торговий дім українських машинобудівних заводів»""}, {""label"": ""ORG"", ""text"": ""Холд Актівіті Груп ЛТД""}, {""label"": ""LOC"", ""text"": ""Тортоли""}, {""label"": ""ORG"", ""text"": ""Оттіса Трейдінг""}, {""label"": ""LOC"", ""text"": ""Белізу""}, {""label"": ""ORG"", ""text"": ""ТОВ «Альфамет»""}, {""label"": ""JOB"", ""text"": ""співзасновницею""}, {""label"": ""PERS"", ""text"": ""Олена Близнюк""}, {""label"": ""JOB"", ""text"": ""екс-міністра""}, {""label"": ""ORG"", ""text"": ""ЖКГ""}, {""label"": ""JOB"", ""text"": ""екс-нардепа""}, {""label"": ""ORG"", ""text"": ""ПР""}, {""label"": ""PERS"", ""text"": ""Анатолія Близнюка""}]","[{""label"": ""ORG"", ""text"": ""ВАТ КІФ «Північний Донбас»"", ""start"": 29, ""end"": 55}, {""label"": ""PERS"", ""text"": ""Олександр Пригорницький"", ""start"": 66, ""end"": 89}, {""label"": ""PERIOD"", ""text"": ""2011-2012 рр."", ""start"": 101, ""end"": 114}, {""label"": ""ORG"", ""text"": ""ТОВ «Вітряний парк Краснодонський»"", ""start"": 130, ""end"": 164}, {""label"": ""ORG"", ""text"": ""ТОВ «Вітяний парк Лутугинський"", ""start"": 167, ""end"": 197}, {""label"": ""ORG"", ""text"": ""КУА «Вітряні парки України»"", ""start"": 237, ""end"": 264}, {""label"": ""ORG"", ""text"": ""КУА «Укрмашінвест»"", ""start"": 267, ""end"": 285}, {""label"": ""ORG"", ""text"": ""Укрмашінвесту"", ""start"": 302, ""end"": 315}, {""label"": ""ORG"", ""text"": ""ТОВ «Торговий дім українських машинобудівних заводів»"", ""start"": 320, ""end"": 373}, {""label"": ""ORG"", ""text"": ""компанію « Холд Актівіті Груп ЛТД »"", ""start"": 388, ""end"": 423}, {""label"": ""LOC"", ""text"": ""Тортоли"", ""start"": 426, ""end"": 433}, {""label"": ""ORG"", ""text"": ""Оттіса Трейдінг"", ""start"": 447, ""end"": 462}, {""label"": ""LOC"", ""text"": ""Белізу"", ""start"": 467, ""end"": 473}, {""label"": ""ORG"", ""text"": ""ТОВ «Альфамет"", ""start"": 489, ""end"": 502}, {""label"": ""PERS"", ""text"": ""Олена Близнюк"", ""start"": 530, ""end"": 543}, {""label"": ""PERS"", ""text"": ""Анатолія Близнюка"", ""start"": 592, ""end"": 609}]"
f1eddd5b8759cdfaddeae24b5f21291ff8fffa3a787708f620d86c20d35af2ed,"« УК «Вітропарки України » була співзаснована в грудні 2011 р. фірмою « Торговий дім українських машинобудівних заводів », а в квітні 2012 р. переоформлена на кіпрську компанію « ЕйчСі Віндпаркс Юкрейн ». Колишнього слідчого Глибоцького відділення поліції Василя Скіпора визнано винним у зловживанні впливом та засуджено до штрафу у 25,5 тис. грн .","[{""label"": ""ORG"", ""text"": ""УК «Вітропарки України""}, {""label"": ""DATE"", ""text"": ""грудні 2011 р.""}, {""label"": ""ORG"", ""text"": ""Торговий дім українських машинобудівних заводів""}, {""label"": ""DATE"", ""text"": ""квітні 2012 р.""}, {""label"": ""ORG"", ""text"": ""ЕйчСі Віндпаркс Юкрейн""}, {""label"": ""JOB"", ""text"": ""слідчого""}, {""label"": ""ORG"", ""text"": ""Глибоцького відділення поліції""}, {""label"": ""PERS"", ""text"": ""Василя Скіпора""}, {""label"": ""MON"", ""text"": ""25,5 тис. грн""}]","[{""label"": ""ORG"", ""text"": ""УК «Вітропарки України"", ""start"": 2, ""end"": 24}, {""label"": ""DATE"", ""text"": ""грудні 2011 р."", ""start"": 48, ""end"": 62}, {""label"": ""ORG"", ""text"": ""Торговий дім українських машинобудівних заводів"", ""start"": 72, ""end"": 119}, {""label"": ""DATE"", ""text"": ""квітні 2012 р."", ""start"": 127, ""end"": 141}, {""label"": ""ORG"", ""text"": ""ЕйчСі Віндпаркс Юкрейн"", ""start"": 179, ""end"": 201}, {""label"": ""PERS"", ""text"": ""Василя Скіпора"", ""start"": 256, ""end"": 270}, {""label"": ""MON"", ""text"": ""25,5 тис. грн"", ""start"": 333, ""end"": 346}]"
90c18d2cc635ad7d9371c90ebeb17a6e6b544381980c83dcce179faf287454e3,Про це йдеться у вироку Глибоцького райсуду Чернівецької області .,"[{""label"": ""ORG"", ""text"": ""Глибоцького райсуду Чернівецької області""}]","[{""label"": ""ORG"", ""text"": ""Глибоцького райсуду Чернівецької області"", ""start"": 24, ""end"": 64}]"
d5a21c71aea3e334539e1e6d2c35c7a5435ae2dc83790114741cf9b13d2d6eed,"Згідно з матеріалами суду, у травні цього року слідчий Василь Скіпор погодився прийняти від представника підсудних 3 тис. євро за вплив на суддів Глибоцького райсуду щодо призначення трьом обвинуваченим у справі про крадіжку покарання, не пов'язаного з позбавленням волі.","[{""label"": ""DATE"", ""text"": ""травні цього року""}, {""label"": ""JOB"", ""text"": ""слідчий""}, {""label"": ""PERS"", ""text"": ""Василь Скіпор""}, {""label"": ""MON"", ""text"": ""3 тис. євро""}, {""label"": ""JOB"", ""text"": ""суддів""}, {""label"": ""ORG"", ""text"": ""Глибоцького райсуду""}]","[{""label"": ""DATE"", ""text"": ""травні цього року"", ""start"": 29, ""end"": 46}, {""label"": ""JOB"", ""text"": ""слідчий"", ""start"": 47, ""end"": 54}, {""label"": ""PERS"", ""text"": ""Василь Скіпор"", ""start"": 55, ""end"": 68}, {""label"": ""MON"", ""text"": ""3 тис. євро"", ""start"": 115, ""end"": 126}, {""label"": ""ORG"", ""text"": ""Глибоцького райсуду"", ""start"": 146, ""end"": 165}]"
5151ff75a7dd289c8334813b8dda83daf150218051dab643ae4cf2bb4950d4bf,"Крім цього, слідчий обіцяв вирішити з керівництвом Глибоцького відділу поліції питання щодо повернення раніше вилучених в обвинувачених речових доказів – мобільного телефону та автомобіля – до набрання вироком законної сили. 26 травня Скіпор повідомив хабародавцю, що «незважаючи на вжиті ним заходи, покарання у виді штрафу обвинуваченим … призначено не було», вони отримали умовні терміни.","[{""label"": ""JOB"", ""text"": ""слідчий""}, {""label"": ""ORG"", ""text"": ""Глибоцького відділу поліції""}, {""label"": ""DATE"", ""text"": ""26 травня""}, {""label"": ""PERS"", ""text"": ""Скіпор""}]","[{""label"": ""PERS"", ""text"": ""слідчий"", ""start"": 12, ""end"": 19}, {""label"": ""ORG"", ""text"": ""Глибоцького відділу поліції"", ""start"": 51, ""end"": 78}, {""label"": ""ART"", ""text"": ""мобільного телефону"", ""start"": 154, ""end"": 173}, {""label"": ""ART"", ""text"": ""автомобіля"", ""start"": 177, ""end"": 187}, {""label"": ""DATE"", ""text"": ""26 травня"", ""start"": 225, ""end"": 234}, {""label"": ""PERS"", ""text"": ""Скіпор"", ""start"": 235, ""end"": 241}, {""label"": ""PERS"", ""text"": ""хабародавцю"", ""start"": 252, ""end"": 263}, {""label"": ""PERIOD"", ""text"": ""умовні терміни"", ""start"": 376, ""end"": 390}]"
5a016418d3bdc9851c5338c2960da51d3df74bde5c3dfc81be6bbe19c1139909,"При цьому, згідно з матеріалами суду, він запевнив, що «може здійснити вплив … на керівництво Глибоцького ВП Сторожинецького ВП ГУНП в Чернівецькій області щодо повернення раніше вилучених у обвинувачених … мобільного телефону марки « Samsung Galaxi » і автомобіля марки Land Rover … до набрання вироком законної сили, за умови надання йому неправомірної вигоди у розмірі 600 доларів ». 29 травня підполковник поліції був затриманий правоохоронцями після отримання $600 хабара.","[{""label"": ""ORG"", ""text"": ""Глибоцького ВП Сторожинецького ВП ГУНП в Чернівецькій області""}, {""label"": ""ART"", ""text"": ""Samsung Galaxi""}, {""label"": ""ART"", ""text"": ""Land Rover""}, {""label"": ""MON"", ""text"": ""600 доларів""}, {""label"": ""DATE"", ""text"": ""29 травня""}, {""label"": ""JOB"", ""text"": ""підполковник поліції""}, {""label"": ""JOB"", ""text"": ""правоохоронцями""}, {""label"": ""MON"", ""text"": ""$600""}]","[{""label"": ""ORG"", ""text"": ""Глибоцького ВП Сторожинецького ВП ГУНП"", ""start"": 94, ""end"": 132}, {""label"": ""LOC"", ""text"": ""Чернівецькій області"", ""start"": 135, ""end"": 155}, {""label"": ""ART"", ""text"": ""Samsung Galaxi"", ""start"": 235, ""end"": 249}, {""label"": ""ART"", ""text"": ""автомобіля марки Land Rover"", ""start"": 254, ""end"": 281}, {""label"": ""MON"", ""text"": ""600 доларів"", ""start"": 372, ""end"": 383}, {""label"": ""DATE"", ""text"": ""29 травня"", ""start"": 387, ""end"": 396}, {""label"": ""JOB"", ""text"": ""підполковник поліції"", ""start"": 397, ""end"": 417}, {""label"": ""MON"", ""text"": ""$600"", ""start"": 465, ""end"": 469}]"
833dca1c436fe7a3e2c4f8dd0b4eb27b2fd79618881a67b6dba0041924d2231e,"Слідство кваліфікувало його дії як прийняття обіцянки неправомірної вигоди для себе за вплив на прийняття рішення особами, уповноваженими на виконання функцій держави, та одержання неправомірної вигоди для себе за вплив на прийняття рішення особами уповноваженими на виконання функцій держави ( ч. 2 ст. 369-2 ). 26 червня між Скіпором та прокурором була укладена угода про визнання винуватості, відповідно до якої він отримав 25,5 тис грн штрафу.","[{""label"": ""DOC"", ""text"": ""ч. 2 ст. 369-2""}, {""label"": ""DATE"", ""text"": ""26 червня""}, {""label"": ""PERS"", ""text"": ""Скіпором""}, {""label"": ""JOB"", ""text"": ""прокурором""}, {""label"": ""MON"", ""text"": ""25,5 тис грн""}]","[{""label"": ""ORG"", ""text"": ""Слідство"", ""start"": 0, ""end"": 8}, {""label"": ""DATE"", ""text"": ""26 червня"", ""start"": 313, ""end"": 322}, {""label"": ""PERS"", ""text"": ""Скіпором"", ""start"": 327, ""end"": 335}, {""label"": ""PERS"", ""text"": ""прокурором"", ""start"": 339, ""end"": 349}, {""label"": ""MON"", ""text"": ""25,5 тис грн"", ""start"": 427, ""end"": 439}]"
52caf4d7b362424b4100e84dfce2550ff60451f862ef09d9f44e40bb12de58ec,"При визначенні покарання, згідно з текстом вироку, було враховано те, що він «щиро розкаявся у вчиненому правопорушенні, активно сприяв розкриттю злочину, позитивно характеризується, раніше не судимий».",[],"[{""label"": ""PERS"", ""text"": ""він"", ""start"": 73, ""end"": 76}]"
e5fc4bcfe5c41f512992fee0eed125c8cb9d9abee578167104f3d7bd44f5cc7f,"Вирок ще не набув чинності, оскільки не сплив термін апеляційного оскарження. 23 жовтня Служба автомобільних доріг у Кіровоградській області уклала договір з ТОВ «Азвірт» , що діє через « Представництво «Азвірт ММС» , на поточний середній ремонт автодороги М-12 Стрий - Тернопіль - Кропивницький - Знам'янка (через м. Вінницю ) ділянка км 597+330 – км 630+790 вартістю 883,02 млн гривень .","[{""label"": ""DATE"", ""text"": ""23 жовтня""}, {""label"": ""ORG"", ""text"": ""Служба автомобільних доріг у Кіровоградській області""}, {""label"": ""ORG"", ""text"": ""ТОВ «Азвірт»""}, {""label"": ""ORG"", ""text"": ""Представництво «Азвірт ММС»""}, {""label"": ""LOC"", ""text"": ""М-12""}, {""label"": ""LOC"", ""text"": ""Стрий""}, {""label"": ""LOC"", ""text"": ""Тернопіль""}, {""label"": ""LOC"", ""text"": ""Кропивницький""}, {""label"": ""LOC"", ""text"": ""Знам'янка""}, {""label"": ""LOC"", ""text"": ""Вінницю""}, {""label"": ""QUANT"", ""text"": ""км 597+330""}, {""label"": ""QUANT"", ""text"": ""км 630+790""}, {""label"": ""MON"", ""text"": ""883,02 млн гривень""}]","[{""label"": ""DATE"", ""text"": ""23 жовтня"", ""start"": 78, ""end"": 87}, {""label"": ""ORG"", ""text"": ""Служба автомобільних доріг у Кіровоградській області"", ""start"": 88, ""end"": 140}, {""label"": ""ORG"", ""text"": ""ТОВ «Азвірт»"", ""start"": 158, ""end"": 170}, {""label"": ""MON"", ""text"": ""883,02 млн гривень"", ""start"": 369, ""end"": 387}]"
e7a6211118b30dad4cdc7555b66377d287a74ca350b1863cdeb4a0764019d25c,Про це повідомляється у системі « Прозорро ».,"[{""label"": ""ORG"", ""text"": ""Прозорро""}]","[{""label"": ""ORG"", ""text"": ""Прозорро"", ""start"": 34, ""end"": 42}]"
c010f38eb5392ce75b1ee109475b92fbe52bc0238db08e3523de9e63f86c1283,Закінчити роботи за контрактом планується до 24 грудня поточного року .,"[{""label"": ""DATE"", ""text"": ""24 грудня поточного року""}]","[{""label"": ""DATE"", ""text"": ""24 грудня поточного року"", ""start"": 45, ""end"": 69}]"
ded6d26867bee6b79ee97343bc6b814162a77e6d06194284a5f790713bc76d9b,"Окрім « Азвірта » у тендері брали участь ще вісім компаній – консорціум « Блек Сі Консорціум », ТОВ «Ростдорстрой» , ТОВ «ШРБУ-48» , ПП «Автомагістраль» , ТОВ «Енергетично-дорожнє будівництво» , ТОВ «СУНП «Автострада» , ТОВ «Онур Конструкціон Інтернешнл» та ТОВ «Миколаївбудцентр» .","[{""label"": ""ORG"", ""text"": ""Азвірта""}, {""label"": ""ORG"", ""text"": ""Блек Сі Консорціум""}, {""label"": ""ORG"", ""text"": ""ТОВ «Ростдорстрой»""}, {""label"": ""ORG"", ""text"": ""ТОВ «ШРБУ-48»""}, {""label"": ""ORG"", ""text"": ""ПП «Автомагістраль»""}, {""label"": ""ORG"", ""text"": ""ТОВ «Енергетично-дорожнє будівництво»""}, {""label"": ""ORG"", ""text"": ""ТОВ «СУНП «Автострада»""}, {""label"": ""ORG"", ""text"": ""ТОВ «Онур Конструкціон Інтернешнл»""}, {""label"": ""ORG"", ""text"": ""ТОВ «Миколаївбудцентр»""}]","[{""label"": ""ORG"", ""text"": ""консорціум « Блек Сі Консорціум »"", ""start"": 61, ""end"": 94}, {""label"": ""ORG"", ""text"": ""ТОВ «Ростдорстрой"", ""start"": 96, ""end"": 113}, {""label"": ""ORG"", ""text"": ""ТОВ «ШРБУ-48"", ""start"": 117, ""end"": 129}, {""label"": ""ORG"", ""text"": ""ПП «Автомагістраль"", ""start"": 133, ""end"": 151}, {""label"": ""ORG"", ""text"": ""ТОВ «Енергетично-дорожнє будівництво"", ""start"": 155, ""end"": 191}, {""label"": ""ORG"", ""text"": ""ТОВ «СУНП «Автострада"", ""start"": 195, ""end"": 216}, {""label"": ""ORG"", ""text"": ""ТОВ «Онур Конструкціон Інтернешнл"", ""start"": 220, ""end"": 253}, {""label"": ""ORG"", ""text"": ""ТОВ «Миколаївбудцентр"", ""start"": 258, ""end"": 279}]"
481c2742840941e8c3111418f15fb7da3c185a99784da301934431687fb222bf,"Проте замовник допустив до аукціону лише AzVirt та ТОВ «Енергетично-дорожнє будівництво» , інші через недоліки у тендерній документації залишили конкурс. 30 вересня ПП «Автомагістраль» в системі оскаржила свій недопуск, проте загрузила замість скарги банківську гарантію. САД у Кіровоградській області 1 жовтня звернулась до адмінколегії АМКУ з вимогою розблокувати торги, скаргу ПП «Автомагістраль» було вирішено залишити без розгляду.","[{""label"": ""ORG"", ""text"": ""AzVirt""}, {""label"": ""ORG"", ""text"": ""ТОВ «Енергетично-дорожнє будівництво»""}, {""label"": ""DATE"", ""text"": ""30 вересня""}, {""label"": ""ORG"", ""text"": ""ПП «Автомагістраль»""}, {""label"": ""ORG"", ""text"": ""САД у Кіровоградській області""}, {""label"": ""DATE"", ""text"": ""1 жовтня""}, {""label"": ""ORG"", ""text"": ""АМКУ""}, {""label"": ""ORG"", ""text"": ""ПП «Автомагістраль»""}]","[{""label"": ""ORG"", ""text"": ""AzVirt"", ""start"": 41, ""end"": 47}, {""label"": ""ORG"", ""text"": ""ТОВ «Енергетично-дорожнє будівництво»"", ""start"": 51, ""end"": 88}, {""label"": ""MISC"", ""text"": ""тендерній документації"", ""start"": 113, ""end"": 135}, {""label"": ""DATE"", ""text"": ""30 вересня"", ""start"": 154, ""end"": 164}, {""label"": ""ORG"", ""text"": ""ПП «Автомагістраль»"", ""start"": 165, ""end"": 184}, {""label"": ""ORG"", ""text"": ""САД"", ""start"": 272, ""end"": 275}, {""label"": ""LOC"", ""text"": ""Кіровоградській області"", ""start"": 278, ""end"": 301}, {""label"": ""DATE"", ""text"": ""1 жовтня"", ""start"": 302, ""end"": 310}, {""label"": ""ORG"", ""text"": ""ПП «Автомагістраль»"", ""start"": 380, ""end"": 399}]"
aeb4e70cc2d7ee0e3cbb5674bac56b2bad429ab69a118ce346dbc23da59480c2,Інші претенденти обійшлись без скарг.,[],"[{""label"": ""PERS"", ""text"": ""Інші претенденти"", ""start"": 0, ""end"": 16}]"
15c0536d5b55fba4557a54ef5d291967c0ac7bca1502b9c17e82a9146c3fe3ec,"За мінімальною кількістю учасників ціна контракту під час аукціону зменшилась всього на 4% від очікуваної вартості у 917,61 млн гривень .","[{""label"": ""PCT"", ""text"": ""4%""}, {""label"": ""MON"", ""text"": ""917,61 млн гривень""}]","[{""label"": ""QUANT"", ""text"": ""мінімальною кількістю учасників"", ""start"": 3, ""end"": 34}, {""label"": ""PCT"", ""text"": ""4%"", ""start"": 88, ""end"": 90}, {""label"": ""MON"", ""text"": ""917,61 млн гривень"", ""start"": 117, ""end"": 135}]"
9828cde08ce1ca520083a8ffd1774186178fb7e8614c406f01e06f484b913a75,"Сторони не оприлюднювали ціни на будівельні матеріали, що зазвичай складають не менше 80% від загальної вартості контракту.","[{""label"": ""PCT"", ""text"": ""80%""}]","[{""label"": ""ART"", ""text"": ""будівельні матеріали"", ""start"": 33, ""end"": 53}, {""label"": ""PCT"", ""text"": ""80%"", ""start"": 86, ""end"": 89}, {""label"": ""PCT"", ""text"": ""загальної вартості контракту"", ""start"": 94, ""end"": 122}]"
56cb8c35b766430e296e58673a79562cf3f44bf7ecccd67e6423072f4809eeec,"Ціни матеріальних ресурсів не згадуються ні в тендерній пропозиції AzVirt MMC на конкурс, ні в укладеному договорі.","[{""label"": ""ORG"", ""text"": ""AzVirt MMC""}]","[{""label"": ""MON"", ""text"": ""Ціни матеріальних ресурсів"", ""start"": 0, ""end"": 26}, {""label"": ""ORG"", ""text"": ""AzVirt MMC"", ""start"": 67, ""end"": 77}]"
48993d5f594eb16144cca8e64101e13b4d4659478efa3bd86b20612bb6ee0ae7,"З початку року Azvirt MMC виграла 17 тендерів вартістю 6,91млрд гривень .","[{""label"": ""DATE"", ""text"": ""початку року""}, {""label"": ""ORG"", ""text"": ""Azvirt MMC""}, {""label"": ""MON"", ""text"": ""6,91млрд гривень""}]","[{""label"": ""PERIOD"", ""text"": ""початку року"", ""start"": 2, ""end"": 14}, {""label"": ""ORG"", ""text"": ""Azvirt MMC"", ""start"": 15, ""end"": 25}, {""label"": ""QUANT"", ""text"": ""17"", ""start"": 34, ""end"": 36}, {""label"": ""MON"", ""text"": ""6,91млрд гривень"", ""start"": 55, ""end"": 71}]"
92ea078c760857b12069c752be30eb2051c1b5f5c9bf95ebc377ffb9deeee309,"Проте цей підряд у Кіровоградській області у азербайджанців дебютний. Azvirt MMC зараз бере участь ще у двох тендерах місцевої САД очікуваною вартістю у 437,09 млн та 1,06 млрд гривень .","[{""label"": ""LOC"", ""text"": ""Кіровоградській області""}, {""label"": ""ORG"", ""text"": ""Azvirt MMC""}, {""label"": ""ORG"", ""text"": ""САД""}, {""label"": ""MON"", ""text"": ""437,09 млн""}, {""label"": ""MON"", ""text"": ""1,06 млрд гривень""}]","[{""label"": ""LOC"", ""text"": ""Кіровоградській області"", ""start"": 19, ""end"": 42}, {""label"": ""ORG"", ""text"": ""Azvirt MMC"", ""start"": 70, ""end"": 80}, {""label"": ""MON"", ""text"": ""437,09 млн"", ""start"": 153, ""end"": 163}, {""label"": ""MON"", ""text"": ""1,06 млрд гривень"", ""start"": 167, ""end"": 184}]"
2f7b9d78660c4b3c71f3574b797955c7e09644e5de5d774c1f1501c28f38e0d8,"Азербайджанська компанія AzVirt MMC належить Ельнуру та Камілю Алієву Алі Огли , та німцям – Вальтеру Закарісу і Мартіну Манфреду Суд визнав за Іллічівськом міськрадою право власності на реконструйований стадіон загальною площею 6563 кв м , що розташований на вул. Набережна, 2 .","[{""label"": ""ORG"", ""text"": ""AzVirt MMC""}, {""label"": ""PERS"", ""text"": ""Ельнуру та Камілю Алієву Алі Огли""}, {""label"": ""PERS"", ""text"": ""Вальтеру Закарісу""}, {""label"": ""PERS"", ""text"": ""Мартіну Манфреду""}, {""label"": ""ORG"", ""text"": ""Іллічівськом міськрадою""}, {""label"": ""QUANT"", ""text"": ""6563 кв м""}, {""label"": ""LOC"", ""text"": ""вул. Набережна, 2""}]","[{""label"": ""ORG"", ""text"": ""AzVirt MMC"", ""start"": 25, ""end"": 35}, {""label"": ""PERS"", ""text"": ""Ельнуру та Камілю Алієву Алі Огли"", ""start"": 45, ""end"": 78}, {""label"": ""PERS"", ""text"": ""Вальтеру Закарісу"", ""start"": 93, ""end"": 110}, {""label"": ""PERS"", ""text"": ""Мартіну Манфреду"", ""start"": 113, ""end"": 129}, {""label"": ""ORG"", ""text"": ""Іллічівськом міськрадою"", ""start"": 144, ""end"": 167}, {""label"": ""ART"", ""text"": ""реконструйований стадіон"", ""start"": 187, ""end"": 211}, {""label"": ""QUANT"", ""text"": ""6563 кв м"", ""start"": 229, ""end"": 238}]"
1c9b3d6a6fbfb3e65ebd8e18da59f326968c4bdffd8d0b0876469d6c13e765d4,Про це свідчить рішення Господарського суду Одеської області від 11 березня .,"[{""label"": ""ORG"", ""text"": ""Господарського суду Одеської області""}, {""label"": ""DATE"", ""text"": ""11 березня""}]","[{""label"": ""ORG"", ""text"": ""Господарського суду Одеської області"", ""start"": 24, ""end"": 60}, {""label"": ""DATE"", ""text"": ""11 березня"", ""start"": 65, ""end"": 75}]"
49cda2c529ed4f42f1639935369adfd54c7cd0a9926c3334a8ac226c12667d8f,У травні 2006 року Міське управління житлово-комунального господарства Іллічівська передало стадіон в оренду на 10 років громадській організації « Спортивний клуб «Бастіон» .,"[{""label"": ""DATE"", ""text"": ""травні 2006 року""}, {""label"": ""ORG"", ""text"": ""Міське управління житлово-комунального господарства Іллічівська""}, {""label"": ""PERIOD"", ""text"": ""10 років""}, {""label"": ""ORG"", ""text"": ""Спортивний клуб «Бастіон»""}]","[{""label"": ""DATE"", ""text"": ""травні 2006"", ""start"": 2, ""end"": 13}, {""label"": ""ORG"", ""text"": ""Міське управління житлово-комунального господарства Іллічівська"", ""start"": 19, ""end"": 82}, {""label"": ""ART"", ""text"": ""стадіон"", ""start"": 92, ""end"": 99}, {""label"": ""PERIOD"", ""text"": ""10 років"", ""start"": 112, ""end"": 120}, {""label"": ""ORG"", ""text"": ""Спортивний клуб «Бастіон"", ""start"": 147, ""end"": 171}]"
d07c9bccfa72e01f60bc6b654fb11109cfc710eae818b3bbe22851692e85aa22,У травні 2009-го громадська організація отримала дозвіл обласної Інспекції державного архітектурного-будівельного контролю на проведення реконструкції.,"[{""label"": ""DATE"", ""text"": ""травні 2009-го""}, {""label"": ""ORG"", ""text"": ""Інспекції державного архітектурного-будівельного контролю""}]","[{""label"": ""DATE"", ""text"": ""травні 2009-го"", ""start"": 2, ""end"": 16}, {""label"": ""ORG"", ""text"": ""громадська організація"", ""start"": 17, ""end"": 39}, {""label"": ""ORG"", ""text"": ""обласної Інспекції державного архітектурного-будівельного контролю"", ""start"": 56, ""end"": 122}]"
b5f2d8d686397ad01d74831646e986b4a9a14648324fdcc7ac61de54d7f53f25,Роботи були проведені у липні-грудні 2009 року і реконструйований стадіон вже прийнятий в експлуатацію.,"[{""label"": ""PERIOD"", ""text"": ""липні-грудні 2009 року""}]","[{""label"": ""DATE"", ""text"": ""липні-грудні 2009"", ""start"": 24, ""end"": 41}, {""label"": ""LOC"", ""text"": ""стадіон"", ""start"": 66, ""end"": 73}]"
d6cc71ff761dbde948c55fcb2ac2ab046a59fbc36110afb24d05e16ad364b962,"Поки тривали будівельні роботи за протестом прокуратури Інспекція ДАБК у вересні 2009-го скасувала дозвіл на проведення реконструкції, посилаючись на відсутність у громадської організації договору оренди ділянки під будівлями стадіону.","[{""label"": ""ORG"", ""text"": ""Інспекція ДАБК""}, {""label"": ""DATE"", ""text"": ""вересні 2009-го""}]","[{""label"": ""ORG"", ""text"": ""Інспекція ДАБК"", ""start"": 56, ""end"": 70}, {""label"": ""DATE"", ""text"": ""вересні 2009-го"", ""start"": 73, ""end"": 88}, {""label"": ""DOC"", ""text"": ""договору оренди ділянки під будівлями стадіону"", ""start"": 188, ""end"": 234}]"
2f6da18d775ac618bad883b5e314cfc73201fd0a24360fd969020e8d68fe3979,"Спортклуб пішов в суд, який скасував цей наказ Інспекції ДАБК .","[{""label"": ""ORG"", ""text"": ""Інспекції ДАБК""}]","[{""label"": ""ORG"", ""text"": ""Спортклуб"", ""start"": 0, ""end"": 9}, {""label"": ""ORG"", ""text"": ""Інспекції ДАБК"", ""start"": 47, ""end"": 61}]"
afc20ae24e4187b2b868698d5f732302ceb1ee25b9d26d1b337d23384a412773,"У 2010 році до суду звернулися вже Іллічівська міськрада та Інспекція ДАБК , які вимагали визнати право власності міськради на реконструйований стадіон.","[{""label"": ""DATE"", ""text"": ""2010 році""}, {""label"": ""ORG"", ""text"": ""Іллічівська міськрада""}, {""label"": ""ORG"", ""text"": ""Інспекція ДАБК""}]","[{""label"": ""DATE"", ""text"": ""2010 році"", ""start"": 2, ""end"": 11}, {""label"": ""ORG"", ""text"": ""Іллічівська міськрада"", ""start"": 35, ""end"": 56}, {""label"": ""ORG"", ""text"": ""Інспекція ДАБК"", ""start"": 60, ""end"": 74}, {""label"": ""ART"", ""text"": ""реконструйований стадіон"", ""start"": 127, ""end"": 151}]"
ac2fc227b5f02c1fa7a73105714995925939de5be30f07c83f0defe545b179f2,Розгляд справи відкладався аж дотепер.,[],"[{""label"": ""ART"", ""text"": ""Розгляд справи"", ""start"": 0, ""end"": 14}, {""label"": ""PERIOD"", ""text"": ""аж дотепер"", ""start"": 27, ""end"": 37}]"
e1c8a21898595432dca7e388ef33263d4c1071deb9dc19c117c9862e0a9b7cfa,"Суд прийняв їхні доводи про те, що громадська організація почала будівельні роботи ще до отримання дозволу Інспекції ДАБК у травні 2009 року .","[{""label"": ""ORG"", ""text"": ""Інспекції ДАБК""}, {""label"": ""DATE"", ""text"": ""травні 2009 року""}]","[{""label"": ""ORG"", ""text"": ""Суд"", ""start"": 0, ""end"": 3}, {""label"": ""ORG"", ""text"": ""громадська організація"", ""start"": 35, ""end"": 57}, {""label"": ""ORG"", ""text"": ""Інспекції ДАБК"", ""start"": 107, ""end"": 121}, {""label"": ""DATE"", ""text"": ""травні 2009 року"", ""start"": 124, ""end"": 140}]"
0c66ab62b4160d3d88e6dad91a8da5757653f020fdf854dfdb2ffb39e9542d78,"Суд визнав реконструйовані приміщення самочинним будівництвом, а оскільки власником землі, на якій розташований стадіон, є міськрада, то суд визнав за нею право власності на відремонтовані будівлі.",[],"[{""label"": ""ORG"", ""text"": ""Суд"", ""start"": 0, ""end"": 3}, {""label"": ""ART"", ""text"": ""реконструйовані приміщення"", ""start"": 11, ""end"": 37}, {""label"": ""LOC"", ""text"": ""землі, на якій розташований стадіон"", ""start"": 84, ""end"": 119}, {""label"": ""ORG"", ""text"": ""міськрада"", ""start"": 123, ""end"": 132}, {""label"": ""ORG"", ""text"": ""суд"", ""start"": 137, ""end"": 140}, {""label"": ""ART"", ""text"": ""відремонтовані будівлі"", ""start"": 174, ""end"": 196}]"
4fa2aee251ed8cf585ab6db6b23bbc3607936ca327452bd20a26392d24644778,"Компенсації витрачених на реконструкцію коштів громадська організація не отримає, оскільки це не було передбачено договором оренди.",[],"[{""label"": ""ORG"", ""text"": ""громадська організація"", ""start"": 47, ""end"": 69}, {""label"": ""DOC"", ""text"": ""договором оренди"", ""start"": 114, ""end"": 130}]"
b29913f8398e75d9c0e5406a616fcc09457d7b4c98e63be6d40512933e7e196d,"У ході реконструкції одноповерхова будівля площею 64,3 кв м була перероблена на двохповерховий адміністративно-побутовий корпус з підвальним поверхом площею 251,3 кв м , також з'явився спортивний майданчик, оглядовий колодязь, підпірна стіна. Засновниками ГО «Спортивний клуб «Бастіон» є депутати Іллічівськом міськради Сергій Червачов і Володимир Брільов .","[{""label"": ""QUANT"", ""text"": ""64,3 кв м""}, {""label"": ""QUANT"", ""text"": ""251,3 кв м""}, {""label"": ""JOB"", ""text"": ""Засновниками""}, {""label"": ""ORG"", ""text"": ""ГО «Спортивний клуб «Бастіон»""}, {""label"": ""JOB"", ""text"": ""депутати""}, {""label"": ""ORG"", ""text"": ""Іллічівськом міськради""}, {""label"": ""PERS"", ""text"": ""Сергій Червачов""}, {""label"": ""PERS"", ""text"": ""Володимир Брільов""}]","[{""label"": ""ART"", ""text"": ""спортивний майданчик"", ""start"": 185, ""end"": 205}, {""label"": ""ART"", ""text"": ""оглядовий колодязь"", ""start"": 207, ""end"": 225}, {""label"": ""ART"", ""text"": ""підпірна стіна"", ""start"": 227, ""end"": 241}, {""label"": ""ORG"", ""text"": ""ГО «Спортивний клуб «Бастіон»"", ""start"": 256, ""end"": 285}, {""label"": ""LOC"", ""text"": ""Іллічівськом міськради"", ""start"": 297, ""end"": 319}, {""label"": ""PERS"", ""text"": ""Сергій Червачов"", ""start"": 320, ""end"": 335}, {""label"": ""PERS"", ""text"": ""Володимир Брільов"", ""start"": 338, ""end"": 355}]"
0dbad7078bdfdd1a1c0b0f30f818d182e3ddb555c16212ea61d28fff80bfee38,Вони є членами Молодіжної партії України .,"[{""label"": ""ORG"", ""text"": ""Молодіжної партії України""}]","[{""label"": ""PERS"", ""text"": ""Вони"", ""start"": 0, ""end"": 4}, {""label"": ""ORG"", ""text"": ""Молодіжної партії України"", ""start"": 15, ""end"": 40}]"
19bfa4aa28b153a63d7faf77a6a32806e40fd92619c118520d0c4e661c608dac,"У 2012 році ФК «Бастіон» , президентом якого є Червачов , знявся зі змагань. Міністерство економіки 15 лютого погодило Південно-Західній залізниці застосування процедури закупівлі в одного учасника – юридичної фірми Lalive ( Швейцарія ).","[{""label"": ""DATE"", ""text"": ""2012 році""}, {""label"": ""ORG"", ""text"": ""ФК «Бастіон»""}, {""label"": ""JOB"", ""text"": ""президентом""}, {""label"": ""PERS"", ""text"": ""Червачов""}, {""label"": ""ORG"", ""text"": ""Міністерство економіки""}, {""label"": ""DATE"", ""text"": ""15 лютого""}, {""label"": ""ORG"", ""text"": ""Південно-Західній залізниці""}, {""label"": ""ORG"", ""text"": ""Lalive""}, {""label"": ""LOC"", ""text"": ""Швейцарія""}]","[{""label"": ""DATE"", ""text"": ""2012 році"", ""start"": 2, ""end"": 11}, {""label"": ""ORG"", ""text"": ""ФК «Бастіон»"", ""start"": 12, ""end"": 24}, {""label"": ""PERS"", ""text"": ""Червачов"", ""start"": 47, ""end"": 55}, {""label"": ""DATE"", ""text"": ""15 лютого"", ""start"": 100, ""end"": 109}, {""label"": ""ORG"", ""text"": ""Південно-Західній залізниці"", ""start"": 119, ""end"": 146}]"
d33fa6f00774cc3384e95c5b5ba8d30528da84da46b736685ba17e6baa2e1e71,"Сума послуг склала $2,53 млн .","[{""label"": ""MON"", ""text"": ""$2,53 млн""}]","[{""label"": ""MON"", ""text"": ""$2,53 млн"", ""start"": 19, ""end"": 28}]"
f6caf9e1ec4735ee635225bea2855853399e4ff3d345ebd77a4cbc65b790e1d7,Про це повідомляється в « Віснику державних закупівель ».,"[{""label"": ""ART"", ""text"": ""Віснику державних закупівель""}]","[{""label"": ""ORG"", ""text"": ""« Віснику державних закупівель »"", ""start"": 24, ""end"": 56}]"
e7c50dbba9cf99c9cec1611529d489a20a7ad6aa09977c7e7882b57d21f64267,"В обґрунтуванні потреби закупівлі за неконкурентною процедурою « Південно- Західна залізниця » повідомляє, що до Міжнародного арбітражного суду ( Цюріх ) звернулась компанія DOGUS Insaat ve Ticaret AS ( Туреччина ) з метою стягнути заборгованість із залізниці за виконання будівельних робіт.","[{""label"": ""ORG"", ""text"": ""Південно- Західна залізниця""}, {""label"": ""ORG"", ""text"": ""Міжнародного арбітражного суду""}, {""label"": ""LOC"", ""text"": ""Цюріх""}, {""label"": ""ORG"", ""text"": ""DOGUS Insaat ve Ticaret AS""}, {""label"": ""LOC"", ""text"": ""Туреччина""}]","[{""label"": ""ORG"", ""text"": ""Південно- Західна залізниця"", ""start"": 65, ""end"": 92}, {""label"": ""ORG"", ""text"": ""Міжнародного арбітражного суду ( Цюріх )"", ""start"": 113, ""end"": 153}, {""label"": ""ORG"", ""text"": ""DOGUS Insaat ve Ticaret AS"", ""start"": 174, ""end"": 200}]"
f60ca131aa84666f5140aac85df81b9e4cadf030e9378f2ba0b7067bcfd7b61e,"Залізниця стверджує, що, не маючи відповідних фахівців, вона вже не встигла призначити свого арбітра, вплинути на Акт про повноваження арбітрів , а також не сплатила збір за розгляд справи.","[{""label"": ""DOC"", ""text"": ""Акт про повноваження арбітрів""}]","[{""label"": ""ORG"", ""text"": ""Залізниця"", ""start"": 0, ""end"": 9}, {""label"": ""JOB"", ""text"": ""арбітра"", ""start"": 93, ""end"": 100}, {""label"": ""DOC"", ""text"": ""Акт про повноваження арбітрів"", ""start"": 114, ""end"": 143}]"
2f80692d3607f9b3acb04390f6e77a9341b4f01a9a4239ddbf6152901575ab4a,Відтак ПЗЗ просило дозволити терміново «залучити фахівців відповідного рівня».,"[{""label"": ""ORG"", ""text"": ""ПЗЗ""}]","[{""label"": ""ORG"", ""text"": ""ПЗЗ"", ""start"": 7, ""end"": 10}, {""label"": ""JOB"", ""text"": ""фахівців відповідного рівня"", ""start"": 49, ""end"": 76}]"
9f08532036b36f8feb562425a0967bf1fd3943ffe2a3920c6aa39d0fc79c638b,"У документі не пояснюється, чому ПЗЗ обрало саме фірму Lalive , а також, коли розпочався процес у Міжнародному арбітражному суді .","[{""label"": ""ORG"", ""text"": ""ПЗЗ""}, {""label"": ""ORG"", ""text"": ""Lalive""}, {""label"": ""ORG"", ""text"": ""Міжнародному арбітражному суді""}]","[{""label"": ""DOC"", ""text"": ""документі"", ""start"": 2, ""end"": 11}, {""label"": ""PERS"", ""text"": ""ПЗЗ"", ""start"": 33, ""end"": 36}, {""label"": ""ORG"", ""text"": ""Lalive"", ""start"": 55, ""end"": 61}, {""label"": ""ORG"", ""text"": ""Міжнародному арбітражному суді"", ""start"": 98, ""end"": 128}]"
cb37307849b8549f46afe1475e906f1f9b191106b65375e6e499ca35ae358d27,"Разом із тим ПЗЗ акцентує, що юридичний радник турецької фірми – швейцарська фірма Python & Peter – «підключилась до процесу ще влітку ».","[{""label"": ""ORG"", ""text"": ""ПЗЗ""}, {""label"": ""JOB"", ""text"": ""юридичний радник""}, {""label"": ""ORG"", ""text"": ""Python & Peter""}, {""label"": ""DATE"", ""text"": ""влітку""}]","[{""label"": ""ORG"", ""text"": ""ПЗЗ"", ""start"": 13, ""end"": 16}, {""label"": ""JOB"", ""text"": ""юридичний радник"", ""start"": 30, ""end"": 46}, {""label"": ""ORG"", ""text"": ""Python & Peter"", ""start"": 83, ""end"": 97}, {""label"": ""PERIOD"", ""text"": ""влітку"", ""start"": 128, ""end"": 134}]"
5dd93c13aa7dfbaf3d95e9fc247f3b73ee520a97f8321ba9fd43905df2647638,"Нагадаємо, що DOGUS Insaat ve Ticaret був генеральним підрядником залізнично-автомобільного мосту через Дніпро ( міст Кирпи ).","[{""label"": ""ORG"", ""text"": ""DOGUS Insaat ve Ticaret""}, {""label"": ""JOB"", ""text"": ""генеральним підрядником""}, {""label"": ""LOC"", ""text"": ""Дніпро""}, {""label"": ""LOC"", ""text"": ""міст Кирпи""}]","[{""label"": ""ORG"", ""text"": ""DOGUS Insaat ve Ticaret"", ""start"": 14, ""end"": 37}]"
420998e2a9dcfdfabca9703643e0f1fd96db1486b2460482ee495c3b5837ea9b,"У судах України до цього часу триває процес іншого підрядника – « БМК Планети-Міст » – проти ПЗЗ та турецької фірми у справі повернення 42 млн. грн . за будівельні роботи. Сьогодні турецька компанія будує в Борисполі новий термінал. Директор проектно-будівельної фірми « Основа » Юрій Карпенко вважає, що проти турецької фірми варто провести в Україні спеціальне розслідування.","[{""label"": ""LOC"", ""text"": ""України""}, {""label"": ""JOB"", ""text"": ""підрядника""}, {""label"": ""ORG"", ""text"": ""БМК Планети-Міст""}, {""label"": ""ORG"", ""text"": ""ПЗЗ""}, {""label"": ""MON"", ""text"": ""42 млн. грн""}, {""label"": ""DATE"", ""text"": ""Сьогодні""}, {""label"": ""LOC"", ""text"": ""Борисполі""}, {""label"": ""JOB"", ""text"": ""Директор""}, {""label"": ""ORG"", ""text"": ""Основа""}, {""label"": ""PERS"", ""text"": ""Юрій Карпенко""}, {""label"": ""LOC"", ""text"": ""Україні""}]","[{""label"": ""ORG"", ""text"": ""БМК Планети-Міст"", ""start"": 66, ""end"": 82}, {""label"": ""ORG"", ""text"": ""ПЗЗ"", ""start"": 93, ""end"": 96}, {""label"": ""ORG"", ""text"": ""турецької фірми"", ""start"": 100, ""end"": 115}, {""label"": ""MON"", ""text"": ""42 млн. грн ."", ""start"": 136, ""end"": 149}, {""label"": ""LOC"", ""text"": ""Борисполі"", ""start"": 207, ""end"": 216}, {""label"": ""JOB"", ""text"": ""Директор"", ""start"": 233, ""end"": 241}, {""label"": ""ORG"", ""text"": ""Основа"", ""start"": 271, ""end"": 277}, {""label"": ""PERS"", ""text"": ""Юрій Карпенко"", ""start"": 280, ""end"": 293}]"
9e019d1d526c88a5ec08bfcd456ab74b48bfa7b12f73d9d4f307617628134163,"«Я б провів спеціальне розслідування, особливо щодо фірми « Догуш », яка на початку на мосту Кірпи напартачила, сьогодні спотворює термінал у Борисполі , працює повільно й неякісно.","[{""label"": ""ORG"", ""text"": ""Догуш""}, {""label"": ""LOC"", ""text"": ""мосту Кірпи""}, {""label"": ""LOC"", ""text"": ""Борисполі""}]","[{""label"": ""PERS"", ""text"": ""Я"", ""start"": 1, ""end"": 2}, {""label"": ""ORG"", ""text"": ""Догуш"", ""start"": 60, ""end"": 65}, {""label"": ""LOC"", ""text"": ""мосту Кірпи"", ""start"": 87, ""end"": 98}, {""label"": ""LOC"", ""text"": ""термінал у Борисполі"", ""start"": 131, ""end"": 151}]"
9a23c7caef0708504f3e49243ae40644d77f1c39a072ba1a4796254bde9cb055,"Вони навіть не будують, а перепродують будівельні роботи, потім знаходять юридичні зачіпки в контракті та обґрунтовують, чому не виконали свої зобов'язання», – сказав він. Вдячність свідомим громадянам, що досконально вивчають портал держзакупівель і оприлюднюють підозрілу інформацію, висловив віце-прем'єр – міністр фінансів РФ Олексій Кудрін .","[{""label"": ""JOB"", ""text"": ""віце-прем'єр""}, {""label"": ""JOB"", ""text"": ""міністр фінансів""}, {""label"": ""LOC"", ""text"": ""РФ""}, {""label"": ""PERS"", ""text"": ""Олексій Кудрін""}]","[{""label"": ""MISC"", ""text"": ""будівельні роботи"", ""start"": 39, ""end"": 56}, {""label"": ""ORG"", ""text"": ""портал держзакупівель"", ""start"": 227, ""end"": 248}, {""label"": ""JOB"", ""text"": ""віце-прем'єр – міністр фінансів РФ"", ""start"": 295, ""end"": 329}, {""label"": ""PERS"", ""text"": ""Олексій Кудрін"", ""start"": 330, ""end"": 344}]"
1cc53bcddf70a77875c42f31eb6b0bf30000f29157167dfec7648feeeec597f2,"На прес-конференції він признався, що постійно читає рецензії окремих авторів і їх блоги в інтернеті, де відстежується тема корупції при держзакупівлях, повідомляє ІТАР-ТАРС .","[{""label"": ""ORG"", ""text"": ""ІТАР-ТАРС""}]","[{""label"": ""PERS"", ""text"": ""він"", ""start"": 20, ""end"": 23}, {""label"": ""ORG"", ""text"": ""ІТАР-ТАРС"", ""start"": 164, ""end"": 173}]"
6c82141955f899337dd0b0b77e979f823c84a26f58abeb964088e0e643714450,"«Я вдячний громадським організаціям і добровольцям, які проводять таку ревізію.",[],"[{""label"": ""PERS"", ""text"": ""Я"", ""start"": 1, ""end"": 2}, {""label"": ""ORG"", ""text"": ""громадським організаціям"", ""start"": 11, ""end"": 35}]"
6531797dbe5eb32f03c8368886c3b80187bc5173d6f6d05ab86735a46850f67f,"Я постійно їх читаю і знаходжу в них цікаві речі, навіть у себе в міністерстві», – відверто сказав Кудрін .","[{""label"": ""PERS"", ""text"": ""Кудрін""}]","[{""label"": ""PERS"", ""text"": ""Я"", ""start"": 0, ""end"": 1}, {""label"": ""ART"", ""text"": ""цікаві речі"", ""start"": 37, ""end"": 48}, {""label"": ""ORG"", ""text"": ""міністерстві"", ""start"": 66, ""end"": 78}, {""label"": ""PERS"", ""text"": ""Кудрін"", ""start"": 99, ""end"": 105}]"
b640f18b58a826386465e164d047c1cbc35bb173dba6e4cf20ef1057e1d77250,"Він також відмітив, що «підкреслює червоним» такі «цікаві речі» і відправляє їх до відповідних міністерств для того, щоб з ними ознайомилися їх керівники .","[{""label"": ""JOB"", ""text"": ""керівники""}]","[{""label"": ""PERS"", ""text"": ""Він"", ""start"": 0, ""end"": 3}, {""label"": ""MISC"", ""text"": ""цікаві речі"", ""start"": 51, ""end"": 62}, {""label"": ""ORG"", ""text"": ""відповідних міністерств"", ""start"": 83, ""end"": 106}, {""label"": ""JOB"", ""text"": ""керівники"", ""start"": 144, ""end"": 153}]"
3a5cc7734a5b92485d55acb9806af2e9fad6ed17a29f9d74663216b82a6f446c,"«Я обережно відношуся до цифри 1 трильйон рублів (експертна оцінка шкоди від корупції в рік ), не усе це підходить під категорію «розкрадання», – продовжив Кудрін , пояснивши, що значну частину сумнівних закупівель ні юридично, ні фактично не можна визначити як крадійство.","[{""label"": ""MON"", ""text"": ""1 трильйон рублів""}, {""label"": ""PERIOD"", ""text"": ""рік""}, {""label"": ""PERS"", ""text"": ""Кудрін""}]","[{""label"": ""MON"", ""text"": ""1 трильйон рублів"", ""start"": 31, ""end"": 48}, {""label"": ""PERIOD"", ""text"": ""рік"", ""start"": 88, ""end"": 91}, {""label"": ""MISC"", ""text"": ""розкрадання"", ""start"": 130, ""end"": 141}, {""label"": ""PERS"", ""text"": ""Кудрін"", ""start"": 156, ""end"": 162}, {""label"": ""MISC"", ""text"": ""сумнівних закупівель"", ""start"": 194, ""end"": 214}, {""label"": ""MISC"", ""text"": ""крадійство"", ""start"": 262, ""end"": 272}]"
5eaced973e6a5689816f756756fa7b7180ca760dd94b440a90d7feee0d3f96a8,"В Рахунковій палаті зазвичай визначають це як нецільове використання засобів, пояснив глава Мінфіну і привів приклад, коли відомство «призначені для купівлі столу гроші відправляє на ремонт даху».","[{""label"": ""ORG"", ""text"": ""Рахунковій палаті""}, {""label"": ""JOB"", ""text"": ""глава""}, {""label"": ""ORG"", ""text"": ""Мінфіну""}]","[{""label"": ""ORG"", ""text"": ""Рахунковій палаті"", ""start"": 2, ""end"": 19}, {""label"": ""ART"", ""text"": ""нецільове використання засобів"", ""start"": 46, ""end"": 76}, {""label"": ""ORG"", ""text"": ""Мінфіну"", ""start"": 92, ""end"": 99}, {""label"": ""ART"", ""text"": ""столу"", ""start"": 157, ""end"": 162}, {""label"": ""MON"", ""text"": ""гроші"", ""start"": 163, ""end"": 168}, {""label"": ""MISC"", ""text"": ""ремонт даху"", ""start"": 183, ""end"": 194}]"
996cdaec62c6000cf8c84bcef71eff778b69320b76b36f6bef54880353edfa51,"В цілому Кудрін визнав, що потрібні заходи, що підвищують ефективність системи держзакупівель.","[{""label"": ""PERS"", ""text"": ""Кудрін""}]","[{""label"": ""PERS"", ""text"": ""Кудрін"", ""start"": 9, ""end"": 15}, {""label"": ""ORG"", ""text"": ""системи держзакупівель"", ""start"": 71, ""end"": 93}]"
aeca335b2190cd796f9b952de51e193725739c5ea372c8afd1ce2b4085a6ea2a,"Він вважає, що істотний вклад в підвищення прозорості тут вніс новий загальноросійський портал по держзакупівлях, на якому з цього року зобов'язані виставляти свої тендери міністерства і відомства усіх рівнів.","[{""label"": ""DATE"", ""text"": ""цього року""}]","[{""label"": ""PERS"", ""text"": ""Він"", ""start"": 0, ""end"": 3}, {""label"": ""DATE"", ""text"": ""цього року"", ""start"": 125, ""end"": 135}, {""label"": ""ORG"", ""text"": ""міністерства"", ""start"": 172, ""end"": 184}]"
fda696bd1168ebae72aa62bf1eb08e3f9bfb238d97474f05fe5c4f7766618367,"Нагадаємо, відомий російський блоггер Олексій Навальний нещодавно відкрив сайт « РосПил », присвячений корупції в державних закупівлях Росії .","[{""label"": ""JOB"", ""text"": ""блоггер""}, {""label"": ""PERS"", ""text"": ""Олексій Навальний""}, {""label"": ""ORG"", ""text"": ""РосПил""}, {""label"": ""LOC"", ""text"": ""Росії""}]","[{""label"": ""PERS"", ""text"": ""Олексій Навальний"", ""start"": 38, ""end"": 55}, {""label"": ""ORG"", ""text"": ""РосПил"", ""start"": 81, ""end"": 87}]"
8ef838df7f7ea2dd6673810ea135fd7186351e9a26a10c60400cec3f98474825,"В свою чергу, український уряд вніс на розгляд Верховної Ради законопроект №7532 , яким пропонується значно звузити коло інформації про тендери до опублікування.","[{""label"": ""ORG"", ""text"": ""Верховної Ради""}, {""label"": ""DOC"", ""text"": ""законопроект №7532""}]","[{""label"": ""ORG"", ""text"": ""український уряд"", ""start"": 14, ""end"": 30}, {""label"": ""ORG"", ""text"": ""Верховної Ради"", ""start"": 47, ""end"": 61}, {""label"": ""MISC"", ""text"": ""тендери"", ""start"": 136, ""end"": 143}]"
43b69c7c529a80c29d67006db5a24da815e02c5faa4b3ffd7fa8a436e8e95591,"Пропонується не публікувати звіти про торги, що унеможливить вільний пошук інформації про учасників торгів для з'ясування на предмет участі в тендері пов'язаних фірм (наприклад такої інформації).",[],"[{""label"": ""ART"", ""text"": ""звіти про торги"", ""start"": 28, ""end"": 43}, {""label"": ""ORG"", ""text"": ""пов'язаних фірм"", ""start"": 150, ""end"": 165}]"
0759021bf724833c28ef12fde80b37ab27b17808204ddef79e14aaa3f7126d50,Також пропонується вивести з під дії закону закупівлі державних підприємств. Київський апеляційний господарський суд відмовив Київраді в проханні скасувати зобов'язання виконати рішення АМКУ щодо неконкурентної ситуації із вивезенням побутових відходів у столиці.,"[{""label"": ""ORG"", ""text"": ""Київський апеляційний господарський суд""}, {""label"": ""ORG"", ""text"": ""Київраді""}, {""label"": ""ORG"", ""text"": ""АМКУ""}]","[{""label"": ""ORG"", ""text"": ""Київський апеляційний господарський суд"", ""start"": 77, ""end"": 116}, {""label"": ""ORG"", ""text"": ""Київраді"", ""start"": 126, ""end"": 134}, {""label"": ""ORG"", ""text"": ""АМКУ"", ""start"": 186, ""end"": 190}, {""label"": ""MISC"", ""text"": ""побутових відходів"", ""start"": 234, ""end"": 252}, {""label"": ""LOC"", ""text"": ""столиці"", ""start"": 255, ""end"": 262}]"
84755c4fd86078d04b053dabca2d541786274c1ea581bcc44302a498307e3176,Про це йдеться в рішенні Київського апеляційного госпсуду .,"[{""label"": ""ORG"", ""text"": ""Київського апеляційного госпсуду""}]","[{""label"": ""ORG"", ""text"": ""Київського апеляційного госпсуду"", ""start"": 25, ""end"": 57}]"
ca44e2c4260650cb22f176e19e1e4fc0481de892fe90f82b6b97123377454570,У березні 2010 р. Київрада ухвалила рішення «Про визначення виконавця послуг з вивезення побутових відходів» .,"[{""label"": ""DATE"", ""text"": ""березні 2010 р.""}, {""label"": ""ORG"", ""text"": ""Київрада""}, {""label"": ""DOC"", ""text"": ""рішення «Про визначення виконавця послуг з вивезення побутових відходів»""}]","[{""label"": ""DATE"", ""text"": ""березні 2010 р."", ""start"": 2, ""end"": 17}, {""label"": ""ORG"", ""text"": ""Київрада"", ""start"": 18, ""end"": 26}]"
1dd1593720de3372dbfdce22afcd0725425093b86be5d7af81530b85db83c12a,Цим рішенням КМР призначила комунальне підприємство « Київкомунсервіс » виконавцем послуг з вивезення відходів у Києві .,"[{""label"": ""ORG"", ""text"": ""КМР""}, {""label"": ""ORG"", ""text"": ""Київкомунсервіс""}, {""label"": ""LOC"", ""text"": ""Києві""}]","[{""label"": ""ORG"", ""text"": ""Київкомунсервіс"", ""start"": 54, ""end"": 69}, {""label"": ""LOC"", ""text"": ""Києві"", ""start"": 113, ""end"": 118}]"
51179099e6e5f544e0f2fab54acc4e37311fdd8b7d7e870bcbc76d71ed969279,У вересні 2013 р. Адміністративна колегія Київського відділення АМКУ визнала дії Київради порушенням законодавства про захист економічної конкуренції: затвердження одного виконавця призводить до недопущення конкуренції у цій сфері.,"[{""label"": ""DATE"", ""text"": ""вересні 2013 р.""}, {""label"": ""ORG"", ""text"": ""Адміністративна колегія Київського відділення АМКУ""}, {""label"": ""ORG"", ""text"": ""Київради""}]","[{""label"": ""DATE"", ""text"": ""вересні 2013 р."", ""start"": 2, ""end"": 17}, {""label"": ""ORG"", ""text"": ""Адміністративна колегія Київського відділення АМКУ"", ""start"": 18, ""end"": 68}, {""label"": ""ORG"", ""text"": ""Київради"", ""start"": 81, ""end"": 89}, {""label"": ""JOB"", ""text"": ""затвердження одного виконавця"", ""start"": 151, ""end"": 180}]"
bbde9474ae91a6ecbd237557b73e7c5908413239ceed2a4ba0e77de8ce777d6d,Цим же рішенням АМКУ зобов'язав міськраду вказане рішення скасувати й призначити виконавця послуг відповідно до чинного законодавства.,"[{""label"": ""ORG"", ""text"": ""АМКУ""}]","[{""label"": ""ORG"", ""text"": ""АМКУ"", ""start"": 16, ""end"": 20}, {""label"": ""LOC"", ""text"": ""міськраду"", ""start"": 32, ""end"": 41}, {""label"": ""JOB"", ""text"": ""виконавця послуг"", ""start"": 81, ""end"": 97}]"
d326b0c0320762205fc77b3c7cc171e9254c736435fddc26bf78c822225d57d1,"На виконання приписів Антимонопольний комітет дав 4 місяці , однак Київрада цього не зробила до цього часу.","[{""label"": ""ORG"", ""text"": ""Антимонопольний комітет""}, {""label"": ""PERIOD"", ""text"": ""4 місяці""}, {""label"": ""ORG"", ""text"": ""Київрада""}]","[{""label"": ""ORG"", ""text"": ""Антимонопольний комітет"", ""start"": 22, ""end"": 45}, {""label"": ""PERIOD"", ""text"": ""4 місяці"", ""start"": 50, ""end"": 58}, {""label"": ""ORG"", ""text"": ""Київрада"", ""start"": 67, ""end"": 75}]"
6bf49229a5d84032376230120db6b448d34851b9de07718455d4dc46934e6791,Відтак у жовтні 2014 р. Київське міське територіальне відділення АМКУ подало в суд на Київраду – з вимогою зобов'язати КМР припинити порушення законодавства й виконати рішення антимонопольників.,"[{""label"": ""DATE"", ""text"": ""жовтні 2014 р.""}, {""label"": ""ORG"", ""text"": ""Київське міське територіальне відділення АМКУ""}, {""label"": ""ORG"", ""text"": ""Київраду""}, {""label"": ""ORG"", ""text"": ""КМР""}]","[{""label"": ""DATE"", ""text"": ""жовтні 2014 р."", ""start"": 9, ""end"": 23}, {""label"": ""ORG"", ""text"": ""Київське міське територіальне відділення АМКУ"", ""start"": 24, ""end"": 69}, {""label"": ""ORG"", ""text"": ""Київраду"", ""start"": 86, ""end"": 94}, {""label"": ""ORG"", ""text"": ""КМР"", ""start"": 119, ""end"": 122}]"
bd1a4eada7b7811ec2fcac410ec042060dc7cf3186be9fc76a2797b29eb46638,Суд став на бік АМКУ .,"[{""label"": ""ORG"", ""text"": ""АМКУ""}]","[{""label"": ""ORG"", ""text"": ""АМКУ"", ""start"": 16, ""end"": 20}]"
d173ff5700d66db72154eba08c20d22321b3de4c82d30cbbc815e56db3217ba8,Не погоджуючись із таким рішенням Київрада подала на апеляцію.,"[{""label"": ""ORG"", ""text"": ""Київрада""}]","[{""label"": ""ORG"", ""text"": ""Київрада"", ""start"": 34, ""end"": 42}]"
2f431c16dd1845c137c97b32b13736f1c01bb6f97ece471783e1e32656e61d66,"На суді представник Київради заявляв, що остання має намір і добровільно робить усе можливе для виконання рішення АМКУ .","[{""label"": ""ORG"", ""text"": ""Київради""}, {""label"": ""ORG"", ""text"": ""АМКУ""}]","[{""label"": ""ORG"", ""text"": ""Київради"", ""start"": 20, ""end"": 28}, {""label"": ""ORG"", ""text"": ""АМКУ"", ""start"": 114, ""end"": 118}]"
8ff23427bba72752537057849abe70936ffd8852f15d65235830c6a39c33ecea,"Зокрема вже доопрацьовано та повторно скеровано на погодження проект рішення щодо втрати чинності рішення міськради за 2010 р. , завдяки якому « Київкомунсервіс » отримав монополію.","[{""label"": ""DATE"", ""text"": ""2010 р.""}, {""label"": ""ORG"", ""text"": ""Київкомунсервіс""}]","[{""label"": ""MISC"", ""text"": ""проект рішення"", ""start"": 62, ""end"": 76}, {""label"": ""DATE"", ""text"": ""2010 р."", ""start"": 119, ""end"": 126}, {""label"": ""ORG"", ""text"": ""Київкомунсервіс"", ""start"": 145, ""end"": 160}]"
ece221b3529d07665e193dc8b1c6491b3ffa422876eb905c697dbec5879f5c1a,"Однак суд міськраді відмовив зазначивши, що « Київкомунсервіс » був визначений виконавцем послуг без конкурсу, а якщо не було змагання претендентів, зокрема в питанні вартості послуг, то споживачі могли не отримати найбільш якісну послугу по конкурентній ціні.","[{""label"": ""ORG"", ""text"": ""Київкомунсервіс""}]","[{""label"": ""ORG"", ""text"": ""Київкомунсервіс"", ""start"": 46, ""end"": 61}, {""label"": ""JOB"", ""text"": ""виконавцем послуг без конкурсу"", ""start"": 79, ""end"": 109}, {""label"": ""MON"", ""text"": ""вартості послуг"", ""start"": 167, ""end"": 182}, {""label"": ""MON"", ""text"": ""конкурентній ціні"", ""start"": 242, ""end"": 259}]"
f575c71b0311a578fbfe67c1a5ba8b168695dae00bec9fe9865c7db2ebf3078a,"І хоча Київрада стверджує, що має намір виконати рішення АМКУ , «намір добровільного виконання … не свідчить про його реальне виконання в майбутньому та не може бути підставою для скасування судового рішення у даній справі». Суд зобов'язав ТОВ «Ведмідь – М. А.» припинити незаконне будівництво на території військового полігону в Чугуївському районі на Харківщині і за власний рахунок звільнити земельну ділянку від усіх забудов.","[{""label"": ""ORG"", ""text"": ""Київрада""}, {""label"": ""ORG"", ""text"": ""АМКУ""}, {""label"": ""ORG"", ""text"": ""ТОВ «Ведмідь – М. А.»""}, {""label"": ""LOC"", ""text"": ""Чугуївському районі""}, {""label"": ""LOC"", ""text"": ""Харківщині""}]","[{""label"": ""ORG"", ""text"": ""Київрада"", ""start"": 7, ""end"": 15}, {""label"": ""ORG"", ""text"": ""АМКУ"", ""start"": 57, ""end"": 61}, {""label"": ""ORG"", ""text"": ""ТОВ «Ведмідь – М. А."", ""start"": 240, ""end"": 260}, {""label"": ""LOC"", ""text"": ""Чугуївському районі"", ""start"": 330, ""end"": 349}]"
f2b1756609973f57a408f784c65f4bd26c677151e790145e0449f89f22f8d485,Про це свідчить постанова Вищого господарського суду від 28 лютого .,"[{""label"": ""DOC"", ""text"": ""постанова Вищого господарського суду від 28 лютого""}]","[{""label"": ""ORG"", ""text"": ""Вищого господарського суду"", ""start"": 26, ""end"": 52}, {""label"": ""DATE"", ""text"": ""28 лютого"", ""start"": 57, ""end"": 66}]"
d0ea420568d80d80dd3ca67bde8985412ff33c7aa2d301b53616b166546d5526,"На землі військового лісгоспу фірма самовільно зайняла ділянку площею 0,36 га і встигла будувати там два будинки ( 300 та 60 кв м ).","[{""label"": ""QUANT"", ""text"": ""0,36 га""}, {""label"": ""QUANT"", ""text"": ""300""}, {""label"": ""QUANT"", ""text"": ""60 кв м""}]","[{""label"": ""ORG"", ""text"": ""військового лісгоспу"", ""start"": 9, ""end"": 29}, {""label"": ""ORG"", ""text"": ""фірма"", ""start"": 30, ""end"": 35}, {""label"": ""QUANT"", ""text"": ""300"", ""start"": 115, ""end"": 118}, {""label"": ""QUANT"", ""text"": ""60 кв м"", ""start"": 122, ""end"": 129}]"
1047714f1af53bdb8bb40324cb3a6d29b385efdc1d221a08fb6ca6e55929190f,Перевірка спеціалістів Держкомзему та обласного управління лісового виявила порушення ще у 2010 році .,"[{""label"": ""ORG"", ""text"": ""Держкомзему""}, {""label"": ""DATE"", ""text"": ""2010 році""}]","[{""label"": ""ORG"", ""text"": ""Держкомзему"", ""start"": 23, ""end"": 34}, {""label"": ""ORG"", ""text"": ""обласного управління лісового"", ""start"": 38, ""end"": 67}, {""label"": ""DATE"", ""text"": ""2010 році"", ""start"": 91, ""end"": 100}]"
4a465cae018044f3dded0be48b45ddbf279ca5f6832885d792193a954ced49a7,"Однак в суді у 2011 році фірма, посилаючись на технічний висновок ПП «Спецбудпроект-1» , довела, що звела не капітальні будівлі, а «щитові конструкції».","[{""label"": ""DATE"", ""text"": ""2011 році""}, {""label"": ""ORG"", ""text"": ""ПП «Спецбудпроект-1»""}]","[{""label"": ""DATE"", ""text"": ""2011 році"", ""start"": 15, ""end"": 24}, {""label"": ""ORG"", ""text"": ""фірма"", ""start"": 25, ""end"": 30}, {""label"": ""ORG"", ""text"": ""ПП «Спецбудпроект-1»"", ""start"": 66, ""end"": 86}, {""label"": ""ART"", ""text"": ""капітальні будівлі"", ""start"": 109, ""end"": 127}, {""label"": ""ART"", ""text"": ""щитові конструкції"", ""start"": 132, ""end"": 150}]"
44c3308afe004e40f2bc060c17b31bca616c9d50a757a2b4d4c9cec61cc9173e,"Втім, другий позов військового прокурора задовольнили суди усіх інстанцій.","[{""label"": ""JOB"", ""text"": ""військового прокурора""}]","[{""label"": ""PERS"", ""text"": ""військового прокурора"", ""start"": 19, ""end"": 40}, {""label"": ""ORG"", ""text"": ""суди усіх інстанцій"", ""start"": 54, ""end"": 73}]"
5d8b180a1f0e4d857919ffd907de026cda0510f14fa6aae3d6ecffdb7f742c29,"Він довів, що після першого судового розгляду фірма продовжила будівництво на землях Міноборони , які мають спеціальний статус.","[{""label"": ""ORG"", ""text"": ""Міноборони""}]","[{""label"": ""PERS"", ""text"": ""Він"", ""start"": 0, ""end"": 3}, {""label"": ""ORG"", ""text"": ""фірма"", ""start"": 46, ""end"": 51}, {""label"": ""ORG"", ""text"": ""Міноборони"", ""start"": 85, ""end"": 95}, {""label"": ""JOB"", ""text"": ""спеціальний статус"", ""start"": 108, ""end"": 126}]"
ae9442d75865c728cca91188f84f7a68817f589c2405623da8335fb00b0afd0c,І ніяких дозволів на це їй ніхто не давав.,[],"[{""label"": ""PERS"", ""text"": ""ніхто"", ""start"": 27, ""end"": 32}]"
1ccaa1c7e76359f16d42fc413e33a111f5f7b940f3b3d45d809ad96160175394,"У свою чергу « Ведмідь – М. А. » посилався на договір про ведення мисливського господарства із Товариством військових мисливців та рибалок Збройних Сил України , який вони уклали у 2008 році .","[{""label"": ""ORG"", ""text"": ""Ведмідь – М. А.""}, {""label"": ""ORG"", ""text"": ""Товариством військових мисливців та рибалок Збройних Сил України""}, {""label"": ""DATE"", ""text"": ""2008 році""}]","[{""label"": ""PERS"", ""text"": ""Ведмідь – М. А."", ""start"": 15, ""end"": 30}, {""label"": ""ORG"", ""text"": ""Товариством військових мисливців та рибалок Збройних Сил України"", ""start"": 95, ""end"": 159}, {""label"": ""DATE"", ""text"": ""2008 році"", ""start"": 181, ""end"": 190}]"
08d7b238078b2267859dcc17a11142663240c8d97d8e49a5bfab88e206da90dd,"Згідно з ним, фірма отримала право покращувати технічний стан мисливського господарства до 29 вересня 2013 року .","[{""label"": ""DATE"", ""text"": ""29 вересня 2013 року""}]","[{""label"": ""ORG"", ""text"": ""фірма"", ""start"": 14, ""end"": 19}, {""label"": ""DATE"", ""text"": ""29 вересня 2013 року"", ""start"": 91, ""end"": 111}]"
3cde6c4edb7f3ea652eb604636d6e023d9edfd64c95b99f94be4ea721259cc14,"Зазначимо, що це Товариство отримало в користування до 29 вересня 2013 року мисливські угіддя площею 8870 га в межах полігону Харківського інституту танкових військ на території Чугуївського району за рішенням Харківської облради 1998 року . ТОВ «Ведмідь – М. А.» було засноване у 2007 році Михайлом Никитченком .","[{""label"": ""ORG"", ""text"": ""Товариство""}, {""label"": ""DATE"", ""text"": ""29 вересня 2013 року""}, {""label"": ""QUANT"", ""text"": ""8870 га""}, {""label"": ""ORG"", ""text"": ""Харківського інституту танкових військ""}, {""label"": ""LOC"", ""text"": ""Чугуївського району""}, {""label"": ""ORG"", ""text"": ""Харківської облради""}, {""label"": ""DATE"", ""text"": ""1998 року""}, {""label"": ""ORG"", ""text"": ""ТОВ «Ведмідь – М. А.»""}, {""label"": ""DATE"", ""text"": ""2007 році""}, {""label"": ""PERS"", ""text"": ""Михайлом Никитченком""}]","[{""label"": ""DATE"", ""text"": ""29 вересня 2013 року"", ""start"": 55, ""end"": 75}, {""label"": ""QUANT"", ""text"": ""8870 га"", ""start"": 101, ""end"": 108}, {""label"": ""ORG"", ""text"": ""Харківського інституту танкових військ"", ""start"": 126, ""end"": 164}, {""label"": ""LOC"", ""text"": ""Чугуївського району"", ""start"": 178, ""end"": 197}, {""label"": ""ORG"", ""text"": ""ТОВ «Ведмідь – М. А.»"", ""start"": 242, ""end"": 263}, {""label"": ""PERS"", ""text"": ""Михайлом Никитченком"", ""start"": 291, ""end"": 311}]"
c9c41237484e5368e14f93882958e5582553e421259b47d355aef78ca2aaa813,У 2010 році він був обраний (по округу в Чугуєві ) депутатом Харківської облради від Партії регіонів .,"[{""label"": ""DATE"", ""text"": ""2010 році""}, {""label"": ""LOC"", ""text"": ""Чугуєві""}, {""label"": ""JOB"", ""text"": ""депутатом""}, {""label"": ""ORG"", ""text"": ""Харківської облради""}, {""label"": ""ORG"", ""text"": ""Партії регіонів""}]","[{""label"": ""DATE"", ""text"": ""2010 році"", ""start"": 2, ""end"": 11}, {""label"": ""PERS"", ""text"": ""він"", ""start"": 12, ""end"": 15}, {""label"": ""LOC"", ""text"": ""Чугуєві"", ""start"": 41, ""end"": 48}, {""label"": ""JOB"", ""text"": ""депутатом"", ""start"": 51, ""end"": 60}, {""label"": ""ORG"", ""text"": ""Харківської облради"", ""start"": 61, ""end"": 80}, {""label"": ""ORG"", ""text"": ""Партії регіонів"", ""start"": 85, ""end"": 100}]"
35990ccf7daae86b657190e3b9828c08fa569da9389c7a75c8bb7d0f631d1aae,"Крім того, з кінця грудня 2011 року він є першим заступником міського голови Чугуєва .","[{""label"": ""DATE"", ""text"": ""кінця грудня 2011 року""}, {""label"": ""JOB"", ""text"": ""першим заступником міського голови""}, {""label"": ""LOC"", ""text"": ""Чугуєва""}]","[{""label"": ""DATE"", ""text"": ""кінця грудня 2011 року"", ""start"": 13, ""end"": 35}, {""label"": ""LOC"", ""text"": ""Чугуєва"", ""start"": 77, ""end"": 84}]"
7505cb050e70704514dfea43a19500484a01b339cb259047c2aa501ce5e98abd,Після першого судового розгляду справи Никитченко вийшов зі складу власників ТОВ «Ведмідь – М. А.» .,"[{""label"": ""PERS"", ""text"": ""Никитченко""}, {""label"": ""ORG"", ""text"": ""ТОВ «Ведмідь – М. А.»""}]","[{""label"": ""PERS"", ""text"": ""Никитченко"", ""start"": 39, ""end"": 49}, {""label"": ""ORG"", ""text"": ""ТОВ «Ведмідь – М. А.»"", ""start"": 77, ""end"": 98}]"
9d62e84725973e4d3209c3d3f62aa5f8abf5fc7837985d88c2f477448fb1a93f,Його замінив Євгеній Сидоренко Адміністративна колегія тервідділення Антимонопольного комітету у Тернопільській області оштрафувала підприємця підприємцем Віталія Лобка і ТОВ «Сі Ен Сі Компані» за антиконкуренту поведінку на торгах Тернопільської дирекції АТ «Укрпошта» на закупівлю послуг з прибирання.,"[{""label"": ""PERS"", ""text"": ""Євгеній Сидоренко""}, {""label"": ""ORG"", ""text"": ""Антимонопольного комітету у Тернопільській області""}, {""label"": ""JOB"", ""text"": ""підприємця""}, {""label"": ""JOB"", ""text"": ""підприємцем""}, {""label"": ""PERS"", ""text"": ""Віталія Лобка""}, {""label"": ""ORG"", ""text"": ""ТОВ «Сі Ен Сі Компані»""}, {""label"": ""ORG"", ""text"": ""Тернопільської дирекції АТ «Укрпошта»""}]","[{""label"": ""PERS"", ""text"": ""Євгеній Сидоренко"", ""start"": 13, ""end"": 30}, {""label"": ""LOC"", ""text"": ""Тернопільській області"", ""start"": 97, ""end"": 119}, {""label"": ""JOB"", ""text"": ""підприємця"", ""start"": 132, ""end"": 142}, {""label"": ""JOB"", ""text"": ""підприємцем"", ""start"": 143, ""end"": 154}, {""label"": ""PERS"", ""text"": ""Віталія Лобка"", ""start"": 155, ""end"": 168}, {""label"": ""ORG"", ""text"": ""ТОВ «Сі Ен Сі Компані»"", ""start"": 171, ""end"": 193}, {""label"": ""ORG"", ""text"": ""Тернопільської дирекції АТ «Укрпошта»"", ""start"": 232, ""end"": 269}, {""label"": ""MISC"", ""text"": ""послуг з прибирання"", ""start"": 283, ""end"": 302}]"
d68317d9b25ca22b54b2a5ef851485cbe033075aa33cc9f8160d19c270a410a8,"Про це написали « Наші гроші. Львів » з посиланням рішення АМКУ , яке опублікували 22 серпня .","[{""label"": ""ART"", ""text"": ""Наші гроші. Львів""}, {""label"": ""ORG"", ""text"": ""АМКУ""}, {""label"": ""DATE"", ""text"": ""22 серпня""}]","[{""label"": ""ORG"", ""text"": ""Наші гроші. Львів"", ""start"": 18, ""end"": 35}, {""label"": ""ORG"", ""text"": ""АМКУ"", ""start"": 59, ""end"": 63}, {""label"": ""DATE"", ""text"": ""22 серпня"", ""start"": 83, ""end"": 92}]"
6eb97c9d1a736ec4ec19386aa394d64009eea7c24706e2f51d38532add008604,"Як повідомляли « Наші гроші. Львів », ці двоє учасників завантажили свої документи з однаковими назвами файлів із різницею у 20 хвилин , а також користувалися однаковою електронною поштою, телефоном та адресою.","[{""label"": ""ART"", ""text"": ""Наші гроші. Львів""}, {""label"": ""PERIOD"", ""text"": ""20 хвилин""}]","[{""label"": ""ORG"", ""text"": ""Наші гроші. Львів"", ""start"": 17, ""end"": 34}, {""label"": ""PERS"", ""text"": ""двоє учасників"", ""start"": 41, ""end"": 55}, {""label"": ""DOC"", ""text"": ""однаковими назвами файлів"", ""start"": 85, ""end"": 110}, {""label"": ""PERIOD"", ""text"": ""20 хвилин"", ""start"": 125, ""end"": 134}]"
2cbd14033c43e42ed4298285537db9e68f11dde6db7981a880af85dc1718c674,"Крім цього, у пропозиціях обох учасників наявний однаковий дефект друку, що може свідчити про те, що документи готувала одна й та ж особа.",[],"[{""label"": ""ART"", ""text"": ""документи"", ""start"": 101, ""end"": 110}, {""label"": ""PERS"", ""text"": ""одна й та ж особа"", ""start"": 120, ""end"": 137}]"
6d971ed3a1736b405d448a7eb0f0fb0f25a698b8185d2a77b465e51d18314119,Після публікації журналістів експерти « Центру громадського моніторингу та досліджень » скерували звернення до АМКУ .,"[{""label"": ""JOB"", ""text"": ""журналістів""}, {""label"": ""JOB"", ""text"": ""експерти""}, {""label"": ""ORG"", ""text"": ""Центру громадського моніторингу та досліджень""}, {""label"": ""ORG"", ""text"": ""АМКУ""}]","[{""label"": ""PERS"", ""text"": ""експерти"", ""start"": 29, ""end"": 37}, {""label"": ""ORG"", ""text"": ""Центру громадського моніторингу та досліджень"", ""start"": 40, ""end"": 85}, {""label"": ""ORG"", ""text"": ""АМКУ"", ""start"": 111, ""end"": 115}]"
e6cf2f79b82e18330fd06f5f1df5cd2f3b2c27e44a61cdfc3762917c8c536c51,"Під час розслідування АМКУ компанія « Сі Ен Сі компані » повідомила, що на момент підготовки та проведення торгів ресурсами не володіла.","[{""label"": ""ORG"", ""text"": ""АМКУ""}, {""label"": ""ORG"", ""text"": ""Сі Ен Сі компані""}]","[{""label"": ""ORG"", ""text"": ""АМКУ"", ""start"": 22, ""end"": 26}, {""label"": ""ORG"", ""text"": ""Сі Ен Сі компані"", ""start"": 38, ""end"": 54}, {""label"": ""MISC"", ""text"": ""ресурсами"", ""start"": 114, ""end"": 123}]"
e55c495e05c2be55e06590cb4c0ac1e3dce6ae3674782f1afa4a8a3477bff9f1,"А тому використовувала ресурси підприємця Лобко , а саме його функціональний пристрій та ноутбук.","[{""label"": ""JOB"", ""text"": ""підприємця""}, {""label"": ""PERS"", ""text"": ""Лобко""}]","[{""label"": ""PERS"", ""text"": ""Лобко"", ""start"": 42, ""end"": 47}, {""label"": ""ART"", ""text"": ""функціональний пристрій"", ""start"": 62, ""end"": 85}, {""label"": ""ART"", ""text"": ""ноутбук"", ""start"": 89, ""end"": 96}]"
1a977180e174c5c9cb21d2964ba231d3f2f0f3d3e029e79aec12c163f115b7b2,У разі перемоги планувала підписати субпідрядний договір з цим приватним підприємцем .,"[{""label"": ""JOB"", ""text"": ""приватним підприємцем""}]","[{""label"": ""ART"", ""text"": ""субпідрядний договір"", ""start"": 36, ""end"": 56}, {""label"": ""ORG"", ""text"": ""приватним підприємцем"", ""start"": 63, ""end"": 84}]"
b0d81d981f12d914170087939a558f11025bd340db7755fb2afaa7f84c5fa2a6,"В результаті колегія встановила, що учасники-конкуренти узгоджували свою поведінку на торгах, і прийняла рішення оштрафувати змовників.",[],"[{""label"": ""ORG"", ""text"": ""колегія"", ""start"": 13, ""end"": 20}, {""label"": ""PERS"", ""text"": ""учасники-конкуренти"", ""start"": 36, ""end"": 55}, {""label"": ""PERS"", ""text"": ""змовників"", ""start"": 125, ""end"": 134}]"
294b761cc93afd57be5153cef2d43fe3cfe6fc2818de1b493d2d07eff5a2cba6,Вони також не зможуть брати участі в торгах протягом трьох років із дати рішення.,"[{""label"": ""PERIOD"", ""text"": ""трьох років""}]","[{""label"": ""PERS"", ""text"": ""Вони"", ""start"": 0, ""end"": 4}, {""label"": ""ORG"", ""text"": ""торгах"", ""start"": 37, ""end"": 43}, {""label"": ""PERIOD"", ""text"": ""трьох років"", ""start"": 53, ""end"": 64}, {""label"": ""DATE"", ""text"": ""дати рішення"", ""start"": 68, ""end"": 80}]"
5854407447b857418ebd305623af171aad4d1891ae94714986ac7f1cef0109dc,"Попри те, що фірми «розпиляли» 789 тис грн. , АМКУ призначив дуже малий розмір штрафу – 17,8 тис. грн .","[{""label"": ""MON"", ""text"": ""789 тис грн.""}, {""label"": ""ORG"", ""text"": ""АМКУ""}, {""label"": ""MON"", ""text"": ""17,8 тис. грн""}]","[{""label"": ""ORG"", ""text"": ""фірми"", ""start"": 13, ""end"": 18}, {""label"": ""MON"", ""text"": ""789 тис грн."", ""start"": 31, ""end"": 43}, {""label"": ""ORG"", ""text"": ""АМКУ"", ""start"": 46, ""end"": 50}, {""label"": ""MON"", ""text"": ""17,8 тис. грн ."", ""start"": 88, ""end"": 103}]"
eb9bc09c6b6c7f053f6b9ca1758a54db296262fe0144fd33c3edae65b07ef878,"Як виявилось, при визначенні розміру штрафу адміністративна колегія врахувала пом'якшуючі обставини – співпрацю змовників під час розгляду справи та повне визнання вчинення порушення. ТОВ «Сі Ен Сі Компані» зареєстровано у селищі Гостомель на Київщині , а його власниками є Оксана Мень та Дмитро Ревун . Віталій Лобко прописаний у місті Біла Церква 27 вересня тендерний комітет Департаменту освіти та гуманітарної політики Черкаської міської ради повторно дискваліфікував пропозицію учасника закупівлі м'ясних продуктів для дошкільнят Черкас ТОВ «Кап-прод» з пропозицією 8,90 млн грн ., визначивши переможцем ТОВ «Каштан-плюс» , яке запропонувало 10,27 млн грн .","[{""label"": ""ORG"", ""text"": ""ТОВ «Сі Ен Сі Компані»""}, {""label"": ""LOC"", ""text"": ""Гостомель""}, {""label"": ""LOC"", ""text"": ""Київщині""}, {""label"": ""PERS"", ""text"": ""Оксана Мень""}, {""label"": ""PERS"", ""text"": ""Дмитро Ревун""}, {""label"": ""PERS"", ""text"": ""Віталій Лобко""}, {""label"": ""LOC"", ""text"": ""Біла Церква""}, {""label"": ""DATE"", ""text"": ""27 вересня""}, {""label"": ""ORG"", ""text"": ""Департаменту освіти та гуманітарної політики Черкаської міської ради""}, {""label"": ""LOC"", ""text"": ""Черкас""}, {""label"": ""ORG"", ""text"": ""ТОВ «Кап-прод»""}, {""label"": ""MON"", ""text"": ""8,90 млн грн""}, {""label"": ""ORG"", ""text"": ""ТОВ «Каштан-плюс»""}, {""label"": ""MON"", ""text"": ""10,27 млн грн""}]","[{""label"": ""ORG"", ""text"": ""ТОВ «Сі Ен Сі Компані»"", ""start"": 184, ""end"": 206}, {""label"": ""LOC"", ""text"": ""Гостомель"", ""start"": 230, ""end"": 239}, {""label"": ""PERS"", ""text"": ""Оксана Мень"", ""start"": 274, ""end"": 285}, {""label"": ""PERS"", ""text"": ""Дмитро Ревун"", ""start"": 289, ""end"": 301}, {""label"": ""PERS"", ""text"": ""Віталій Лобко"", ""start"": 304, ""end"": 317}, {""label"": ""LOC"", ""text"": ""Біла Церква"", ""start"": 337, ""end"": 348}, {""label"": ""DATE"", ""text"": ""27 вересня"", ""start"": 349, ""end"": 359}, {""label"": ""ORG"", ""text"": ""Департаменту освіти та гуманітарної політики Черкаської міської ради"", ""start"": 378, ""end"": 446}, {""label"": ""MON"", ""text"": ""8,90 млн грн ."", ""start"": 571, ""end"": 585}, {""label"": ""ORG"", ""text"": ""ТОВ «Каштан-плюс»"", ""start"": 609, ""end"": 626}, {""label"": ""MON"", ""text"": ""10,27 млн грн"", ""start"": 647, ""end"": 660}]"
cb360084cdedbc13efd3c1e839247e9e4e331ea847b41cd295a6c0f9d30bc363,Першого разу освітяни відхилили «каппродівців» 17 серпня через нібито невідповідність пропозиції вимогам тендерної документації.,"[{""label"": ""DATE"", ""text"": ""17 серпня""}]","[{""label"": ""ORG"", ""text"": ""освітяни"", ""start"": 13, ""end"": 21}, {""label"": ""JOB"", ""text"": ""каппродівців"", ""start"": 33, ""end"": 45}, {""label"": ""DATE"", ""text"": ""17 серпня"", ""start"": 47, ""end"": 56}, {""label"": ""DOC"", ""text"": ""тендерної документації"", ""start"": 105, ""end"": 127}]"
233368bc61aad39f2dab4e137d2891054109a6f886f1bec869d80fa067f841ba,Таку невідповідність Замовник встановив вже після визначеного Законом етапу прекваліфікації та проведеного аукціону.,[],"[{""label"": ""PERS"", ""text"": ""Замовник"", ""start"": 21, ""end"": 29}]"
bb6d3889ae4b17d6b51330aed1bbea66607a1908a3b13585bb9ef6e78064676f,"Причиною дискваліфікації стали нібито сфальшовані документи про попередній досвід виконання аналогічного договору, що вдалося з'ясувати у рамках досудового слідства, розпочатого за заявою іншого учасника аукціону – ТОВ «Каштан-плюс» .","[{""label"": ""ORG"", ""text"": ""ТОВ «Каштан-плюс»""}]","[{""label"": ""ART"", ""text"": ""сфальшовані документи"", ""start"": 38, ""end"": 59}, {""label"": ""ORG"", ""text"": ""ТОВ «Каштан-плюс»"", ""start"": 215, ""end"": 232}]"
f7797d5d74aba285e0d832f686e6f370cd12c63a3bf0e7540a839920fd838ba7,"Згідно з рішенням адмінколегії АМКУ від 14 вересня , такі дії Замовника були визнанні незаконними, але вже за два тижні черкаські чиновники через ті ж причини повторно дискваліфікували « Кап-прод » та визнали переможцем закупівлі ТОВ «Каштан-плюс» .","[{""label"": ""DOC"", ""text"": ""рішенням адмінколегії АМКУ від 14 вересня""}, {""label"": ""PERIOD"", ""text"": ""два тижні""}, {""label"": ""ORG"", ""text"": ""Кап-прод""}, {""label"": ""ORG"", ""text"": ""ТОВ «Каштан-плюс»""}]","[{""label"": ""ORG"", ""text"": ""АМКУ"", ""start"": 31, ""end"": 35}, {""label"": ""DATE"", ""text"": ""14 вересня"", ""start"": 40, ""end"": 50}, {""label"": ""PERS"", ""text"": ""Замовника"", ""start"": 62, ""end"": 71}, {""label"": ""PERIOD"", ""text"": ""два тижні"", ""start"": 110, ""end"": 119}, {""label"": ""ORG"", ""text"": ""ТОВ «Каштан-плюс»"", ""start"": 230, ""end"": 247}]"
9de7d5833628984fdf4a5dc7423858beefd1f21b16446343b42223c9ce598069,"В своїх запереченнях до скарги освітяни зазначили, що нібито з 10 вересня не матимуть змоги здійснювати належне харчування дошкільнят та просили адмінколегію пришвидшити розгляд питання.","[{""label"": ""DATE"", ""text"": ""10 вересня""}]","[{""label"": ""PERS"", ""text"": ""освітяни"", ""start"": 31, ""end"": 39}, {""label"": ""DATE"", ""text"": ""10 вересня"", ""start"": 63, ""end"": 73}, {""label"": ""ORG"", ""text"": ""адмінколегію"", ""start"": 145, ""end"": 157}]"
fa52cc5480eb42a18cb70e703ab7b90a077fd89468153c42d1a3372c719ba67b,"Наразі постачання м'ясних продуктів здійснюється згідно з минулорічною угодою між Департаментом та ТОВ «Каштан-плюс» , яку спеціально продовжили на термін проведення нової процедури, збільшивши фінансування на додаткові 4 млн грн .","[{""label"": ""DATE"", ""text"": ""минулорічною""}, {""label"": ""ORG"", ""text"": ""Департаментом""}, {""label"": ""ORG"", ""text"": ""ТОВ «Каштан-плюс»""}, {""label"": ""MON"", ""text"": ""4 млн грн""}]","[{""label"": ""MISC"", ""text"": ""м'ясних продуктів"", ""start"": 18, ""end"": 35}, {""label"": ""ORG"", ""text"": ""Департаментом"", ""start"": 82, ""end"": 95}, {""label"": ""ORG"", ""text"": ""ТОВ «Каштан-плюс»"", ""start"": 99, ""end"": 116}, {""label"": ""PERIOD"", ""text"": ""термін проведення нової процедури"", ""start"": 148, ""end"": 181}, {""label"": ""MON"", ""text"": ""4 млн грн"", ""start"": 220, ""end"": 229}]"
afe6709b167d7724da439dba7511e1f5effd57e63c14a6d811c8d52c75a87803,"Згідно з накладними, за 1 кг м'яса зараз освітяни сплачують 130 грн . ТОВ «Каштан плюс» є багаторічним постачальником продуктів для дошкільних закладів та фігурантом ряду кримінальних проваджень, зокрема і стосовно можливого вимиванням бюджетних коштів. ТОВ «Кап-прод» належить Світлані Лебідь . ТОВ «Каштан-Плюс» належить Ганні Олексенко , яка також є директором , Валентині Гладун та Дмитру Олексенку .","[{""label"": ""QUANT"", ""text"": ""1 кг""}, {""label"": ""MON"", ""text"": ""130 грн""}, {""label"": ""ORG"", ""text"": ""ТОВ «Каштан плюс»""}, {""label"": ""ORG"", ""text"": ""ТОВ «Кап-прод»""}, {""label"": ""PERS"", ""text"": ""Світлані Лебідь""}, {""label"": ""ORG"", ""text"": ""ТОВ «Каштан-Плюс»""}, {""label"": ""PERS"", ""text"": ""Ганні Олексенко""}, {""label"": ""JOB"", ""text"": ""директором""}, {""label"": ""PERS"", ""text"": ""Валентині Гладун""}, {""label"": ""PERS"", ""text"": ""Дмитру Олексенку""}]","[{""label"": ""QUANT"", ""text"": ""1 кг м'яса"", ""start"": 24, ""end"": 34}, {""label"": ""MON"", ""text"": ""130 грн"", ""start"": 60, ""end"": 67}, {""label"": ""ORG"", ""text"": ""ТОВ «Каштан плюс"", ""start"": 70, ""end"": 86}, {""label"": ""ORG"", ""text"": ""ТОВ «Кап-прод»"", ""start"": 254, ""end"": 268}, {""label"": ""PERS"", ""text"": ""Світлані Лебідь"", ""start"": 278, ""end"": 293}, {""label"": ""ORG"", ""text"": ""ТОВ «Каштан-Плюс»"", ""start"": 296, ""end"": 313}, {""label"": ""PERS"", ""text"": ""Ганні Олексенко"", ""start"": 323, ""end"": 338}, {""label"": ""JOB"", ""text"": ""директором"", ""start"": 353, ""end"": 363}, {""label"": ""PERS"", ""text"": ""Валентині Гладун"", ""start"": 366, ""end"": 382}, {""label"": ""PERS"", ""text"": ""Дмитру Олексенку"", ""start"": 386, ""end"": 402}]"
c64a27ec5cadcfefad5feb8cd84f8b4f6007c1b56f30dae3bc5c622da5190632,"За даними черкаської поліції, керівництво « Каштан- Плюс » перебуває у дружніх відносинах з депутатом Черкаської міськради від « Батьківщини » Юрієм Тренкіним , родині якого належить ТОВ «Хлібний Дім – Україна» .","[{""label"": ""ORG"", ""text"": ""Каштан- Плюс""}, {""label"": ""JOB"", ""text"": ""депутатом""}, {""label"": ""ORG"", ""text"": ""Черкаської міськради""}, {""label"": ""ORG"", ""text"": ""Батьківщини""}, {""label"": ""PERS"", ""text"": ""Юрієм Тренкіним""}, {""label"": ""ORG"", ""text"": ""ТОВ «Хлібний Дім – Україна»""}]","[{""label"": ""ORG"", ""text"": ""Каштан- Плюс"", ""start"": 44, ""end"": 56}, {""label"": ""LOC"", ""text"": ""Черкаської міськради"", ""start"": 102, ""end"": 122}, {""label"": ""PERS"", ""text"": ""Юрієм Тренкіним"", ""start"": 143, ""end"": 158}, {""label"": ""ORG"", ""text"": ""ТОВ «Хлібний Дім – Україна»"", ""start"": 183, ""end"": 210}]"
6479ccadb7b769f582300b006052259a58d6dee16df2df5c140e53ed0457043f,Остання фірма співпрацює з « Каштан-Плюс ». Прокуратура Києва відкрила кримінальне провадження проти компаній Ріната Ахметова за порушення при реконструкції Центрального універмагу .,"[{""label"": ""ORG"", ""text"": ""Каштан-Плюс""}, {""label"": ""ORG"", ""text"": ""Прокуратура Києва""}, {""label"": ""PERS"", ""text"": ""Ріната Ахметова""}, {""label"": ""ORG"", ""text"": ""Центрального універмагу""}]","[{""label"": ""ORG"", ""text"": ""Остання фірма"", ""start"": 0, ""end"": 13}, {""label"": ""ORG"", ""text"": ""« Каштан-Плюс »"", ""start"": 27, ""end"": 42}, {""label"": ""ORG"", ""text"": ""Прокуратура Києва"", ""start"": 44, ""end"": 61}, {""label"": ""PERS"", ""text"": ""Ріната Ахметова"", ""start"": 110, ""end"": 125}, {""label"": ""LOC"", ""text"": ""Центрального універмагу"", ""start"": 157, ""end"": 180}]"
f1940bfe6431cb2abd83e719ec73860b1018a28cc148790bd0b0ed04d4e7aec5,Про це пише Валерія Самаркіна у « Діловій столиці ».,"[{""label"": ""PERS"", ""text"": ""Валерія Самаркіна""}, {""label"": ""ART"", ""text"": ""Діловій столиці""}]","[{""label"": ""PERS"", ""text"": ""Валерія Самаркіна"", ""start"": 12, ""end"": 29}, {""label"": ""ORG"", ""text"": ""Діловій столиці"", ""start"": 34, ""end"": 49}]"
3e052fcf22cebc26e4d7cbb2856a5f7b4af0465e3a4e337cb20e4971b1851f0b,Провадження розпочато за фактом захоплення земельної ділянки (див. копію відповіді прокуратури).,[],"[{""label"": ""ART"", ""text"": ""Провадження"", ""start"": 0, ""end"": 11}, {""label"": ""ORG"", ""text"": ""прокуратури"", ""start"": 83, ""end"": 94}]"
9bd6f340f9afbafccc406bdbdb4cb0b91155c2efb2585171fc66f2d92adc090d,Щодо решти звинувачень будуть проведені перевірки.,[],[]
2341ab78f8923b4b3d7bc670f55ab384eb715b09dcdf68eebf51650ffd200a6b,"Заяву в прокуратуру подали Віталій Павлик та низка інших депутатів Київської міської ради . Депутати заявили, що забудовник самовільно зайняв земельні ділянки, а також допустив порушення норм будівництва.","[{""label"": ""PERS"", ""text"": ""Віталій Павлик""}, {""label"": ""JOB"", ""text"": ""депутатів""}, {""label"": ""ORG"", ""text"": ""Київської міської ради""}, {""label"": ""JOB"", ""text"": ""Депутати""}, {""label"": ""JOB"", ""text"": ""забудовник""}]","[{""label"": ""ORG"", ""text"": ""прокуратуру"", ""start"": 8, ""end"": 19}, {""label"": ""PERS"", ""text"": ""Віталій Павлик"", ""start"": 27, ""end"": 41}, {""label"": ""JOB"", ""text"": ""депутатів"", ""start"": 57, ""end"": 66}, {""label"": ""ORG"", ""text"": ""Київської міської ради"", ""start"": 67, ""end"": 89}, {""label"": ""JOB"", ""text"": ""забудовник"", ""start"": 113, ""end"": 123}, {""label"": ""MISC"", ""text"": ""земельні ділянки"", ""start"": 142, ""end"": 158}]"
4f909c3be5ef94b2cf69a08eb6b15044934b821d1339289e41d9634ecd5b883b,"Зокрема, у результаті робіт на сусідніх будівлях, у тому числі мерії, з'явилися тріщини. Депутат Київради Віталій Павлик відомий як юрист В'ячеслава Супруненка , екс-зятя колишнього мера Києва , Леоніда Черновецького .","[{""label"": ""JOB"", ""text"": ""Депутат""}, {""label"": ""ORG"", ""text"": ""Київради""}, {""label"": ""PERS"", ""text"": ""Віталій Павлик""}, {""label"": ""JOB"", ""text"": ""юрист""}, {""label"": ""PERS"", ""text"": ""В'ячеслава Супруненка""}, {""label"": ""JOB"", ""text"": ""мера""}, {""label"": ""LOC"", ""text"": ""Києва""}, {""label"": ""PERS"", ""text"": ""Леоніда Черновецького""}]","[{""label"": ""ORG"", ""text"": ""мерії"", ""start"": 63, ""end"": 68}, {""label"": ""ORG"", ""text"": ""Київради"", ""start"": 97, ""end"": 105}, {""label"": ""PERS"", ""text"": ""Віталій Павлик"", ""start"": 106, ""end"": 120}, {""label"": ""JOB"", ""text"": ""юрист"", ""start"": 132, ""end"": 137}, {""label"": ""PERS"", ""text"": ""В'ячеслава Супруненка"", ""start"": 138, ""end"": 159}, {""label"": ""LOC"", ""text"": ""Києва"", ""start"": 187, ""end"": 192}, {""label"": ""PERS"", ""text"": ""Леоніда Черновецького"", ""start"": 195, ""end"": 216}]"
19cd98e64923e45918703c2c1a031c911fd2222653fbd10399aac2496d52498a,Реконструкцією ЦУМу з 2012 року займається ТОВ «Еста Холдинг» Ріната Ахметова .,"[{""label"": ""ORG"", ""text"": ""ЦУМу""}, {""label"": ""DATE"", ""text"": ""2012 року""}, {""label"": ""ORG"", ""text"": ""ТОВ «Еста Холдинг»""}, {""label"": ""PERS"", ""text"": ""Ріната Ахметова""}]","[{""label"": ""LOC"", ""text"": ""ЦУМу"", ""start"": 15, ""end"": 19}, {""label"": ""DATE"", ""text"": ""2012 року"", ""start"": 22, ""end"": 31}, {""label"": ""ORG"", ""text"": ""ТОВ «Еста Холдинг»"", ""start"": 43, ""end"": 61}, {""label"": ""PERS"", ""text"": ""Ріната Ахметова"", ""start"": 62, ""end"": 77}]"
c44f656e56bb86e7659f87fa704ad30851be4870560df688e63ad53fd78a7253,Звинувачення на свою адресу фірма спростовує.,[],"[{""label"": ""ORG"", ""text"": ""фірма"", ""start"": 28, ""end"": 33}]"
89bf234558b0f1617389d4f222f4933d0bdb8375c4ba2df982cf33c80733e797,"За інформацією « Еста Холдинг », тріщини на сусідніх будівлях не є небезпечними і «перебувають під контролем».","[{""label"": ""ORG"", ""text"": ""Еста Холдинг""}]","[{""label"": ""ORG"", ""text"": ""Еста Холдинг"", ""start"": 17, ""end"": 29}]"
a7ac84a48c5a3abb60baf49ec4ae88e037310af91d1fb2daa2387694faa45baa,"Крім того, компанія стверджує, що домовилась з міською владою про компенсацію завданої шкоди і проведення ремонтних робіт.",[],"[{""label"": ""ORG"", ""text"": ""компанія"", ""start"": 11, ""end"": 19}, {""label"": ""ORG"", ""text"": ""міською владою"", ""start"": 47, ""end"": 61}]"
92a38c8e1cf1af87148db7b065c95ad19a94134bad8eb1d18f3cc7319a159250,"Щодо землі, то в компанії стверджують, що мають договори купівлі-продажу майна, що знаходиться на цій території, – трансформаторної підстанції і господарського приміщення. Забудовник наполягає, що для продовження реконструкції ЦУМу йому необхідно взяти в оренду ці землі.","[{""label"": ""JOB"", ""text"": ""Забудовник""}, {""label"": ""ORG"", ""text"": ""ЦУМу""}]","[{""label"": ""ORG"", ""text"": ""компанії"", ""start"": 17, ""end"": 25}, {""label"": ""ART"", ""text"": ""трансформаторної підстанції"", ""start"": 115, ""end"": 142}, {""label"": ""ART"", ""text"": ""господарського приміщення"", ""start"": 145, ""end"": 170}, {""label"": ""PERS"", ""text"": ""Забудовник"", ""start"": 172, ""end"": 182}, {""label"": ""LOC"", ""text"": ""ЦУМу"", ""start"": 227, ""end"": 231}]"
d1a8d5010e1e8fe414689da9082c441490e8b5d7b7602798eeebc3d961b09c9d,"Крім того, за версією « Еста-Холдинг » оренда цих земель передбачена затвердженим проектом реконструкції.","[{""label"": ""ORG"", ""text"": ""Еста-Холдинг""}]","[{""label"": ""ORG"", ""text"": ""Еста-Холдинг"", ""start"": 24, ""end"": 36}, {""label"": ""DOC"", ""text"": ""затвердженим проектом реконструкції"", ""start"": 69, ""end"": 104}]"
2f5b5e2933470f3a2449ceb812330f1b3e59b040814374c663b8a8a54a1c556b,У кінці минулого року на засідання Київради розглядалося питання оренди двох ділянок землі ТОВ «Столичний ЦУМ» (співзасновником фірми є згаданий « Еста- Холдинг »).,"[{""label"": ""DATE"", ""text"": ""кінці минулого року""}, {""label"": ""ORG"", ""text"": ""Київради""}, {""label"": ""ORG"", ""text"": ""ТОВ «Столичний ЦУМ»""}, {""label"": ""ORG"", ""text"": ""Еста- Холдинг""}]","[{""label"": ""PERIOD"", ""text"": ""У кінці минулого року"", ""start"": 0, ""end"": 21}, {""label"": ""ORG"", ""text"": ""Київради"", ""start"": 35, ""end"": 43}, {""label"": ""ORG"", ""text"": ""ТОВ «Столичний ЦУМ»"", ""start"": 91, ""end"": 110}, {""label"": ""ORG"", ""text"": ""Еста- Холдинг"", ""start"": 147, ""end"": 160}]"
219c8473594ed6ac601a4a1cbfcb6ee3feabfecf2b1a4635c7e437735dc3d9c3,«Однак представники малих фракцій наполягли на відмові.,[],[]
238a385c1b38640184006e527be6b92ddd12bfdd455173ae293e8551aac737df,"Якщо документи знову відхилять, « Еста Холдинг » погрожує подати в суд на Київраду .","[{""label"": ""ORG"", ""text"": ""Еста Холдинг""}, {""label"": ""ORG"", ""text"": ""Київраду""}]","[{""label"": ""ART"", ""text"": ""документи"", ""start"": 5, ""end"": 14}, {""label"": ""ORG"", ""text"": ""Еста Холдинг"", ""start"": 34, ""end"": 46}, {""label"": ""ORG"", ""text"": ""Київраду"", ""start"": 74, ""end"": 82}]"
0c75c744aef723649f8fbb344cf8cbdb9e601ce885bdc2b2d225aecb39bf83c8,"Тяганина між забудовником і депутатами загрожує призвести до затримки будівництва, а в найгіршому випадку – до зупинки всіх робіт.","[{""label"": ""JOB"", ""text"": ""забудовником""}, {""label"": ""JOB"", ""text"": ""депутатами""}]","[{""label"": ""JOB"", ""text"": ""Тяганина"", ""start"": 0, ""end"": 8}, {""label"": ""ORG"", ""text"": ""забудовником"", ""start"": 13, ""end"": 25}, {""label"": ""ORG"", ""text"": ""депутатами"", ""start"": 28, ""end"": 38}, {""label"": ""MISC"", ""text"": ""будівництва"", ""start"": 70, ""end"": 81}]"
126ead979141f4adad6da1bef079ed0c05c7a5beaea9f32de23e0d96011bb4d8,"У цьому випадку столичний ЦУМ ризикує поповнити список київських довгобудів, в якому вже налічується близько 500 об'єктів», – пише « Ділова столиця ». Виконавча дирекція Чернігівського обласного відділення Фонду соцстрахування з тимчасової втрати працездатності 13 травня за результатами тендеру уклав угоди на придбання путівок на оздоровлення дітей.","[{""label"": ""ORG"", ""text"": ""ЦУМ""}, {""label"": ""ART"", ""text"": ""Ділова столиця""}, {""label"": ""ORG"", ""text"": ""Чернігівського обласного відділення Фонду соцстрахування з тимчасової втрати працездатності""}, {""label"": ""DATE"", ""text"": ""13 травня""}]","[{""label"": ""ORG"", ""text"": ""столичний ЦУМ"", ""start"": 16, ""end"": 29}, {""label"": ""QUANT"", ""text"": ""500"", ""start"": 109, ""end"": 112}, {""label"": ""JOB"", ""text"": ""Ділова столиця"", ""start"": 133, ""end"": 147}, {""label"": ""DATE"", ""text"": ""13 травня"", ""start"": 262, ""end"": 271}]"
be1e1b5937027b3b11aa60e3300925621071384c63e4a591e04dfbbcf518818e,"Загальна вартість угод складає 8,97 млн грн .","[{""label"": ""MON"", ""text"": ""8,97 млн грн""}]","[{""label"": ""MON"", ""text"": ""8,97 млн грн"", ""start"": 31, ""end"": 43}]"
a214e4e24bd6e2aae3a43180381b115a50a34c4c09990d72b6d5e0f812d2a043,Про це повідомляється у « Віснику державних закупівель ».,"[{""label"": ""ART"", ""text"": ""Віснику державних закупівель""}]","[{""label"": ""ORG"", ""text"": ""« Віснику державних закупівель »"", ""start"": 24, ""end"": 56}]"
c2729ac2f6bd8043dc16987aeb9ad1f3fda4e51e1091a856f5741cc63ccfd49d,Оздоровлення замовлено на травень-серпень у чотири зміни.,"[{""label"": ""PERIOD"", ""text"": ""травень-серпень""}]","[{""label"": ""ORG"", ""text"": ""Оздоровлення"", ""start"": 0, ""end"": 12}, {""label"": ""DATE"", ""text"": ""травень-серпень"", ""start"": 26, ""end"": 41}, {""label"": ""PERIOD"", ""text"": ""чотири зміни"", ""start"": 44, ""end"": 56}]"
42c728576e44dbf6237b1f77bfa55012d02b644c5c4f3d50bb4361faf7ca119f,Тривалість однієї зміни складає 21 день .,"[{""label"": ""PERIOD"", ""text"": ""21 день""}]","[{""label"": ""PERIOD"", ""text"": ""21 день"", ""start"": 32, ""end"": 39}]"
1cd341a7fbce2253edf4049d72392fd9afbd2a125050321cc47884dac4773d85,"Передбачено п'ятиразове харчування, медобслуговування, організація культмасових та спортивних заходів.",[],[]
3f775a9fa7bd72bbf7687155731c9d4354697023859945d196e8203202175465,"Найбільше замовлення на 3,42 млн грн . отримає ТОВ «Прибрежний» за оздоровлення на морському узбережжі не менше 600 дітей.","[{""label"": ""MON"", ""text"": ""3,42 млн грн""}, {""label"": ""ORG"", ""text"": ""ТОВ «Прибрежний»""}]","[{""label"": ""MON"", ""text"": ""3,42 млн грн"", ""start"": 24, ""end"": 36}, {""label"": ""ORG"", ""text"": ""ТОВ «Прибрежний»"", ""start"": 47, ""end"": 63}, {""label"": ""LOC"", ""text"": ""морському узбережжі"", ""start"": 83, ""end"": 102}, {""label"": ""QUANT"", ""text"": ""600 дітей"", ""start"": 112, ""end"": 121}]"
8b1fe3e75f9e06bc1306ea703accafc329a2dbc3e9dd279b5b962f2a4d90c5f0,"Співвласниками підприємства якого є екс-депутат Херсонської міськради Станіслав Путілов з дружиною Надією і ТОВ «Південний регіон» , що зареєстроване на Олену Четверикову і офшорну компанію « Каліндо Лімітед » з британського острова Ангілья . Станіслав Путілов є батьком нардепа від партії « УДАР » Андрія Путілова .","[{""label"": ""JOB"", ""text"": ""екс-депутат""}, {""label"": ""ORG"", ""text"": ""Херсонської міськради""}, {""label"": ""PERS"", ""text"": ""Станіслав Путілов""}, {""label"": ""PERS"", ""text"": ""Надією""}, {""label"": ""ORG"", ""text"": ""ТОВ «Південний регіон»""}, {""label"": ""PERS"", ""text"": ""Олену Четверикову""}, {""label"": ""ORG"", ""text"": ""Каліндо Лімітед""}, {""label"": ""LOC"", ""text"": ""Ангілья""}, {""label"": ""PERS"", ""text"": ""Станіслав Путілов""}, {""label"": ""JOB"", ""text"": ""нардепа""}, {""label"": ""ORG"", ""text"": ""УДАР""}, {""label"": ""PERS"", ""text"": ""Андрія Путілова""}]","[{""label"": ""ORG"", ""text"": ""Херсонської міськради"", ""start"": 48, ""end"": 69}, {""label"": ""PERS"", ""text"": ""Станіслав Путілов"", ""start"": 70, ""end"": 87}, {""label"": ""PERS"", ""text"": ""Надією"", ""start"": 99, ""end"": 105}, {""label"": ""ORG"", ""text"": ""ТОВ «Південний регіон»"", ""start"": 108, ""end"": 130}, {""label"": ""PERS"", ""text"": ""Олену Четверикову"", ""start"": 153, ""end"": 170}, {""label"": ""ORG"", ""text"": ""Каліндо Лімітед"", ""start"": 192, ""end"": 207}, {""label"": ""LOC"", ""text"": ""британського острова Ангілья"", ""start"": 212, ""end"": 240}, {""label"": ""PERS"", ""text"": ""Станіслав Путілов"", ""start"": 243, ""end"": 260}, {""label"": ""PERS"", ""text"": ""Андрія Путілова"", ""start"": 299, ""end"": 314}]"
d260adb8d1184308ed02e1050ba6ee6576688bb678a03d9f68f17d785537c3f4,У 2014 році Путілов -старший балотувався на посаду міського голови Херсона .,"[{""label"": ""DATE"", ""text"": ""2014 році""}, {""label"": ""PERS"", ""text"": ""Путілов""}, {""label"": ""JOB"", ""text"": ""міського голови""}, {""label"": ""LOC"", ""text"": ""Херсона""}]","[{""label"": ""DATE"", ""text"": ""2014 році"", ""start"": 2, ""end"": 11}, {""label"": ""PERS"", ""text"": ""Путілов -старший"", ""start"": 12, ""end"": 28}, {""label"": ""LOC"", ""text"": ""Херсона"", ""start"": 67, ""end"": 74}]"
ddbd4e270eba67a60a129685b6f6093c6c533a63b63da2f8eb4c2b5fffcb3892,"Відомо, що Станіслав Путілов брав участь у парламентських виборах 2012 року від партії «Україна-Вперед! Наталії Королевської . ТОВ «Коматекс» отримає замовлення на 2,70 млн грн . за оздоровлення 800 дітей на території Херсонської області , на березі Чорного моря .","[{""label"": ""PERS"", ""text"": ""Станіслав Путілов""}, {""label"": ""DATE"", ""text"": ""2012 року""}, {""label"": ""ORG"", ""text"": ""«Україна-Вперед!""}, {""label"": ""PERS"", ""text"": ""Наталії Королевської""}, {""label"": ""ORG"", ""text"": ""ТОВ «Коматекс»""}, {""label"": ""MON"", ""text"": ""2,70 млн грн""}, {""label"": ""LOC"", ""text"": ""Херсонської області""}, {""label"": ""LOC"", ""text"": ""Чорного моря""}]","[{""label"": ""PERS"", ""text"": ""Станіслав Путілов"", ""start"": 11, ""end"": 28}, {""label"": ""PERS"", ""text"": ""Наталії Королевської"", ""start"": 104, ""end"": 124}, {""label"": ""ORG"", ""text"": ""ТОВ «Коматекс»"", ""start"": 127, ""end"": 141}, {""label"": ""MON"", ""text"": ""2,70 млн грн ."", ""start"": 164, ""end"": 178}, {""label"": ""QUANT"", ""text"": ""800 дітей"", ""start"": 195, ""end"": 204}, {""label"": ""LOC"", ""text"": ""Херсонської області"", ""start"": 218, ""end"": 237}, {""label"": ""LOC"", ""text"": ""Чорного моря"", ""start"": 250, ""end"": 262}]"
1e8cad51d7ad17b52251707f5ed5a3cd86adefd9b56565171f0edbc5f144cf69,Власниками фірми є Ігор Савченко та Анатолій Чернишков .,"[{""label"": ""PERS"", ""text"": ""Ігор Савченко""}, {""label"": ""PERS"", ""text"": ""Анатолій Чернишков""}]","[{""label"": ""ORG"", ""text"": ""фірми"", ""start"": 11, ""end"": 16}, {""label"": ""PERS"", ""text"": ""Ігор Савченко"", ""start"": 19, ""end"": 32}, {""label"": ""PERS"", ""text"": ""Анатолій Чернишков"", ""start"": 36, ""end"": 54}]"
ec10c9c867f245706751b048a581761d9952283ba83ebe28c841a5a1483b8223,"Філія « Дитячий заклад санаторного типу лікувально-оздоровчий комплекс «Верховина» ПрАТ «Івано-Франківськтурист» отримає 1,51 млн грн . за оздоровлення 450 дітей.","[{""label"": ""ORG"", ""text"": ""Дитячий заклад санаторного типу лікувально-оздоровчий комплекс «Верховина»""}, {""label"": ""ORG"", ""text"": ""ПрАТ «Івано-Франківськтурист»""}, {""label"": ""MON"", ""text"": ""1,51 млн грн""}]","[{""label"": ""ORG"", ""text"": ""Дитячий заклад санаторного типу лікувально-оздоровчий комплекс «Верховина»"", ""start"": 8, ""end"": 82}, {""label"": ""MON"", ""text"": ""1,51 млн грн ."", ""start"": 121, ""end"": 135}, {""label"": ""QUANT"", ""text"": ""450 дітей"", ""start"": 152, ""end"": 161}]"
b9427b9e3d533e9348dfabbf08af5f3263cb2c40b1a06d923fc8662ceaf63e4f,Кінцевим власником « Івано-Франківськтурист » є Федерація профспілок України .,"[{""label"": ""ORG"", ""text"": ""Івано-Франківськтурист""}, {""label"": ""ORG"", ""text"": ""Федерація профспілок України""}]","[{""label"": ""JOB"", ""text"": ""Івано-Франківськтурист"", ""start"": 21, ""end"": 43}, {""label"": ""ORG"", ""text"": ""Федерація профспілок України"", ""start"": 48, ""end"": 76}]"
edbd52bbfe86bf7bb2be4393c79caf2fba50050ea725cbea37703bb417297518,"Ще 1,35 млн грн . коштуватиме оздоровлення 350 дітей у Дитячому закладі санаторного типу «Остреч» з м. Мена Чернігівської області . Директором санаторію є Володимир Борейко . Менський санаторій «Остреч» заснований ТОВ «Сільгоспздравниця» , яке належить Ігорю та Богдану Магалясам з Тернопільщини , і Асоціацією «Украгромайно Всеукраїнського союзу сільськогосподарських підприємств» Слідчі Новобаварського відділу поліції Харківської області підозрюють, що комунальне підприємство « Харківжилбуд » протягом 2018 року перерахувало 831,65 тис грн . на рахунки приватної фірми ТОВ «Кєдр-2014» за ремонт житлових будинків.","[{""label"": ""MON"", ""text"": ""1,35 млн грн""}, {""label"": ""ORG"", ""text"": ""Дитячому закладі санаторного типу «Остреч»""}, {""label"": ""LOC"", ""text"": ""Мена""}, {""label"": ""LOC"", ""text"": ""Чернігівської області""}, {""label"": ""JOB"", ""text"": ""Директором""}, {""label"": ""PERS"", ""text"": ""Володимир Борейко""}, {""label"": ""ORG"", ""text"": ""Менський санаторій «Остреч»""}, {""label"": ""ORG"", ""text"": ""ТОВ «Сільгоспздравниця»""}, {""label"": ""PERS"", ""text"": ""Ігорю та Богдану Магалясам""}, {""label"": ""LOC"", ""text"": ""Тернопільщини""}, {""label"": ""ORG"", ""text"": ""Асоціацією «Украгромайно Всеукраїнського союзу сільськогосподарських підприємств»""}, {""label"": ""ORG"", ""text"": ""Новобаварського відділу поліції Харківської області""}, {""label"": ""ORG"", ""text"": ""Харківжилбуд""}, {""label"": ""PERIOD"", ""text"": ""2018 року""}, {""label"": ""MON"", ""text"": ""831,65 тис грн""}, {""label"": ""ORG"", ""text"": ""ТОВ «Кєдр-2014»""}]","[{""label"": ""MON"", ""text"": ""1,35 млн грн ."", ""start"": 3, ""end"": 17}, {""label"": ""QUANT"", ""text"": ""350 дітей"", ""start"": 43, ""end"": 52}, {""label"": ""ORG"", ""text"": ""Дитячому закладі санаторного типу «Остреч»"", ""start"": 55, ""end"": 97}, {""label"": ""LOC"", ""text"": ""м. Мена Чернігівської області"", ""start"": 100, ""end"": 129}, {""label"": ""PERS"", ""text"": ""Володимир Борейко"", ""start"": 155, ""end"": 172}, {""label"": ""ORG"", ""text"": ""Менський санаторій «Остреч»"", ""start"": 175, ""end"": 202}, {""label"": ""ORG"", ""text"": ""ТОВ «Сільгоспздравниця»"", ""start"": 214, ""end"": 237}, {""label"": ""PERS"", ""text"": ""Богдану Магалясам"", ""start"": 262, ""end"": 279}, {""label"": ""ORG"", ""text"": ""Асоціацією «Украгромайно Всеукраїнського союзу сільськогосподарських підприємств»"", ""start"": 300, ""end"": 381}, {""label"": ""PERIOD"", ""text"": ""2018 року"", ""start"": 506, ""end"": 515}, {""label"": ""MON"", ""text"": ""831,65 тис грн ."", ""start"": 529, ""end"": 545}, {""label"": ""ORG"", ""text"": ""ТОВ «Кєдр-2014»"", ""start"": 573, ""end"": 588}]"
0093db7cd1ab055a71c635d232ef204dd790c23971723e7fbe46a970518edbbd,Хоча роботи по факту виконали працівники комунального підприємства.,[],"[{""label"": ""ORG"", ""text"": ""комунального підприємства"", ""start"": 41, ""end"": 66}]"
6db1b552ddc5a96b35ab443e4c8207220ddafb96df15b104f2069d6e1aea8231,Про це повідомив « Харківський антикорупційний центр » з посиланням на ухвалу Жовтневого райсуду Харкова від 18 січня 2019 року .,"[{""label"": ""ORG"", ""text"": ""Харківський антикорупційний центр""}, {""label"": ""DOC"", ""text"": ""ухвалу Жовтневого райсуду Харкова від 18 січня 2019 року""}]","[{""label"": ""ORG"", ""text"": ""Харківський антикорупційний центр"", ""start"": 19, ""end"": 52}, {""label"": ""ORG"", ""text"": ""Жовтневого райсуду Харкова"", ""start"": 78, ""end"": 104}]"
5654c4676b4ca6af053f9a21972595d5e03fc0c9fba7ccf855941b9fd803ece2,"Як встановили слідчі, в подальшому зазначені грошові кошти були перераховані на рахунки підприємств, які мають ознаки фіктивності ( ТОВ «Орланд Груп» , ТОВ «Нортлейк» та ТОВ «Буд Єврострой» ) за надання інформаційно-консультаційних послуг.","[{""label"": ""ORG"", ""text"": ""ТОВ «Орланд Груп»""}, {""label"": ""ORG"", ""text"": ""ТОВ «Нортлейк»""}, {""label"": ""ORG"", ""text"": ""ТОВ «Буд Єврострой»""}]","[{""label"": ""PERS"", ""text"": ""слідчі"", ""start"": 14, ""end"": 20}, {""label"": ""MON"", ""text"": ""грошові кошти"", ""start"": 45, ""end"": 58}, {""label"": ""ORG"", ""text"": ""ТОВ «Орланд Груп"", ""start"": 132, ""end"": 148}, {""label"": ""ORG"", ""text"": ""ТОВ «Нортлейк"", ""start"": 152, ""end"": 165}, {""label"": ""ORG"", ""text"": ""ТОВ «Буд Єврострой"", ""start"": 170, ""end"": 188}]"
1846ee8aee555dcfacf15abb6fd396afaee74e7170b9a8002e1513abe3931cc7,Далі гроші були конвертовані в готівку через ланцюг фіктивних підприємств та привласнені посадовими особами ТОВ «Кєдр-2014» та КП «Харківжилбуд» .,"[{""label"": ""ORG"", ""text"": ""ТОВ «Кєдр-2014»""}, {""label"": ""ORG"", ""text"": ""КП «Харківжилбуд»""}]","[{""label"": ""ORG"", ""text"": ""ланцюг фіктивних підприємств"", ""start"": 45, ""end"": 73}, {""label"": ""JOB"", ""text"": ""посадовими особами"", ""start"": 89, ""end"": 107}, {""label"": ""ORG"", ""text"": ""ТОВ «Кєдр-2014»"", ""start"": 108, ""end"": 123}, {""label"": ""ORG"", ""text"": ""КП «Харківжилбуд»"", ""start"": 127, ""end"": 144}]"
2fe498b9d9950509464c7a2531385d596e8b09e06bd83413f13c4f400e4bcb6f,"В ході досудового розслідування кримінального провадження було проведено ряд обшуків, в тому числі за місцем знаходження ТОВ «Кєдр-2014» та КП «Харківжилбуд» .","[{""label"": ""ORG"", ""text"": ""ТОВ «Кєдр-2014»""}, {""label"": ""ORG"", ""text"": ""КП «Харківжилбуд»""}]","[{""label"": ""ORG"", ""text"": ""ТОВ «Кєдр-2014»"", ""start"": 121, ""end"": 136}, {""label"": ""ORG"", ""text"": ""КП «Харківжилбуд»"", ""start"": 140, ""end"": 157}]"
616835711f1f017626b9ce2ad9f5b145afe583e8b3e5e053b04f23b1d42762c4,"Також було відмічено, що слідство встановило непоодинокий факт сумнівних операцій комунальників і фірми.",[],"[{""label"": ""ORG"", ""text"": ""слідство"", ""start"": 25, ""end"": 33}, {""label"": ""ORG"", ""text"": ""фірми"", ""start"": 98, ""end"": 103}]"
3a85ec654fb5e8682ce8cfe209766f32cc6731467ad1912e24d74f76b5d51766,"Всього, протягом 2017-2018 року між « Харківжилбуд » та « Кєдр-2014 » було укладено 15 договорів щодо ремонту в житлових будинках загальною вартістю 1,93 млн грн . (потім ця сума зменшилась у зв'язку з зменшенням об'єму ремонтних робіт).","[{""label"": ""PERIOD"", ""text"": ""2017-2018 року""}, {""label"": ""ORG"", ""text"": ""Харківжилбуд""}, {""label"": ""ORG"", ""text"": ""Кєдр-2014""}, {""label"": ""MON"", ""text"": ""1,93 млн грн""}]","[{""label"": ""PERIOD"", ""text"": ""2017-2018 року"", ""start"": 17, ""end"": 31}, {""label"": ""ORG"", ""text"": ""Харківжилбуд"", ""start"": 38, ""end"": 50}, {""label"": ""QUANT"", ""text"": ""15"", ""start"": 84, ""end"": 86}, {""label"": ""MON"", ""text"": ""1,93 млн грн"", ""start"": 149, ""end"": 161}]"
19f5ddf3ca882b208c34aad9c6ef5b0aa3a59fb68ebce3aee05e131e6aaa33fb,Власниками ТОВ «Кєдр-2014» є Віталій Данильченко та Ігор Радулов .,"[{""label"": ""ORG"", ""text"": ""ТОВ «Кєдр-2014»""}, {""label"": ""PERS"", ""text"": ""Віталій Данильченко""}, {""label"": ""PERS"", ""text"": ""Ігор Радулов""}]","[{""label"": ""ORG"", ""text"": ""ТОВ «Кєдр-2014»"", ""start"": 11, ""end"": 26}, {""label"": ""PERS"", ""text"": ""Віталій Данильченко"", ""start"": 29, ""end"": 48}, {""label"": ""PERS"", ""text"": ""Ігор Радулов"", ""start"": 52, ""end"": 64}]"
4d6fef9490510121a0d93aa83aaa38d9df6acf837da55b22b097fba2f89341d0,"Відмітимо, що « Харківжилбуд » – це саме те комунальне підприємство, яке протягом 2016-2018 років уклало 172 договори на капітальний та поточний ремонт в житлових будинках міста з ТОВ «Будівельна компанія «Інженер-21» на загальну суму 24,15 млн грн .","[{""label"": ""ORG"", ""text"": ""Харківжилбуд""}, {""label"": ""PERIOD"", ""text"": ""2016-2018 років""}, {""label"": ""ORG"", ""text"": ""ТОВ «Будівельна компанія «Інженер-21»""}, {""label"": ""MON"", ""text"": ""24,15 млн грн""}]","[{""label"": ""ORG"", ""text"": ""Харківжилбуд"", ""start"": 16, ""end"": 28}, {""label"": ""PERIOD"", ""text"": ""2016-2018 років"", ""start"": 82, ""end"": 97}, {""label"": ""QUANT"", ""text"": ""172"", ""start"": 105, ""end"": 108}, {""label"": ""ORG"", ""text"": ""ТОВ «Будівельна компанія «Інженер-21»"", ""start"": 180, ""end"": 217}, {""label"": ""MON"", ""text"": ""24,15 млн грн"", ""start"": 235, ""end"": 248}]"
124eb694bde017dc978d9972cddd7f6b6ee648f588ec393f6b022492b8ede315,"Співвласником фірми є Лариса Волкова , яка також вже довгий час працює начальником виробничо-технічного відділу КП «Харківське ремонтно-будівельне підприємство» .","[{""label"": ""PERS"", ""text"": ""Лариса Волкова""}, {""label"": ""PERIOD"", ""text"": ""довгий час""}, {""label"": ""JOB"", ""text"": ""начальником виробничо-технічного відділу""}, {""label"": ""ORG"", ""text"": ""КП «Харківське ремонтно-будівельне підприємство»""}]","[{""label"": ""PERS"", ""text"": ""Лариса Волкова"", ""start"": 22, ""end"": 36}, {""label"": ""JOB"", ""text"": ""начальником виробничо-технічного відділу"", ""start"": 71, ""end"": 111}, {""label"": ""ORG"", ""text"": ""КП «Харківське ремонтно-будівельне підприємство»"", ""start"": 112, ""end"": 160}]"
151bbed7e2e25b91314b06c030a0b531ad2fffb44a10271cec26be0649d835fe,"Це підприємство, як і КП «Харківжилбуд» , підпорядковується Департаменту житлового господарства міськради .","[{""label"": ""ORG"", ""text"": ""КП «Харківжилбуд»""}, {""label"": ""ORG"", ""text"": ""Департаменту житлового господарства міськради""}]","[{""label"": ""ORG"", ""text"": ""КП «Харківжилбуд»"", ""start"": 22, ""end"": 39}, {""label"": ""ORG"", ""text"": ""Департаменту житлового господарства міськради"", ""start"": 60, ""end"": 105}]"
095b43b973837dee71a873ad53338368b2671bd7244b917d8e37869a3c70ba95,"Директором КП «Харківжилбуд» є Олександр Туренко Державні підприємства, контрольовані групою Дмитра Фірташа , з 5 по 16 липня за результатами тендерів уклали з ТОВ «Сінтез ресурс» низку угод на постачання різних товарів на загальну суму 63,10 млн. грн .","[{""label"": ""ORG"", ""text"": ""КП «Харківжилбуд»""}, {""label"": ""PERS"", ""text"": ""Олександр Туренко""}, {""label"": ""PERS"", ""text"": ""Дмитра Фірташа""}, {""label"": ""PERIOD"", ""text"": ""5 по 16 липня""}, {""label"": ""ORG"", ""text"": ""ТОВ «Сінтез ресурс»""}, {""label"": ""MON"", ""text"": ""63,10 млн. грн""}]","[{""label"": ""JOB"", ""text"": ""Директором"", ""start"": 0, ""end"": 10}, {""label"": ""ORG"", ""text"": ""КП «Харківжилбуд»"", ""start"": 11, ""end"": 28}, {""label"": ""PERS"", ""text"": ""Олександр Туренко"", ""start"": 31, ""end"": 48}, {""label"": ""PERS"", ""text"": ""Дмитра Фірташа"", ""start"": 93, ""end"": 107}, {""label"": ""DATE"", ""text"": ""5 по 16 липня"", ""start"": 112, ""end"": 125}, {""label"": ""ORG"", ""text"": ""ТОВ «Сінтез ресурс»"", ""start"": 160, ""end"": 179}, {""label"": ""MISC"", ""text"": ""різних товарів"", ""start"": 205, ""end"": 219}, {""label"": ""MON"", ""text"": ""63,10 млн. грн"", ""start"": 237, ""end"": 251}]"
783515aa104dc06158f5da4c6a958d4f7786af3200aaf05bb622762c819e2ba0,"Про це повідомляється у « Вінику державних закупівель ». ДП «Запорізький титано-магнієвий комбінат» , філія « Вільногірський гірничо-металургійний комбінат » ПрАТ «Кримський титан» , ПАТ «Сумихімпром» придбали мінеральну вату, руберойд, шпали дерев'яні, вироби з чорних металів гарячекатані для залізничних шляхів, гумові прокладки до пластинчатих теплообмінників Р 0,6р , стрічки конвеєрні, катанку гладку в бухтах з нелегованої сталі, клапан регулюючий, вуглецевий листовий металопрокат, балки нелеговані в асортименті, дріт, стрічку з прецизійних сплавів, сплави калібровані прецизійні з високим електричним опором.","[{""label"": ""ART"", ""text"": ""Вінику державних закупівель""}, {""label"": ""ORG"", ""text"": ""ДП «Запорізький титано-магнієвий комбінат»""}, {""label"": ""ORG"", ""text"": ""Вільногірський гірничо-металургійний комбінат""}, {""label"": ""ORG"", ""text"": ""ПрАТ «Кримський титан»""}, {""label"": ""ORG"", ""text"": ""ПАТ «Сумихімпром»""}, {""label"": ""ART"", ""text"": ""Р 0,6р""}]","[{""label"": ""ORG"", ""text"": ""ДП «Запорізький титано-магнієвий комбінат»"", ""start"": 57, ""end"": 99}, {""label"": ""ORG"", ""text"": ""Вільногірський гірничо-металургійний комбінат"", ""start"": 110, ""end"": 155}, {""label"": ""ORG"", ""text"": ""ПрАТ «Кримський титан»"", ""start"": 158, ""end"": 180}, {""label"": ""ORG"", ""text"": ""ПАТ «Сумихімпром"", ""start"": 183, ""end"": 199}, {""label"": ""ART"", ""text"": ""мінеральну вату, руберойд"", ""start"": 210, ""end"": 235}, {""label"": ""ART"", ""text"": ""шпали дерев'яні"", ""start"": 237, ""end"": 252}, {""label"": ""ART"", ""text"": ""вироби з чорних металів гарячекатані для залізничних шляхів"", ""start"": 254, ""end"": 313}, {""label"": ""ART"", ""text"": ""гумові прокладки до пластинчатих теплообмінників Р 0,6р"", ""start"": 315, ""end"": 370}, {""label"": ""ART"", ""text"": ""стрічки конвеєрні"", ""start"": 373, ""end"": 390}, {""label"": ""ART"", ""text"": ""катанку гладку в бухтах з нелегованої сталі"", ""start"": 392, ""end"": 435}, {""label"": ""ART"", ""text"": ""клапан регулюючий"", ""start"": 437, ""end"": 454}, {""label"": ""ART"", ""text"": ""вуглецевий листовий металопрокат"", ""start"": 456, ""end"": 488}, {""label"": ""ART"", ""text"": ""балки нелеговані в асортименті"", ""start"": 490, ""end"": 520}, {""label"": ""ART"", ""text"": ""дріт"", ""start"": 522, ""end"": 526}, {""label"": ""ART"", ""text"": ""стрічку з прецизійних сплавів"", ""start"": 528, ""end"": 557}, {""label"": ""ART"", ""text"": ""сплави калібровані прецизійні з високим електричним опором"", ""start"": 559, ""end"": 617}]"
1fd9478bb14242bb72493de764d420f03579dc0793f5d563f34e8687c7108157,"З урахуванням цих закупівель, « Сінтез ресурс » в 2012 році отримав підряди на держпідприємствах Фірташа на загальну суму 1 621,82 млн. грн .","[{""label"": ""ORG"", ""text"": ""Сінтез ресурс""}, {""label"": ""DATE"", ""text"": ""2012 році""}, {""label"": ""PERS"", ""text"": ""Фірташа""}, {""label"": ""MON"", ""text"": ""1 621,82 млн. грн""}]","[{""label"": ""ORG"", ""text"": ""Сінтез ресурс"", ""start"": 32, ""end"": 45}, {""label"": ""DATE"", ""text"": ""2012 році"", ""start"": 50, ""end"": 59}, {""label"": ""MON"", ""text"": ""1 621,82 млн. грн"", ""start"": 122, ""end"": 139}]"
482b43888427b3036dd8099222b079a142f7e33edf6071be1f9f35b2902c6987,"У 2011 році фірма отримала аналогічні підряди на 246,38 млн. грн .","[{""label"": ""DATE"", ""text"": ""2011 році""}, {""label"": ""MON"", ""text"": ""246,38 млн. грн""}]","[{""label"": ""PERIOD"", ""text"": ""2011 році"", ""start"": 2, ""end"": 11}, {""label"": ""ORG"", ""text"": ""фірма"", ""start"": 12, ""end"": 17}, {""label"": ""MON"", ""text"": ""246,38 млн. грн"", ""start"": 49, ""end"": 64}]"
07de713b777beadcc9da4c2890cfc2350ea5367682c15407ee8a03e45b7d3630,"Одним з засновників « Сінтез ресурсу » минулого року був перший заступник директора ТОВ «Остхем Україна» Олег Кікта , зараз фірма перереєстрована на кіпрський офшор « Ганард венчерз лімітед ». Директором фірми є Олег Вотінцев , відомий як комерційний директор « Кримського титану », що контролюється групою Дмитра Фірташа .","[{""label"": ""JOB"", ""text"": ""засновників""}, {""label"": ""ORG"", ""text"": ""Сінтез ресурсу""}, {""label"": ""DATE"", ""text"": ""минулого року""}, {""label"": ""JOB"", ""text"": ""перший заступник директора""}, {""label"": ""ORG"", ""text"": ""ТОВ «Остхем Україна»""}, {""label"": ""PERS"", ""text"": ""Олег Кікта""}, {""label"": ""ORG"", ""text"": ""Ганард венчерз лімітед""}, {""label"": ""JOB"", ""text"": ""Директором""}, {""label"": ""PERS"", ""text"": ""Олег Вотінцев""}, {""label"": ""JOB"", ""text"": ""комерційний директор""}, {""label"": ""ORG"", ""text"": ""Кримського титану""}, {""label"": ""PERS"", ""text"": ""Дмитра Фірташа""}]","[{""label"": ""ORG"", ""text"": ""Сінтез ресурсу"", ""start"": 22, ""end"": 36}, {""label"": ""JOB"", ""text"": ""перший заступник директора"", ""start"": 57, ""end"": 83}, {""label"": ""ORG"", ""text"": ""ТОВ «Остхем Україна»"", ""start"": 84, ""end"": 104}, {""label"": ""PERS"", ""text"": ""Олег Кікта"", ""start"": 105, ""end"": 115}, {""label"": ""ORG"", ""text"": ""Ганард венчерз лімітед"", ""start"": 167, ""end"": 189}, {""label"": ""PERS"", ""text"": ""Олег Вотінцев"", ""start"": 212, ""end"": 225}, {""label"": ""JOB"", ""text"": ""комерційний директор"", ""start"": 239, ""end"": 259}, {""label"": ""ORG"", ""text"": ""Кримського титану"", ""start"": 262, ""end"": 279}, {""label"": ""PERS"", ""text"": ""Дмитра Фірташа"", ""start"": 307, ""end"": 321}]"
894d29123f206288cb7a499758eb22bd0267be309b0cafaf31078f8486a33c67,"Окрім цього « Запорізький титано-магнієвий комбінат » придбав у « Іршанського ГЗК » ільменітів концентрат по 2166,78 грн. / т на суму 0,65 млн грн .","[{""label"": ""ORG"", ""text"": ""Запорізький титано-магнієвий комбінат""}, {""label"": ""ORG"", ""text"": ""Іршанського ГЗК""}, {""label"": ""MON"", ""text"": ""2166,78 грн.""}, {""label"": ""QUANT"", ""text"": ""т""}, {""label"": ""MON"", ""text"": ""0,65 млн грн""}]","[{""label"": ""ORG"", ""text"": ""Запорізький титано-магнієвий комбінат"", ""start"": 14, ""end"": 51}, {""label"": ""ORG"", ""text"": ""Іршанського ГЗК"", ""start"": 66, ""end"": 81}, {""label"": ""ART"", ""text"": ""ільменітів концентрат"", ""start"": 84, ""end"": 105}, {""label"": ""QUANT"", ""text"": ""2166,78 грн. / т"", ""start"": 109, ""end"": 125}, {""label"": ""MON"", ""text"": ""0,65 млн грн ."", ""start"": 134, ""end"": 148}]"
88e7deb0a38308ce2fe60a742a4aca95a94a1b182c35c2f87b91614405c40ec7,"« Вільногірський гірничо-металургійний комбінат » за 2,10 млн грн. орендував у ТОВ «Межиріченський гірничо-збагачувальний комбінат» кар'єрні самоскиди.","[{""label"": ""ORG"", ""text"": ""Вільногірський гірничо-металургійний комбінат""}, {""label"": ""MON"", ""text"": ""2,10 млн грн.""}, {""label"": ""ORG"", ""text"": ""ТОВ «Межиріченський гірничо-збагачувальний комбінат»""}]","[{""label"": ""ORG"", ""text"": ""Вільногірський гірничо-металургійний комбінат"", ""start"": 2, ""end"": 47}, {""label"": ""MON"", ""text"": ""2,10 млн грн"", ""start"": 53, ""end"": 65}, {""label"": ""ORG"", ""text"": ""ТОВ «Межиріченський гірничо-збагачувальний комбінат»"", ""start"": 79, ""end"": 131}, {""label"": ""ART"", ""text"": ""кар'єрні самоскиди"", ""start"": 132, ""end"": 150}]"
8335b3d10aba9e00d6ff33bed5b97a1469cbb99afed470dfde46ff21f9165f82,Остання компанія контролюється кіпрською фірмою « Tolexis Trading Limited » з групи Фірташа Олігарх Ігор Коломойський одним із можливих варіантів реформування країни називає націоналізацію із подальшим перерозподілом активів.,"[{""label"": ""ORG"", ""text"": ""Tolexis Trading Limited""}, {""label"": ""PERS"", ""text"": ""Фірташа""}, {""label"": ""PERS"", ""text"": ""Ігор Коломойський""}]","[{""label"": ""ORG"", ""text"": ""Tolexis Trading Limited"", ""start"": 50, ""end"": 73}, {""label"": ""PERS"", ""text"": ""Ігор Коломойський"", ""start"": 100, ""end"": 117}]"
33bf801b2d34d0bc00d9c9da7d82009ea9b233e21fbc725b729969e85eaccca3,Про це він повідомив в інтерв'ю Bihus. Info .,"[{""label"": ""ART"", ""text"": ""Bihus. Info""}]","[{""label"": ""PERS"", ""text"": ""він"", ""start"": 7, ""end"": 10}, {""label"": ""ORG"", ""text"": ""Bihus. Info"", ""start"": 32, ""end"": 43}]"
3b55bd9a06c82610d4ca9ac171a36541b1b502ff27fd174914331c25f532ba81,"Відповідаючи на питання про основні економічні проблеми, олігарх Коломойський згадав про монополізацію Ахметовим українського енергетичного сектору та «націоналізацію», як один із варіантів економічних реформ в Україні .","[{""label"": ""PERS"", ""text"": ""Коломойський""}, {""label"": ""PERS"", ""text"": ""Ахметовим""}, {""label"": ""LOC"", ""text"": ""Україні""}]","[{""label"": ""PERS"", ""text"": ""Коломойський"", ""start"": 65, ""end"": 77}, {""label"": ""PERS"", ""text"": ""Ахметовим"", ""start"": 103, ""end"": 112}, {""label"": ""ORG"", ""text"": ""українського енергетичного сектору"", ""start"": 113, ""end"": 147}, {""label"": ""LOC"", ""text"": ""Україні"", ""start"": 211, ""end"": 218}]"
4751f51afe5455ee2a4f40cdfea300360391b0519c9344bd84844952ec8806fa,"> _ «Країна не може існувати у конструкції, де священне право власності і при > цьому Антимонопольний комітет дозволяє придбання двох обленерго.","[{""label"": ""ORG"", ""text"": ""Антимонопольний комітет""}]","[{""label"": ""LOC"", ""text"": ""Країна"", ""start"": 5, ""end"": 11}, {""label"": ""MISC"", ""text"": ""священне право власності"", ""start"": 47, ""end"": 71}, {""label"": ""ORG"", ""text"": ""Антимонопольний комітет"", ""start"": 86, ""end"": 109}]"
837c2f4f7b334a9d9bdd0a4f3b09208dbfc1c7b5803824e3ca4c110d29167b7a,"Країна не > може бути корпорацією, навіть найбільш великою …",[],"[{""label"": ""LOC"", ""text"": ""Країна"", ""start"": 0, ""end"": 6}, {""label"": ""ORG"", ""text"": ""корпорацією"", ""start"": 22, ""end"": 33}]"
c7f7436e9be28225639bdd6a4ec3246285fd2b6a44065de25fc1ed0e36ddc4d5,От дехто сконцентрував деякі > речі – і пізніше без нього не можна зробити ні кроку.,[],"[{""label"": ""PERS"", ""text"": ""дехто"", ""start"": 3, ""end"": 8}, {""label"": ""ART"", ""text"": ""деякі > речі"", ""start"": 23, ""end"": 35}]"
67fd06012848cae609ad97c10e99de02298c140e60882a0e0f33be81c8380d1b,"Тоді країну треба > перейменувати в ім'я великої корпорації, наприклад умовно Майкрософт , або > треба перезавантажити країну», – відповів Коломойський . _","[{""label"": ""ORG"", ""text"": ""Майкрософт""}, {""label"": ""PERS"", ""text"": ""Коломойський""}]","[{""label"": ""LOC"", ""text"": ""країну"", ""start"": 5, ""end"": 11}, {""label"": ""ORG"", ""text"": ""Майкрософт"", ""start"": 78, ""end"": 88}, {""label"": ""MISC"", ""text"": ""країну"", ""start"": 119, ""end"": 125}, {""label"": ""PERS"", ""text"": ""Коломойський"", ""start"": 139, ""end"": 151}]"
a1cc31e97743e761c3cc2f805ddfbf9e7d5f358cc69136170b93088dfe56bf1b,Розміріковуючи над варіантами виходу Коломойський детально зупинився на варіанті “націоналізації”.,"[{""label"": ""PERS"", ""text"": ""Коломойський""}]","[{""label"": ""PERS"", ""text"": ""Коломойський"", ""start"": 37, ""end"": 49}, {""label"": ""MISC"", ""text"": ""націоналізації"", ""start"": 82, ""end"": 96}]"
bf7705699ce4e331866a6314e7e8d57bf900ac8897cb4b6b92cd71ce32257a51,"> _ «Країна може потребувати перезавантаження, яке відбулось у 1917-му .","[{""label"": ""DATE"", ""text"": ""1917-му""}]","[{""label"": ""LOC"", ""text"": ""Країна"", ""start"": 5, ""end"": 11}, {""label"": ""DATE"", ""text"": ""1917-му"", ""start"": 63, ""end"": 70}]"
2be64d1d7c77a5661299bcc1b388f002790556df69f672287405642df7af052a,Можливо > доведеться з чистого листа все починати – загальна націоналізація і поїхали > заново.,[],"[{""label"": ""ART"", ""text"": ""чистого листа"", ""start"": 23, ""end"": 36}, {""label"": ""MISC"", ""text"": ""загальна націоналізація"", ""start"": 52, ""end"": 75}]"
ce8e91896583f152f68c69c234f4ae1418245fd7bbdc720a96023453866ff74f,Це один із варіантів.,[],[]
218000c3d505dd6c25d7cc484232538b38632942df947fcc6c87a23f5f910931,"Це не означає, що пізніше буде соціалізм, не > обов'язково.",[],"[{""label"": ""PERIOD"", ""text"": ""пізніше"", ""start"": 18, ""end"": 25}, {""label"": ""ORG"", ""text"": ""соціалізм"", ""start"": 31, ""end"": 40}]"
db9f500008281615f814d6f7373ce248beac0bd833784304ae4cea2df035eae3,Просто перезавантаження.,[],[]
c1539c989a84fbd59a5f7f6726bb5902009ca2a58f547dfc71e963d425eb3135,"Як гра в монополію, знаєте?». _",[],"[{""label"": ""MISC"", ""text"": ""монополію"", ""start"": 9, ""end"": 18}]"
bb770b2d11ae6846a79d219b887a545a00a0986192e8f1423170716bf668604f,"Нагадаємо, 25 квітня АМКУ надав дозвіл компанії ТОВ «ДТЕК Нафтогаз» Ахметова на придбання у групи « VS Energy » акцій « Київобленерго » і « Одесаобленерго » у розмірі, що забезпечує контроль понад 50% в обох підприємствах.","[{""label"": ""DATE"", ""text"": ""25 квітня""}, {""label"": ""ORG"", ""text"": ""АМКУ""}, {""label"": ""ORG"", ""text"": ""ТОВ «ДТЕК Нафтогаз»""}, {""label"": ""PERS"", ""text"": ""Ахметова""}, {""label"": ""ORG"", ""text"": ""VS Energy""}, {""label"": ""ORG"", ""text"": ""Київобленерго""}, {""label"": ""ORG"", ""text"": ""Одесаобленерго""}, {""label"": ""PCT"", ""text"": ""50%""}]","[{""label"": ""DATE"", ""text"": ""25 квітня"", ""start"": 11, ""end"": 20}, {""label"": ""ORG"", ""text"": ""АМКУ"", ""start"": 21, ""end"": 25}, {""label"": ""ORG"", ""text"": ""ТОВ «ДТЕК Нафтогаз»"", ""start"": 48, ""end"": 67}, {""label"": ""PERS"", ""text"": ""Ахметова"", ""start"": 68, ""end"": 76}, {""label"": ""ORG"", ""text"": ""VS Energy"", ""start"": 100, ""end"": 109}, {""label"": ""PCT"", ""text"": ""50%"", ""start"": 197, ""end"": 200}]"
2a718d363aaf677589dd0509b66d2e85b8e287044d240d9849b03ea9ec145c7e,"Наразі група Ріната Ахметова контролює понад 80% теплової енергогенерації, понад 80% видобутку енергетичного вугілля, Бурштинський енергоострів , через який може, але не здійснюється імпорт в Україну дешевшої електроенергії з Європи .","[{""label"": ""PERS"", ""text"": ""Ріната Ахметова""}, {""label"": ""PCT"", ""text"": ""80%""}, {""label"": ""PCT"", ""text"": ""80%""}, {""label"": ""LOC"", ""text"": ""Бурштинський енергоострів""}, {""label"": ""LOC"", ""text"": ""Україну""}, {""label"": ""LOC"", ""text"": ""Європи""}]","[{""label"": ""ORG"", ""text"": ""група Ріната Ахметова"", ""start"": 7, ""end"": 28}, {""label"": ""PCT"", ""text"": ""понад 80%"", ""start"": 39, ""end"": 48}, {""label"": ""PCT"", ""text"": ""понад 80%"", ""start"": 75, ""end"": 84}, {""label"": ""LOC"", ""text"": ""Бурштинський енергоострів"", ""start"": 118, ""end"": 143}]"
2086531283ccb745578f30eede343400a11b85b40c4841ec6cd770792facba7a,З придбанням двох вказаних обленерго група ДТЕК також контролюватиме понад 35% потужностей країни по розподілу електроенергії в областях.,"[{""label"": ""ORG"", ""text"": ""ДТЕК""}, {""label"": ""PCT"", ""text"": ""35%""}]","[{""label"": ""ORG"", ""text"": ""група ДТЕК"", ""start"": 37, ""end"": 47}, {""label"": ""PCT"", ""text"": ""35%"", ""start"": 75, ""end"": 78}, {""label"": ""LOC"", ""text"": ""областях"", ""start"": 128, ""end"": 136}]"
2901d585ad7564e0787debae5a1e1b805e5686ba17d78ee06938d33306c70dc0,"«За» дозвіл Ахметову голосували голова АМКУ Юрій Терентьєв , його заступниці Марія Ніжнік і Ніна Сідоренко , а також держуповноважена Марія Процишен .","[{""label"": ""PERS"", ""text"": ""Ахметову""}, {""label"": ""JOB"", ""text"": ""голова АМКУ""}, {""label"": ""PERS"", ""text"": ""Юрій Терентьєв""}, {""label"": ""JOB"", ""text"": ""заступниці""}, {""label"": ""PERS"", ""text"": ""Марія Ніжнік""}, {""label"": ""PERS"", ""text"": ""Ніна Сідоренко""}, {""label"": ""JOB"", ""text"": ""держуповноважена""}, {""label"": ""PERS"", ""text"": ""Марія Процишен""}]","[{""label"": ""ORG"", ""text"": ""АМКУ"", ""start"": 39, ""end"": 43}, {""label"": ""PERS"", ""text"": ""Юрій Терентьєв"", ""start"": 44, ""end"": 58}, {""label"": ""PERS"", ""text"": ""Марія Ніжнік"", ""start"": 77, ""end"": 89}, {""label"": ""PERS"", ""text"": ""Ніна Сідоренко"", ""start"": 92, ""end"": 106}, {""label"": ""JOB"", ""text"": ""держуповноважена"", ""start"": 117, ""end"": 133}, {""label"": ""PERS"", ""text"": ""Марія Процишен"", ""start"": 134, ""end"": 148}]"
fce71ee26feaa4d5697fdb55e2d3f27d811363b91c64efc9b45f143c971cf7ac,З присутніх на засіданні «против» голосували лише Світлана Панаіотіді і Агія Загребельська КП «Капітальне будівництво міста Миколаєва» 23 жовтня уклало угоду з ПрАТ «Житлопромбуд-8» на будівництво пішохідного мосту між обласним центром та селищем ім. Горького .,"[{""label"": ""PERS"", ""text"": ""Світлана Панаіотіді""}, {""label"": ""PERS"", ""text"": ""Агія Загребельська""}, {""label"": ""ORG"", ""text"": ""КП «Капітальне будівництво міста Миколаєва»""}, {""label"": ""DATE"", ""text"": ""23 жовтня""}, {""label"": ""ORG"", ""text"": ""ПрАТ «Житлопромбуд-8»""}, {""label"": ""LOC"", ""text"": ""селищем ім. Горького""}]","[{""label"": ""PERS"", ""text"": ""Світлана Панаіотіді"", ""start"": 50, ""end"": 69}, {""label"": ""PERS"", ""text"": ""Агія Загребельська"", ""start"": 72, ""end"": 90}, {""label"": ""ORG"", ""text"": ""КП «Капітальне будівництво міста Миколаєва»"", ""start"": 91, ""end"": 134}, {""label"": ""DATE"", ""text"": ""23 жовтня"", ""start"": 135, ""end"": 144}, {""label"": ""ORG"", ""text"": ""ПрАТ «Житлопромбуд-8»"", ""start"": 160, ""end"": 181}, {""label"": ""ART"", ""text"": ""пішохідного мосту"", ""start"": 197, ""end"": 214}, {""label"": ""LOC"", ""text"": ""обласним центром та селищем ім. Горького"", ""start"": 219, ""end"": 259}]"
601f0f9c4670996de6639e0d7db96361ea29c11c59b3d7faf62a26c8fa192069,"Вартість угоди складає 7,95 млн грн .","[{""label"": ""MON"", ""text"": ""7,95 млн грн""}]","[{""label"": ""MON"", ""text"": ""7,95 млн грн"", ""start"": 23, ""end"": 35}]"
a214e4e24bd6e2aae3a43180381b115a50a34c4c09990d72b6d5e0f812d2a043,Про це повідомляється у « Віснику державних закупівель ».,"[{""label"": ""ART"", ""text"": ""Віснику державних закупівель""}]","[{""label"": ""ORG"", ""text"": ""« Віснику державних закупівель »"", ""start"": 24, ""end"": 56}]"
88f3e9bfb063539a28237ae5689bf0ea48718e16020c19b24a90029d93fd9aab,Міст треба збудувати протягом 2013-2014 року .,"[{""label"": ""PERIOD"", ""text"": ""2013-2014 року""}]","[{""label"": ""ART"", ""text"": ""Міст"", ""start"": 0, ""end"": 4}, {""label"": ""PERIOD"", ""text"": ""2013-2014 року"", ""start"": 30, ""end"": 44}]"
53bb788755d20ee15657ee3445fa21fce969ea1f328914dda7f549879bbaff15,"Йдеться про пішохідний міст закритого типу у місці перетину залізничних колій в районі залізничного вокзалу ст. Миколаїв-Сортувальна на 228км +80 дільниці Долінська – Миколаїв , з улаштуванням електроосвітлення та відеоспостереження в закритій частині.","[{""label"": ""LOC"", ""text"": ""ст. Миколаїв-Сортувальна""}, {""label"": ""QUANT"", ""text"": ""228км""}, {""label"": ""LOC"", ""text"": ""Долінська – Миколаїв""}]","[{""label"": ""ART"", ""text"": ""пішохідний міст закритого типу"", ""start"": 12, ""end"": 42}, {""label"": ""LOC"", ""text"": ""228км +80 дільниці Долінська – Миколаїв"", ""start"": 136, ""end"": 175}]"
0e371fb0ad74bb3314ebc1c89185a794dc7b727a781a6627db16e2955f1428ce,Міст з'єднає Привокзальну площу міста з селищем ім. Горького .,"[{""label"": ""LOC"", ""text"": ""Привокзальну площу""}, {""label"": ""LOC"", ""text"": ""ім. Горького""}]","[{""label"": ""ORG"", ""text"": ""Міст"", ""start"": 0, ""end"": 4}, {""label"": ""LOC"", ""text"": ""Привокзальну площу міста"", ""start"": 13, ""end"": 37}]"
7ccf5ec62efd5415ac0cd09be823944384ae37747ff815154c2efe9f851a9342,Територія з боку селища підлягає благоустрою.,[],"[{""label"": ""LOC"", ""text"": ""Територія з боку селища"", ""start"": 0, ""end"": 23}]"
b3c4b0cc5cca2e9381e584c469c54320dfaff651a25d9370a0564949e79e5195,"Єдиним конкурентом на торгах було ТОВ «Миколаївське спеціалізоване управління №28» з пропозицією на 1,95 млн грн. дорожчою.","[{""label"": ""ORG"", ""text"": ""ТОВ «Миколаївське спеціалізоване управління №28»""}, {""label"": ""MON"", ""text"": ""1,95 млн грн.""}]","[{""label"": ""ORG"", ""text"": ""ТОВ «Миколаївське спеціалізоване управління №28»"", ""start"": 34, ""end"": 82}, {""label"": ""MON"", ""text"": ""1,95 млн грн"", ""start"": 100, ""end"": 112}]"
6038e1d9659a52e9ee0e864bb2d446e3aa9d8dc6515e7b1bebc173b31b6d1217,"Власниками « Житлопромбуд-8 » є Іван Стерпул ( 81% ), Олександр Стерпул ( 10% ), а також Олена Авдєєва ( 8% ). Григорій Стерпул відомий як бізнес-партнер президента регіональної Торгово-промислової палати Миколаївської області Ігоря Катвалюка , який раніше був заступником голови Миколаївської облдержадміністрації . Катвалюк і Стерпул ще у 2006 році заснували ТОВ «Полімайстер» .","[{""label"": ""ORG"", ""text"": ""Житлопромбуд-8""}, {""label"": ""PERS"", ""text"": ""Іван Стерпул""}, {""label"": ""PCT"", ""text"": ""81%""}, {""label"": ""PERS"", ""text"": ""Олександр Стерпул""}, {""label"": ""PCT"", ""text"": ""10%""}, {""label"": ""PERS"", ""text"": ""Олена Авдєєва""}, {""label"": ""PCT"", ""text"": ""8%""}, {""label"": ""PERS"", ""text"": ""Григорій Стерпул""}, {""label"": ""JOB"", ""text"": ""бізнес-партнер""}, {""label"": ""JOB"", ""text"": ""президента""}, {""label"": ""ORG"", ""text"": ""Торгово-промислової палати Миколаївської області""}, {""label"": ""PERS"", ""text"": ""Ігоря Катвалюка""}, {""label"": ""JOB"", ""text"": ""заступником голови""}, {""label"": ""ORG"", ""text"": ""Миколаївської облдержадміністрації""}, {""label"": ""PERS"", ""text"": ""Катвалюк""}, {""label"": ""PERS"", ""text"": ""Стерпул""}, {""label"": ""DATE"", ""text"": ""2006 році""}, {""label"": ""ORG"", ""text"": ""ТОВ «Полімайстер»""}]","[{""label"": ""ORG"", ""text"": ""Житлопромбуд-8"", ""start"": 13, ""end"": 27}, {""label"": ""PERS"", ""text"": ""Іван Стерпул"", ""start"": 32, ""end"": 44}, {""label"": ""PCT"", ""text"": ""81%"", ""start"": 47, ""end"": 50}, {""label"": ""PERS"", ""text"": ""Олександр Стерпул"", ""start"": 54, ""end"": 71}, {""label"": ""PCT"", ""text"": ""10%"", ""start"": 74, ""end"": 77}, {""label"": ""PERS"", ""text"": ""Олена Авдєєва"", ""start"": 89, ""end"": 102}, {""label"": ""PCT"", ""text"": ""8%"", ""start"": 105, ""end"": 107}, {""label"": ""PERS"", ""text"": ""Григорій Стерпул"", ""start"": 111, ""end"": 127}, {""label"": ""PERS"", ""text"": ""Ігоря Катвалюка"", ""start"": 227, ""end"": 242}, {""label"": ""JOB"", ""text"": ""заступником голови Миколаївської облдержадміністрації"", ""start"": 261, ""end"": 314}, {""label"": ""ORG"", ""text"": ""ТОВ «Полімайстер»"", ""start"": 361, ""end"": 378}]"
f32ba68b55d5ae9563b45d1fdadfba13e3015dedd8d6ee445ee0bf31d557f3c7,"Однак у інтерв'ю місцевим ЗМІ Стерпул і Катвалюк заявляють, що вони не є бізнес-партнерами .","[{""label"": ""PERS"", ""text"": ""Стерпул""}, {""label"": ""PERS"", ""text"": ""Катвалюк""}, {""label"": ""JOB"", ""text"": ""бізнес-партнерами""}]","[{""label"": ""PERS"", ""text"": ""Стерпул"", ""start"": 30, ""end"": 37}, {""label"": ""PERS"", ""text"": ""Катвалюк"", ""start"": 40, ""end"": 48}]"
20af525aebcb055982f031a8d45c38b7b72d35262f6ffea28fa56c64cb1d564d,"З часу заснування « Вісника державних закупівель » у 2008 році фірма « Житлопромбуд-8 » отримала підрядів на 167,10 млн грн .","[{""label"": ""ART"", ""text"": ""Вісника державних закупівель""}, {""label"": ""DATE"", ""text"": ""2008 році""}, {""label"": ""ORG"", ""text"": ""Житлопромбуд-8""}, {""label"": ""MON"", ""text"": ""167,10 млн грн""}]","[{""label"": ""DATE"", ""text"": ""2008 році"", ""start"": 53, ""end"": 62}, {""label"": ""ORG"", ""text"": ""Житлопромбуд-8"", ""start"": 71, ""end"": 85}, {""label"": ""MON"", ""text"": ""167,10 млн грн"", ""start"": 109, ""end"": 123}]"
3c8d244c5a43f4887426e890ffc0f3281ff43fab8bb6164b7fe6a546bb98b285,"Наразі через відсутність моста жителі змушені щодня переходити залізничні колії, що незручно і небезпечно.",[],"[{""label"": ""ART"", ""text"": ""моста"", ""start"": 25, ""end"": 30}, {""label"": ""PERS"", ""text"": ""жителі"", ""start"": 31, ""end"": 37}, {""label"": ""LOC"", ""text"": ""залізничні колії"", ""start"": 63, ""end"": 79}]"
0c2291cb850a89052260676a5ab1c401368df831322b397402c4458776c77863,"За інформацією ЗМІ, міст між селищем Горького і Миколаєвим місцева влада обіцяла почати будувати ще у 2012 році .","[{""label"": ""LOC"", ""text"": ""Горького""}, {""label"": ""LOC"", ""text"": ""Миколаєвим""}, {""label"": ""DATE"", ""text"": ""2012 році""}]","[{""label"": ""ORG"", ""text"": ""ЗМІ"", ""start"": 15, ""end"": 18}, {""label"": ""LOC"", ""text"": ""Горького"", ""start"": 37, ""end"": 45}, {""label"": ""LOC"", ""text"": ""Миколаєвим"", ""start"": 48, ""end"": 58}, {""label"": ""ORG"", ""text"": ""місцева влада"", ""start"": 59, ""end"": 72}, {""label"": ""DATE"", ""text"": ""2012 році"", ""start"": 102, ""end"": 111}]"
cfad8c61f8e3c09966878b176edc485f5d6a7819d3b402aeb75118faab07e469,Було підготовлено звернення до губернатора області Миколи Круглова і тодішнього віце-прем'єр міністра Бориса Колеснікова із прохання виділити субвенцію для співфінансування будівництва мосту в обсязі 50% вартості.,"[{""label"": ""JOB"", ""text"": ""губернатора""}, {""label"": ""PERS"", ""text"": ""Миколи Круглова""}, {""label"": ""JOB"", ""text"": ""віце-прем'єр міністра""}, {""label"": ""PERS"", ""text"": ""Бориса Колеснікова""}, {""label"": ""PCT"", ""text"": ""50%""}]","[{""label"": ""LOC"", ""text"": ""області"", ""start"": 43, ""end"": 50}, {""label"": ""PERS"", ""text"": ""Миколи Круглова"", ""start"": 51, ""end"": 66}, {""label"": ""JOB"", ""text"": ""тодішнього віце-прем'єр міністра"", ""start"": 69, ""end"": 101}, {""label"": ""PERS"", ""text"": ""Бориса Колеснікова"", ""start"": 102, ""end"": 120}, {""label"": ""ART"", ""text"": ""мосту"", ""start"": 185, ""end"": 190}, {""label"": ""PCT"", ""text"": ""50%"", ""start"": 200, ""end"": 203}]"
922cbcb69d41f88f536f58a70c8160fb9725d6819f2be75ac841bf07481ba0fa,"Однак за інформацією « Вісника державних закупівель », підряд « Житлопромбуд-8 » фінансувався з місцевого бюджету. Прокуратура Волинської області 27 серпня за результатами тендеру уклала угоду з ПАТ «Луцьксантехмонтаж 536» на реконструкцію своєї адмінбудівлі за 6,47 млн грн. про це повідомляється у « Вісник удержаних закупівель ».","[{""label"": ""ART"", ""text"": ""Вісника державних закупівель""}, {""label"": ""ORG"", ""text"": ""Житлопромбуд-8""}, {""label"": ""ORG"", ""text"": ""Прокуратура Волинської області""}, {""label"": ""DATE"", ""text"": ""27 серпня""}, {""label"": ""ORG"", ""text"": ""ПАТ «Луцьксантехмонтаж 536»""}, {""label"": ""MON"", ""text"": ""6,47 млн грн.""}, {""label"": ""ART"", ""text"": ""Вісник удержаних закупівель""}]","[{""label"": ""ORG"", ""text"": ""Житлопромбуд-8"", ""start"": 64, ""end"": 78}, {""label"": ""DATE"", ""text"": ""27 серпня"", ""start"": 146, ""end"": 155}, {""label"": ""ORG"", ""text"": ""ПАТ «Луцьксантехмонтаж 536»"", ""start"": 195, ""end"": 222}, {""label"": ""MON"", ""text"": ""6,47 млн грн"", ""start"": 262, ""end"": 274}]"
883652efc221edf32e69c22fec6abc39c2ec99cdfe5cf51fbaf577f5b70d6d9a,"Згідно з техзавданням у приміщенні прокуратури мають утеплити стіни, замінити війна й двері, зробити перехідну галерею, реконструювати комунікації, встановити обладнання і техніку в буфеті й на кухні, також обставити приміщення новими офісними меблями, облаштувати дві гостьові спальні кімнати, здійснити благоустрій та озеленення території.",[],"[{""label"": ""ORG"", ""text"": ""прокуратури"", ""start"": 35, ""end"": 46}, {""label"": ""ART"", ""text"": ""утеплити стіни"", ""start"": 53, ""end"": 67}, {""label"": ""ART"", ""text"": ""обладнання і техніку"", ""start"": 159, ""end"": 179}, {""label"": ""ART"", ""text"": ""новими офісними меблями"", ""start"": 228, ""end"": 251}]"
0a03f048f895e86e6b6b89519d7f233b1c09490bf0413416bcf47dde4bb7d735,"Реконструкцію проводять коштом державного бюджету, завершити повинні до 2017 р .","[{""label"": ""DATE"", ""text"": ""2017 р""}]","[{""label"": ""MISC"", ""text"": ""Реконструкцію"", ""start"": 0, ""end"": 13}, {""label"": ""ORG"", ""text"": ""державного бюджету"", ""start"": 31, ""end"": 49}, {""label"": ""DATE"", ""text"": ""2017 р ."", ""start"": 72, ""end"": 80}]"
cae4b597ab524150e9206c92940e3124b0160b6f2ef9e5651759ccf10f11fa7c,"Згідно з даними SMIDA , основним власником фірми « Луцьксантехмонтаж 536 » є член виконавчого комітету Луцької міської ради Віктор Чорнуха .","[{""label"": ""ORG"", ""text"": ""SMIDA""}, {""label"": ""ORG"", ""text"": ""Луцьксантехмонтаж 536""}, {""label"": ""ORG"", ""text"": ""Луцької міської ради""}, {""label"": ""PERS"", ""text"": ""Віктор Чорнуха""}]","[{""label"": ""ORG"", ""text"": ""Луцьксантехмонтаж 536"", ""start"": 51, ""end"": 72}, {""label"": ""LOC"", ""text"": ""Луцької міської ради"", ""start"": 103, ""end"": 123}, {""label"": ""PERS"", ""text"": ""Віктор Чорнуха"", ""start"": 124, ""end"": 138}]"
4bee33b77cd405061d6988304a8b98362410decec6fab038ecabc4eacec85b4d,У 2006-2010 р. він був депутатом Волинської облради від ВО «Батьківщина» .,"[{""label"": ""PERIOD"", ""text"": ""2006-2010 р.""}, {""label"": ""JOB"", ""text"": ""депутатом""}, {""label"": ""ORG"", ""text"": ""Волинської облради""}, {""label"": ""ORG"", ""text"": ""ВО «Батьківщина»""}]","[{""label"": ""PERIOD"", ""text"": ""2006-2010 р."", ""start"": 2, ""end"": 14}, {""label"": ""JOB"", ""text"": ""депутатом"", ""start"": 23, ""end"": 32}, {""label"": ""LOC"", ""text"": ""Волинської облради"", ""start"": 33, ""end"": 51}, {""label"": ""ORG"", ""text"": ""ВО «Батьківщина»"", ""start"": 56, ""end"": 72}]"
50853ad7663f461afad40a860509469cd4130ab19f6106c8aac6600518c1e38a,"Ця фірма найбільше відома тим, що раніше регулярно розігрувала тендери зі своєю колишньою дочірньою фірмою ТзОВ «Житлобуд-2» , основним власником котрої « Луцьксантехмонтаж №536 » був від початку її існування і до липня 2012 р .","[{""label"": ""ORG"", ""text"": ""ТзОВ «Житлобуд-2»""}, {""label"": ""ORG"", ""text"": ""Луцьксантехмонтаж №536""}, {""label"": ""PERIOD"", ""text"": ""початку її існування і до липня 2012 р""}]","[{""label"": ""ORG"", ""text"": ""ТзОВ «Житлобуд-2»"", ""start"": 107, ""end"": 124}, {""label"": ""ORG"", ""text"": ""Луцьксантехмонтаж №536"", ""start"": 155, ""end"": 177}, {""label"": ""DATE"", ""text"": ""липня 2012 р ."", ""start"": 214, ""end"": 228}]"
0ef8648ac28ae9c09882938cfd4f690f1a91f18ff4894f59175abf71b18f9edb,"За участі лише цих двох компаній пройшли тендери на вартістю 34,29 млн грн. на будівництво школи, 6,99 млн грн. на будівництво житлового будинку та 7,37 млн грн. на реконструкцію відділку МВС .","[{""label"": ""MON"", ""text"": ""34,29 млн грн.""}, {""label"": ""MON"", ""text"": ""6,99 млн грн.""}, {""label"": ""MON"", ""text"": ""7,37 млн грн.""}, {""label"": ""ORG"", ""text"": ""МВС""}]","[{""label"": ""MON"", ""text"": ""34,29 млн грн."", ""start"": 61, ""end"": 75}, {""label"": ""MON"", ""text"": ""6,99 млн грн."", ""start"": 98, ""end"": 111}, {""label"": ""MON"", ""text"": ""7,37 млн грн."", ""start"": 148, ""end"": 161}, {""label"": ""ORG"", ""text"": ""МВС"", ""start"": 188, ""end"": 191}]"
6ab7faa549e0bd8d0ba76a55e67e30c4f331b6be3cce239c4c95c3d40c15cf02,"Цього разу єдиним конкурентом « Луцьксантехмонтажу » було ТОВ «Маневичіагробуд» , яку заснували Валерій та Людмила Політило , а також депутат Мановецької райради Андрій Сопронюк (« Батьківщина »).","[{""label"": ""ORG"", ""text"": ""Луцьксантехмонтажу""}, {""label"": ""ORG"", ""text"": ""ТОВ «Маневичіагробуд»""}, {""label"": ""PERS"", ""text"": ""Валерій та Людмила Політило""}, {""label"": ""JOB"", ""text"": ""депутат""}, {""label"": ""ORG"", ""text"": ""Мановецької райради""}, {""label"": ""PERS"", ""text"": ""Андрій Сопронюк""}, {""label"": ""ORG"", ""text"": ""Батьківщина""}]","[{""label"": ""ORG"", ""text"": ""Луцьксантехмонтажу"", ""start"": 32, ""end"": 50}, {""label"": ""ORG"", ""text"": ""ТОВ «Маневичіагробуд»"", ""start"": 58, ""end"": 79}, {""label"": ""PERS"", ""text"": ""Людмила Політило"", ""start"": 107, ""end"": 123}, {""label"": ""LOC"", ""text"": ""Мановецької райради"", ""start"": 142, ""end"": 161}, {""label"": ""PERS"", ""text"": ""Андрій Сопронюк"", ""start"": 162, ""end"": 177}, {""label"": ""JOB"", ""text"": ""Батьківщина"", ""start"": 181, ""end"": 192}]"
0eb699ee111ecdbb182e9cf7510fb6ce0483eef6bc7f76f401d84986f1832b69,"Фірм програла з різницею в 0,14% .","[{""label"": ""PCT"", ""text"": ""0,14%""}]","[{""label"": ""PERS"", ""text"": ""Фірм"", ""start"": 0, ""end"": 4}, {""label"": ""PCT"", ""text"": ""0,14%"", ""start"": 27, ""end"": 32}]"
07b192d02815ffab43ab264f93d8e18f9499de9c5faa321b0c0f6f74f2884c7e,"За даними « ВДЗ », за останні п'ять років фірма « Луцьксантехмонтаж » виграла тендерів на 381,43 млн грн. , а « Маневичіагробуд » лише один – на будівництво очисних споруд каналізації у смт. Маневичі за 725 тис грн. ( 2008 р. ). ДП «НАЕК «Енергоатом» 6 вересня за результатами тендерів уклало низку угод з ПАТ «НВП Радій» і ПрАТ «Сєвєродонецьке науково-виробниче об'єднання «Імпульс» на постачання обладнання вартістю 103,01 млн грн .","[{""label"": ""ART"", ""text"": ""ВДЗ""}, {""label"": ""PERIOD"", ""text"": ""п'ять років""}, {""label"": ""ORG"", ""text"": ""Луцьксантехмонтаж""}, {""label"": ""MON"", ""text"": ""381,43 млн грн.""}, {""label"": ""ORG"", ""text"": ""Маневичіагробуд""}, {""label"": ""LOC"", ""text"": ""Маневичі""}, {""label"": ""MON"", ""text"": ""725 тис грн.""}, {""label"": ""DATE"", ""text"": ""2008 р.""}, {""label"": ""ORG"", ""text"": ""ДП «НАЕК «Енергоатом»""}, {""label"": ""DATE"", ""text"": ""6 вересня""}, {""label"": ""ORG"", ""text"": ""ПАТ «НВП Радій»""}, {""label"": ""ORG"", ""text"": ""ПрАТ «Сєвєродонецьке науково-виробниче об'єднання «Імпульс»""}, {""label"": ""MON"", ""text"": ""103,01 млн грн""}]","[{""label"": ""ORG"", ""text"": ""ВДЗ"", ""start"": 12, ""end"": 15}, {""label"": ""PERIOD"", ""text"": ""останні п'ять років"", ""start"": 22, ""end"": 41}, {""label"": ""ORG"", ""text"": ""Луцьксантехмонтаж"", ""start"": 50, ""end"": 67}, {""label"": ""MON"", ""text"": ""381,43 млн грн."", ""start"": 90, ""end"": 105}, {""label"": ""ORG"", ""text"": ""Маневичіагробуд"", ""start"": 112, ""end"": 127}, {""label"": ""LOC"", ""text"": ""смт. Маневичі"", ""start"": 186, ""end"": 199}, {""label"": ""DATE"", ""text"": ""2008 р."", ""start"": 218, ""end"": 225}, {""label"": ""ORG"", ""text"": ""ДП «НАЕК «Енергоатом»"", ""start"": 229, ""end"": 250}, {""label"": ""DATE"", ""text"": ""6 вересня"", ""start"": 251, ""end"": 260}, {""label"": ""ORG"", ""text"": ""ПАТ «НВП Радій»"", ""start"": 306, ""end"": 321}, {""label"": ""ORG"", ""text"": ""ПрАТ «Сєвєродонецьке науково-виробниче об'єднання «Імпульс»"", ""start"": 324, ""end"": 383}, {""label"": ""MON"", ""text"": ""103,01 млн грн"", ""start"": 418, ""end"": 432}]"
f6caf9e1ec4735ee635225bea2855853399e4ff3d345ebd77a4cbc65b790e1d7,Про це повідомляється в « Віснику державних закупівель ».,"[{""label"": ""ART"", ""text"": ""Віснику державних закупівель""}]","[{""label"": ""ORG"", ""text"": ""« Віснику державних закупівель »"", ""start"": 24, ""end"": 56}]"
7622c64aeac03279b9f16a7cbb0be9cadd352911b7f014fd8cfccdf3f8fa4793,"« Імпульс » отримає 35,66 млн грн. за технічні засоби верхнього рівня інформаційно-обчислювальної системи ( ВР ІОС ) для ВП ЗАЕС , бл. №2.","[{""label"": ""ORG"", ""text"": ""Імпульс""}, {""label"": ""MON"", ""text"": ""35,66 млн грн.""}, {""label"": ""MISC"", ""text"": ""ВР ІОС""}, {""label"": ""ORG"", ""text"": ""ВП ЗАЕС""}]","[{""label"": ""ORG"", ""text"": ""« Імпульс »"", ""start"": 0, ""end"": 11}, {""label"": ""MON"", ""text"": ""35,66 млн грн."", ""start"": 20, ""end"": 34}]"
86d07dabb54467d4367223600bef6f43d7e38d300f2e79654d1b59e5921fc8d6,"« Радій » отримає 67,34 млн грн. програмно-технічний комплекс системи групового та індивідуального керування ( ПТК СГИУ ) для ЮУАЕС , а також обладнання СПС для ВП ЗАЕС і обладнання автоматичного пожежогасіння для ВП ЗАЕС .","[{""label"": ""ORG"", ""text"": ""Радій""}, {""label"": ""MON"", ""text"": ""67,34 млн грн.""}, {""label"": ""MISC"", ""text"": ""ПТК СГИУ""}, {""label"": ""ORG"", ""text"": ""ЮУАЕС""}, {""label"": ""ORG"", ""text"": ""ВП ЗАЕС""}, {""label"": ""ORG"", ""text"": ""ВП ЗАЕС""}]","[{""label"": ""PERS"", ""text"": ""Радій"", ""start"": 2, ""end"": 7}, {""label"": ""MON"", ""text"": ""67,34 млн грн"", ""start"": 18, ""end"": 31}, {""label"": ""ART"", ""text"": ""програмно-технічний комплекс системи групового та індивідуального керування ( ПТК СГИУ )"", ""start"": 33, ""end"": 121}, {""label"": ""LOC"", ""text"": ""ЮУАЕС"", ""start"": 126, ""end"": 131}, {""label"": ""ART"", ""text"": ""обладнання СПС"", ""start"": 142, ""end"": 156}, {""label"": ""ORG"", ""text"": ""ВП ЗАЕС"", ""start"": 161, ""end"": 168}, {""label"": ""ART"", ""text"": ""обладнання автоматичного пожежогасіння"", ""start"": 171, ""end"": 209}, {""label"": ""ORG"", ""text"": ""ВП ЗАЕС"", ""start"": 214, ""end"": 221}]"
e8709ca900aeb6e74c6273464d3cc656d425cbdd9f6cf8f6bcc694a316a5bfc6,Ці компанії фігурували в звіті Держфінінспекції про зловживання в системі « Енергоатом ».,"[{""label"": ""ORG"", ""text"": ""Держфінінспекції""}, {""label"": ""ORG"", ""text"": ""Енергоатом""}]","[{""label"": ""ORG"", ""text"": ""Держфінінспекції"", ""start"": 31, ""end"": 47}, {""label"": ""ORG"", ""text"": ""Енергоатом"", ""start"": 76, ""end"": 86}]"
109963ec52ad0521a2f6f327e9970d50b688c3a1956745f3a5d87f4428117197,"За даними ревізорів , кілька угод з цими фірмами призвели до збитків держкомпанії, або не були погоджені аудиторами .","[{""label"": ""JOB"", ""text"": ""ревізорів""}, {""label"": ""JOB"", ""text"": ""аудиторами""}]","[{""label"": ""PERS"", ""text"": ""ревізорів"", ""start"": 10, ""end"": 19}, {""label"": ""ORG"", ""text"": ""держкомпанії"", ""start"": 69, ""end"": 81}]"
122dc9dcc7a71937af6b047019e9779545e931b30759fcca7f2e4a2bb27a79de,"Загалом в 2012 « Радій » отримав в системі « Енергоатому підряди на 478,05 млн грн. , « Імпульс » – 538,90 млн грн .","[{""label"": ""DATE"", ""text"": ""2012""}, {""label"": ""ORG"", ""text"": ""Радій""}, {""label"": ""ORG"", ""text"": ""Енергоатому""}, {""label"": ""MON"", ""text"": ""478,05 млн грн.""}, {""label"": ""ORG"", ""text"": ""Імпульс""}, {""label"": ""MON"", ""text"": ""538,90 млн грн""}]","[{""label"": ""PERIOD"", ""text"": ""2012"", ""start"": 10, ""end"": 14}, {""label"": ""ORG"", ""text"": ""Радій"", ""start"": 17, ""end"": 22}, {""label"": ""ORG"", ""text"": ""Енергоатому"", ""start"": 45, ""end"": 56}, {""label"": ""MON"", ""text"": ""478,05 млн грн."", ""start"": 68, ""end"": 83}, {""label"": ""ORG"", ""text"": ""Імпульс"", ""start"": 88, ""end"": 95}, {""label"": ""MON"", ""text"": ""538,90 млн грн"", ""start"": 100, ""end"": 114}]"
219e1d3dfb53a2856dde336cc0d0be9d1a8229695abc0c19dc74c62889f1805a,"Загалом з початку року « Енергоатом » і його відокремлені підрозділи провели тендера на 4,19 млрд грн .","[{""label"": ""DATE"", ""text"": ""початку року""}, {""label"": ""ORG"", ""text"": ""Енергоатом""}, {""label"": ""MON"", ""text"": ""4,19 млрд грн""}]","[{""label"": ""PERIOD"", ""text"": ""початку року"", ""start"": 10, ""end"": 22}, {""label"": ""ORG"", ""text"": ""Енергоатом"", ""start"": 25, ""end"": 35}, {""label"": ""MON"", ""text"": ""4,19 млрд грн"", ""start"": 88, ""end"": 101}]"
db3f8ca3bfbeaf962f571c6c0d4719daef6c8468558cf7a3ffd2c34d836c79f4,Найбільшим акціонером кіровоградського ПАТ «НВП Радій» є голова правління Євген Бахмач ( 23% акцій). ПрАТ «Сєвєродонецьке науково-виробниче об'єднання «Імпульс» контролюється головою правління Володимиром Єлісєєвим .,"[{""label"": ""ORG"", ""text"": ""ПАТ «НВП Радій»""}, {""label"": ""JOB"", ""text"": ""голова правління""}, {""label"": ""PERS"", ""text"": ""Євген Бахмач""}, {""label"": ""PCT"", ""text"": ""23%""}, {""label"": ""ORG"", ""text"": ""ПрАТ «Сєвєродонецьке науково-виробниче об'єднання «Імпульс»""}, {""label"": ""JOB"", ""text"": ""головою правління""}, {""label"": ""PERS"", ""text"": ""Володимиром Єлісєєвим""}]","[{""label"": ""ORG"", ""text"": ""ПАТ «НВП Радій»"", ""start"": 39, ""end"": 54}, {""label"": ""JOB"", ""text"": ""голова правління"", ""start"": 57, ""end"": 73}, {""label"": ""PERS"", ""text"": ""Євген Бахмач"", ""start"": 74, ""end"": 86}, {""label"": ""PCT"", ""text"": ""23%"", ""start"": 89, ""end"": 92}, {""label"": ""ORG"", ""text"": ""ПрАТ «Сєвєродонецьке науково-виробниче об'єднання «Імпульс»"", ""start"": 101, ""end"": 160}, {""label"": ""JOB"", ""text"": ""головою правління"", ""start"": 175, ""end"": 192}, {""label"": ""PERS"", ""text"": ""Володимиром Єлісєєвим"", ""start"": 193, ""end"": 214}]"
7fdd5bb0f775df8c0700d039efa97914ce1091348549f1690621f390b96153d1,"Окрім вказаних фірм лише дві компанії цього року отримали від « Енергоатому » більше 100 млн грн . ТОВ «Енергоплюс» отримало підряд 143,30 млн грн . Засновниками ТОВ «Енергоплюс» зі статутним капіталом 68 тис грн. є киянин Дмитро Бондар та запоріжець Руслан Лопатко .","[{""label"": ""DATE"", ""text"": ""цього року""}, {""label"": ""ORG"", ""text"": ""Енергоатому""}, {""label"": ""MON"", ""text"": ""100 млн грн""}, {""label"": ""ORG"", ""text"": ""ТОВ «Енергоплюс»""}, {""label"": ""MON"", ""text"": ""143,30 млн грн""}, {""label"": ""JOB"", ""text"": ""Засновниками""}, {""label"": ""ORG"", ""text"": ""ТОВ «Енергоплюс»""}, {""label"": ""MON"", ""text"": ""68 тис грн.""}, {""label"": ""PERS"", ""text"": ""Дмитро Бондар""}, {""label"": ""PERS"", ""text"": ""Руслан Лопатко""}]","[{""label"": ""ORG"", ""text"": ""« Енергоатому »"", ""start"": 62, ""end"": 77}, {""label"": ""MON"", ""text"": ""100 млн грн"", ""start"": 85, ""end"": 96}, {""label"": ""ORG"", ""text"": ""ТОВ «Енергоплюс»"", ""start"": 99, ""end"": 115}, {""label"": ""MON"", ""text"": ""143,30 млн грн"", ""start"": 132, ""end"": 146}, {""label"": ""ORG"", ""text"": ""ТОВ «Енергоплюс»"", ""start"": 162, ""end"": 178}, {""label"": ""MON"", ""text"": ""68 тис грн"", ""start"": 202, ""end"": 212}, {""label"": ""PERS"", ""text"": ""Дмитро Бондар"", ""start"": 223, ""end"": 236}, {""label"": ""PERS"", ""text"": ""Руслан Лопатко"", ""start"": 251, ""end"": 265}]"
d7ae0dfcd27ce7a49d15e09834c35db53410f6dfb94156ae0d75e8b5a1d996fc,"Цю фірму в ЗМІ називають «псеводпідрядником», який виграє тендери в системі « Енергоатому » для подальшої передачі субпідрядів без використання тендерних процедур. ТОВ «РЗВА-електрик» отримало підряди на 133,46 млн грн .","[{""label"": ""ORG"", ""text"": ""Енергоатому""}, {""label"": ""ORG"", ""text"": ""ТОВ «РЗВА-електрик»""}, {""label"": ""MON"", ""text"": ""133,46 млн грн""}]","[{""label"": ""JOB"", ""text"": ""псеводпідрядником"", ""start"": 26, ""end"": 43}, {""label"": ""ORG"", ""text"": ""Енергоатому"", ""start"": 78, ""end"": 89}, {""label"": ""ORG"", ""text"": ""ТОВ «РЗВА-електрик»"", ""start"": 164, ""end"": 183}, {""label"": ""MON"", ""text"": ""133,46 млн грн"", ""start"": 204, ""end"": 218}]"
658b31ef998fa665919e5e1cb031b32cdba86d34f4c3fcebe0457592163967ae,Рівненська фірма належить двом кіпрським офшорам – « Малінко лімітед » і « Ремістле лімітед ».,"[{""label"": ""ORG"", ""text"": ""Малінко лімітед""}, {""label"": ""ORG"", ""text"": ""Ремістле лімітед""}]","[{""label"": ""ORG"", ""text"": ""Рівненська фірма"", ""start"": 0, ""end"": 16}, {""label"": ""ORG"", ""text"": ""Малінко лімітед"", ""start"": 53, ""end"": 68}, {""label"": ""ORG"", ""text"": ""Ремістле лімітед"", ""start"": 75, ""end"": 91}]"
05b89ecf61e095b42b4ca3b5e8f66169a35ab4876675dc5eca40865dd8ac932d,Через ці фірми український завод контролюється російським « Високовольтним союзом ». Відділ освіти Буської РДА опублікував повідомлення про намір укласти договір з ТОВ «Пласт» на реконструкцію басейну дитячо-юнацької спортивної школи.,"[{""label"": ""ORG"", ""text"": ""Високовольтним союзом""}, {""label"": ""ORG"", ""text"": ""Відділ освіти Буської РДА""}, {""label"": ""ORG"", ""text"": ""ТОВ «Пласт»""}]","[{""label"": ""ORG"", ""text"": ""український завод"", ""start"": 15, ""end"": 32}, {""label"": ""ORG"", ""text"": ""російським « Високовольтним союзом »"", ""start"": 47, ""end"": 83}, {""label"": ""ORG"", ""text"": ""Відділ освіти Буської РДА"", ""start"": 85, ""end"": 110}, {""label"": ""ORG"", ""text"": ""ТОВ «Пласт»"", ""start"": 164, ""end"": 175}]"
375e5e3f9b65078b09c26189e61f6f330aeafab0d2a11819a2e041f411886ba4,"Очікувана сума договору становить 11,88 млн грн .","[{""label"": ""MON"", ""text"": ""11,88 млн грн""}]","[{""label"": ""MON"", ""text"": ""11,88 млн грн"", ""start"": 34, ""end"": 47}]"
d4a4f9125ff32a6c84efbe59fda738a3142c54265d0d45ebb5c7f71a16b087d0,Про це написали « Наші гроші. Львів » з посиланням на систему « Прозорро ».,"[{""label"": ""ART"", ""text"": ""Наші гроші. Львів""}, {""label"": ""ORG"", ""text"": ""Прозорро""}]","[{""label"": ""ORG"", ""text"": ""Наші гроші. Львів"", ""start"": 18, ""end"": 35}]"
a9ee022d957c68088bb7b9cf0035b6b915746e3de07abe37f3476e3593cda854,"За ці кошти підрядник повністю демонтує покрівлю, підлогу та вікна, замінить їх, обладнає басейн новою системою опалення та вентиляції.",[],"[{""label"": ""JOB"", ""text"": ""підрядник"", ""start"": 12, ""end"": 21}, {""label"": ""ART"", ""text"": ""покрівлю, підлогу та вікна"", ""start"": 40, ""end"": 66}]"
95afa51ee5fa2547bc05c06365acc197be051eb9504b8b76e60e8815ca07201d,Також технічним завданням передбачено встановлення пандусів та підіймача для людей з інвалідністю.,[],"[{""label"": ""ART"", ""text"": ""пандусів та підіймача"", ""start"": 51, ""end"": 72}, {""label"": ""PERS"", ""text"": ""людей з інвалідністю"", ""start"": 77, ""end"": 97}]"
379535ba7f27a5525326a703ca7ae6279ccdd6aa46360e72ae2ccf2bc7231b91,Учасниками торгів було всього дві компанії: ТОВ «Пласт» і ТОВ «Галицький будівельник» .,"[{""label"": ""ORG"", ""text"": ""ТОВ «Пласт»""}, {""label"": ""ORG"", ""text"": ""ТОВ «Галицький будівельник»""}]","[{""label"": ""ORG"", ""text"": ""ТОВ «Пласт"", ""start"": 44, ""end"": 54}, {""label"": ""ORG"", ""text"": ""ТОВ «Галицький будівельник"", ""start"": 58, ""end"": 84}]"
34ac9da8b1545b2b4dfa382d26c0b223663588a6078031642cd46beb4f690794,"Пропозиція останнього відрізнялась від ціни переможця на 18 тис грн. , тобто на 0,15% від суми закупівлі.","[{""label"": ""MON"", ""text"": ""18 тис грн.""}, {""label"": ""PCT"", ""text"": ""0,15%""}]","[{""label"": ""PERS"", ""text"": ""останнього"", ""start"": 11, ""end"": 21}, {""label"": ""PERS"", ""text"": ""переможця"", ""start"": 44, ""end"": 53}, {""label"": ""MON"", ""text"": ""18 тис грн."", ""start"": 57, ""end"": 68}, {""label"": ""PCT"", ""text"": ""0,15%"", ""start"": 80, ""end"": 85}]"
27dd75a4937e03b443a0a534cf53bfdc5c08979ed4191b2d00a1bde8c72c1a63,Фірми не знижували ціну під час аукціону.,[],"[{""label"": ""ORG"", ""text"": ""Фірми"", ""start"": 0, ""end"": 5}]"
478df9c54c56f306fc95890436e5aab5a277c348e630026a82e35b71dead1f4b,"Причиною цього може бути те, що ці фірми пов'язані.",[],"[{""label"": ""ORG"", ""text"": ""фірми"", ""start"": 35, ""end"": 40}]"
a3fad8726f49d060c52c231e107ec63e4d58fdd8dd5c2e0b0739eeb199562b36,В обох підприємствах директором є Петро Орихівський .,"[{""label"": ""JOB"", ""text"": ""директором""}, {""label"": ""PERS"", ""text"": ""Петро Орихівський""}]","[{""label"": ""ORG"", ""text"": ""обох підприємствах"", ""start"": 2, ""end"": 20}, {""label"": ""JOB"", ""text"": ""директором"", ""start"": 21, ""end"": 31}, {""label"": ""PERS"", ""text"": ""Петро Орихівський"", ""start"": 34, ""end"": 51}]"
ee65c9496be45f425d0cbaa2914b18ac312cb4fb8e81d95a1e51719e3a2ebcec,"Крім того, йому належить 50% статутного капіталу ТОВ «Пласт» , решта – Василю Орихівському ( 25% ) та Васильків Олесі ( 25% ).","[{""label"": ""PCT"", ""text"": ""50%""}, {""label"": ""ORG"", ""text"": ""ТОВ «Пласт»""}, {""label"": ""PERS"", ""text"": ""Василю Орихівському""}, {""label"": ""PCT"", ""text"": ""25%""}, {""label"": ""PERS"", ""text"": ""Васильків Олесі""}, {""label"": ""PCT"", ""text"": ""25%""}]","[{""label"": ""PCT"", ""text"": ""50%"", ""start"": 25, ""end"": 28}, {""label"": ""ORG"", ""text"": ""ТОВ «Пласт»"", ""start"": 49, ""end"": 60}, {""label"": ""PERS"", ""text"": ""Василю Орихівському"", ""start"": 71, ""end"": 90}, {""label"": ""PCT"", ""text"": ""25%"", ""start"": 93, ""end"": 96}, {""label"": ""PERS"", ""text"": ""Васильків Олесі"", ""start"": 102, ""end"": 117}, {""label"": ""PCT"", ""text"": ""25%"", ""start"": 120, ""end"": 123}]"
c2f71dbb04953d45abbf8fad2cfc35593f55c885fc11133c0839574adb49898e,Також Петру Орихівському спільно з дочкою Марією Орихівською належать рівні частки ( 50% ) ТОВ «Галицький будівельник» .,"[{""label"": ""PERS"", ""text"": ""Петру Орихівському""}, {""label"": ""PERS"", ""text"": ""Марією Орихівською""}, {""label"": ""PCT"", ""text"": ""50%""}, {""label"": ""ORG"", ""text"": ""ТОВ «Галицький будівельник»""}]","[{""label"": ""PERS"", ""text"": ""Петру Орихівському"", ""start"": 6, ""end"": 24}, {""label"": ""PERS"", ""text"": ""Марією Орихівською"", ""start"": 42, ""end"": 60}, {""label"": ""PCT"", ""text"": ""50%"", ""start"": 85, ""end"": 88}, {""label"": ""ORG"", ""text"": ""ТОВ «Галицький будівельник»"", ""start"": 91, ""end"": 118}]"
4a57510de5972f5fda57226622b48f2ee0fc34bd534edd2daa6b614564b1ef2d,Тобто обидві фірми мають однакових співвласників.,[],"[{""label"": ""ORG"", ""text"": ""обидві фірми"", ""start"": 6, ""end"": 18}]"
8eed49b608732bb5c55bf1205c86d8ee3295dc9f59ff4df9a8d59443d9cc3a4a,"Згідно з п. 16 ст. 1 Закону України «Про публічні закупівлі» , пов'язаними є особи, які мають понад 25% статутного капіталу учасника процедури, а тому комітет забов'язаний відхилити пропозиції цих учасників і, відповідно, через відсутність інших компаній на торгах, скасувати закупівлю.","[{""label"": ""DOC"", ""text"": ""Закону України «Про публічні закупівлі»""}, {""label"": ""PCT"", ""text"": ""25%""}]","[{""label"": ""PCT"", ""text"": ""25%"", ""start"": 100, ""end"": 103}, {""label"": ""ORG"", ""text"": ""комітет"", ""start"": 151, ""end"": 158}]"
6d9ec4bd20c28c93401cea7fdc9231b0ff06a55a20392748d9719432ba4ad5df,"Документи, які подали обидва учасники торгів, мають аналогічне оформлення.",[],"[{""label"": ""ART"", ""text"": ""Документи"", ""start"": 0, ""end"": 9}, {""label"": ""PERS"", ""text"": ""обидва учасники торгів"", ""start"": 22, ""end"": 44}]"
4c84b96c18551907de44eff97b2af52128e80cf3fe2d8972d77737059947f76f,"Крім того, обидві компанії використовують однаковий номер телефону та мають однакові назви електронних скриньок, які відрізняються лише поштовим сервісом.",[],"[{""label"": ""ORG"", ""text"": ""обидві компанії"", ""start"": 11, ""end"": 26}, {""label"": ""DOC"", ""text"": ""назви електронних скриньок"", ""start"": 85, ""end"": 111}]"
0eaadbe94c808ce66866c73ec2517cb9b46de6bd357a5a9e4010f489df4b4d28,"Причому « Галицький будівельник » вказав пошту, зареєстровану на російському rambler. ru .","[{""label"": ""ORG"", ""text"": ""Галицький будівельник""}, {""label"": ""MISC"", ""text"": ""rambler. ru""}]","[{""label"": ""JOB"", ""text"": ""Галицький будівельник"", ""start"": 10, ""end"": 31}]"
491b70f8778da20c64ae2231cacf5eb9930c1c6c845b1258cb889bde5c768f47,"Як відомо, українські інтернет-провайдери заблокували доступ до ряду російських інтернет-ресурсів, серед яких веб-сервери електронної пошти, зокрема rambler. ru Поліція підозрює посадових осіб ТОВ «БК Будгарант 2010» у привласненні державних коштів у великих розмірах під час виконання ремонтних робіт в інтернатах Донецької області .","[{""label"": ""MISC"", ""text"": ""rambler. ru""}, {""label"": ""ORG"", ""text"": ""ТОВ «БК Будгарант 2010»""}, {""label"": ""LOC"", ""text"": ""Донецької області""}]","[{""label"": ""ORG"", ""text"": ""ТОВ «БК Будгарант 2010»"", ""start"": 193, ""end"": 216}, {""label"": ""MON"", ""text"": ""державних коштів"", ""start"": 232, ""end"": 248}, {""label"": ""LOC"", ""text"": ""Донецької області"", ""start"": 315, ""end"": 332}]"
0ce4c2776e2ed1d21784b9373aa28fd81b3005aec4fe05a21cf99203beeece7e,Про це свідчить ухвала Краматорського міського суду від 12 червня .,"[{""label"": ""ORG"", ""text"": ""Краматорського міського суду""}, {""label"": ""DATE"", ""text"": ""12 червня""}]","[{""label"": ""ORG"", ""text"": ""Краматорського міського суду"", ""start"": 23, ""end"": 51}, {""label"": ""DATE"", ""text"": ""12 червня"", ""start"": 56, ""end"": 65}]"
fdd3a81056310209a1e4967d731715453a44f0ee0fad65b28369d10843edfb5c,"За даними СБУ , у березні-вересні 2016 року ТОВ «БК Будгарант 2010» на підставі договорів, які укладались без проведення торгів, залучалось до проведення будівельно-монтажних робіт на об'єктах соціальної сфери Донецької області .","[{""label"": ""ORG"", ""text"": ""СБУ""}, {""label"": ""PERIOD"", ""text"": ""березні-вересні 2016 року""}, {""label"": ""ORG"", ""text"": ""ТОВ «БК Будгарант 2010»""}, {""label"": ""LOC"", ""text"": ""Донецької області""}]","[{""label"": ""DATE"", ""text"": ""березні-вересні 2016"", ""start"": 18, ""end"": 38}, {""label"": ""ORG"", ""text"": ""ТОВ «БК Будгарант 2010»"", ""start"": 44, ""end"": 67}, {""label"": ""LOC"", ""text"": ""Донецької області"", ""start"": 210, ""end"": 227}]"
578949356d541b46c1116b5a54b6a8605ec8c1ef90aaf27a09d10dd18d5e5d3b,"Зокрема щодо ремонту приміщень Дружківського дитячого будинку інтернату , основного корпусу Маріупольського пансіонату ветеранів № 1 , головного корпусу Камишівського психоневрологічного інтернату , головного корпусу Слов'янського психоневрологічного інтернату , прального корпусу Бахмутського (Артемівського) психоневрологічного інтернату , першого блоку Костянтинівського будинку-інтернату для громадян похилого віку на загальну суму 2,4 млн грн. , які підрядник отримав.","[{""label"": ""ORG"", ""text"": ""Дружківського дитячого будинку інтернату""}, {""label"": ""ORG"", ""text"": ""Маріупольського пансіонату ветеранів № 1""}, {""label"": ""ORG"", ""text"": ""Камишівського психоневрологічного інтернату""}, {""label"": ""ORG"", ""text"": ""Слов'янського психоневрологічного інтернату""}, {""label"": ""ORG"", ""text"": ""Бахмутського (Артемівського) психоневрологічного інтернату""}, {""label"": ""ORG"", ""text"": ""Костянтинівського будинку-інтернату для громадян похилого віку""}, {""label"": ""MON"", ""text"": ""2,4 млн грн.""}]","[{""label"": ""ORG"", ""text"": ""Дружківського дитячого будинку інтернату"", ""start"": 31, ""end"": 71}, {""label"": ""ORG"", ""text"": ""Маріупольського пансіонату ветеранів № 1"", ""start"": 92, ""end"": 132}, {""label"": ""ORG"", ""text"": ""Камишівського психоневрологічного інтернату"", ""start"": 153, ""end"": 196}, {""label"": ""MISC"", ""text"": ""головного корпусу"", ""start"": 199, ""end"": 216}, {""label"": ""ORG"", ""text"": ""Слов'янського психоневрологічного інтернату"", ""start"": 217, ""end"": 260}, {""label"": ""MISC"", ""text"": ""прального корпусу"", ""start"": 263, ""end"": 280}, {""label"": ""ORG"", ""text"": ""Бахмутського (Артемівського) психоневрологічного інтернату"", ""start"": 281, ""end"": 339}, {""label"": ""ORG"", ""text"": ""Костянтинівського будинку-інтернату"", ""start"": 356, ""end"": 391}, {""label"": ""MON"", ""text"": ""2,4 млн грн."", ""start"": 436, ""end"": 448}, {""label"": ""PERS"", ""text"": ""підрядник"", ""start"": 455, ""end"": 464}]"
feecbc3e04981396c0aadc4a3c37d7b53c365ad7983c148a698e48de63e65364,"Як з'ясувало слідство, ТОВ «БК Будгарант 2010» в 2016 році не було платником податку на додану вартість.","[{""label"": ""ORG"", ""text"": ""ТОВ «БК Будгарант 2010»""}, {""label"": ""DATE"", ""text"": ""2016 році""}]","[{""label"": ""ORG"", ""text"": ""ТОВ «БК Будгарант 2010»"", ""start"": 23, ""end"": 46}, {""label"": ""DATE"", ""text"": ""2016 році"", ""start"": 49, ""end"": 58}]"
7d58a37b266ef645c4a3fa0975b8916b6edd8f3fa0611f3032f483f8fd96b25c,"Крім того, підприємство не подавало звітність за результатами проведеної фінансово-господарської діяльності.",[],"[{""label"": ""ORG"", ""text"": ""підприємство"", ""start"": 11, ""end"": 23}, {""label"": ""MISC"", ""text"": ""звітність"", ""start"": 36, ""end"": 45}]"
40178b13eac1e16d68edcf082ec3e601e0a9ca6f8230ea7e9db2389653c4371a,"Також було встановлено, що в штаті ТОВ «БК Будгарант 2010» працює два робітника, при цьому цивільно-правові договори з іншими особами не укладались, на балансі фірми відсутні основні засоби для виконання необхідного об'єму робіт, і це підприємство не вказало у податковій звітності придбання аналогічних робіт у інших суб'єктів господарської діяльності.","[{""label"": ""ORG"", ""text"": ""ТОВ «БК Будгарант 2010»""}]","[{""label"": ""ORG"", ""text"": ""ТОВ «БК Будгарант 2010»"", ""start"": 35, ""end"": 58}, {""label"": ""PERS"", ""text"": ""два робітника"", ""start"": 66, ""end"": 79}, {""label"": ""MISC"", ""text"": ""основні засоби"", ""start"": 175, ""end"": 189}]"
c05185d21fde6df59c6c37eba566efc4a9bae91276666e524dfb6b1bacfd8d86,"Суд задовольнив клопотання слідчих управління ГУ Національної поліції в Донецькій області , які розслідують кримінальне провадження № 42017050000000313 від 31.03.2017 , і надав їм доступ до документації щодо ремонту інтернатів.","[{""label"": ""JOB"", ""text"": ""слідчих""}, {""label"": ""ORG"", ""text"": ""ГУ Національної поліції в Донецькій області""}, {""label"": ""DOC"", ""text"": ""кримінальне провадження № 42017050000000313 від 31.03.2017""}]","[{""label"": ""ORG"", ""text"": ""Суд"", ""start"": 0, ""end"": 3}, {""label"": ""ORG"", ""text"": ""ГУ Національної поліції"", ""start"": 46, ""end"": 69}, {""label"": ""LOC"", ""text"": ""Донецькій області"", ""start"": 72, ""end"": 89}, {""label"": ""DATE"", ""text"": ""31.03.2017"", ""start"": 156, ""end"": 166}, {""label"": ""ART"", ""text"": ""документації щодо ремонту інтернатів"", ""start"": 190, ""end"": 226}]"
e89e40bd91a23e326fd90609823c635eab21e71f742672387da6c3d394ab0b88,"Фірма « БК Будгарант 2010 » була створена у кінці 2015 року , її засновником і керівником вказано В'ячеслава Дрюка з міста Костянтинівка .","[{""label"": ""ORG"", ""text"": ""БК Будгарант 2010""}, {""label"": ""DATE"", ""text"": ""кінці 2015 року""}, {""label"": ""JOB"", ""text"": ""засновником""}, {""label"": ""JOB"", ""text"": ""керівником""}, {""label"": ""PERS"", ""text"": ""В'ячеслава Дрюка""}, {""label"": ""LOC"", ""text"": ""Костянтинівка""}]","[{""label"": ""ORG"", ""text"": ""БК Будгарант 2010"", ""start"": 8, ""end"": 25}, {""label"": ""DATE"", ""text"": ""кінці 2015 року"", ""start"": 44, ""end"": 59}, {""label"": ""PERS"", ""text"": ""В'ячеслава Дрюка"", ""start"": 98, ""end"": 114}, {""label"": ""LOC"", ""text"": ""Костянтинівка"", ""start"": 123, ""end"": 136}]"
8b564ee7f1fb911f93194f459c16423fbd62c6756e07856ae7353f2bc10fb481,"У « Віснику держзакупівель » та системі « Прозорро » відсутня інформація про укладання угод з « БК Будгарант 2010 ». Комунальний заклад Обухівської міської ради « Обухівський міський центр первинної медико-санітарної допомоги » 10 березня за результатами тендеру замовив ТОВ «Радіал-Україна» автомобілі підвищеної прохідності за 1,80 млн грн .","[{""label"": ""ART"", ""text"": ""Віснику держзакупівель""}, {""label"": ""ORG"", ""text"": ""Прозорро""}, {""label"": ""ORG"", ""text"": ""БК Будгарант 2010""}, {""label"": ""ORG"", ""text"": ""Обухівської міської ради""}, {""label"": ""ORG"", ""text"": ""Обухівський міський центр первинної медико-санітарної допомоги""}, {""label"": ""DATE"", ""text"": ""10 березня""}, {""label"": ""ORG"", ""text"": ""ТОВ «Радіал-Україна»""}, {""label"": ""MON"", ""text"": ""1,80 млн грн""}]","[{""label"": ""DOC"", ""text"": ""Віснику держзакупівель"", ""start"": 4, ""end"": 26}, {""label"": ""ORG"", ""text"": ""БК Будгарант 2010"", ""start"": 96, ""end"": 113}, {""label"": ""ORG"", ""text"": ""Обухівський міський центр первинної медико-санітарної допомоги"", ""start"": 163, ""end"": 225}, {""label"": ""DATE"", ""text"": ""10 березня"", ""start"": 228, ""end"": 238}, {""label"": ""ORG"", ""text"": ""ТОВ «Радіал-Україна»"", ""start"": 271, ""end"": 291}, {""label"": ""ART"", ""text"": ""автомобілі підвищеної прохідності"", ""start"": 292, ""end"": 325}, {""label"": ""MON"", ""text"": ""1,80 млн грн"", ""start"": 329, ""end"": 341}]"
53df9adfa7c3c2e1fa851a298db78bfe99f25b46f5985e4334639cf5e13809da,Про це повідомляється в системі « Прозорро ».,"[{""label"": ""ORG"", ""text"": ""Прозорро""}]","[{""label"": ""ORG"", ""text"": ""Прозорро"", ""start"": 34, ""end"": 42}]"
ab7667a5d8d4d4079a395a0b652dc8c6a6f9597bc476d90e25a4263461e83d8c,Фірма поставить чотири повнопривідні медико-санітарні автомобілі Chevrolet NIVA в модифікації АС-S-2123 СМД по 450 тис грн .,"[{""label"": ""ART"", ""text"": ""Chevrolet NIVA""}, {""label"": ""ART"", ""text"": ""АС-S-2123 СМД""}, {""label"": ""MON"", ""text"": ""450 тис грн""}]","[{""label"": ""ORG"", ""text"": ""Фірма"", ""start"": 0, ""end"": 5}, {""label"": ""QUANT"", ""text"": ""чотири"", ""start"": 16, ""end"": 22}, {""label"": ""MON"", ""text"": ""450 тис грн"", ""start"": 111, ""end"": 122}]"
72f55a5827cc1ad64aa0fdfcf8c26a168234c96da0fb12a6ed12b645c9a32d2e,"Авто матиме бензиновий двигун об'ємом 1,69, кондиціонер, обігрів ніг задніх пасажирів, подушки безпеки водія і переднього пасажира, антиблокувальну систему.",[],"[{""label"": ""ORG"", ""text"": ""Авто"", ""start"": 0, ""end"": 4}, {""label"": ""ART"", ""text"": ""бензиновий двигун"", ""start"": 12, ""end"": 29}, {""label"": ""ART"", ""text"": ""кондиціонер"", ""start"": 44, ""end"": 55}, {""label"": ""ART"", ""text"": ""обігрів ніг задніх пасажирів"", ""start"": 57, ""end"": 85}, {""label"": ""PERS"", ""text"": ""водія"", ""start"": 103, ""end"": 108}, {""label"": ""ART"", ""text"": ""антиблокувальну систему"", ""start"": 132, ""end"": 155}]"
fd14fbf8c64693a927ceab913444daac545e86603af18dcf8032aac35c225e63,Єдиним конкурентом « Радіал-Україна » було ІП «АІС-Полтава» .,"[{""label"": ""ORG"", ""text"": ""Радіал-Україна""}, {""label"": ""ORG"", ""text"": ""ІП «АІС-Полтава»""}]","[{""label"": ""ORG"", ""text"": ""Радіал-Україна"", ""start"": 21, ""end"": 35}, {""label"": ""ORG"", ""text"": ""ІП «АІС-Полтава»"", ""start"": 43, ""end"": 59}]"
c8fd6b54f21a58721a00c2df1ff35b13b47853c52d4ca03362d1e9f09f284826,Під час аукціону фірми не знижували вартість своїх пропозицій.,[],"[{""label"": ""ORG"", ""text"": ""фірми"", ""start"": 17, ""end"": 22}]"
7ee4de51506de84e3552280ec42f0e76e37744581fd5bfd05b9a8a25dea4a573,"« АІС-Полтава » запропонувала 4 автомобіля на 4,8 тис грн. дорожче.","[{""label"": ""ORG"", ""text"": ""АІС-Полтава""}, {""label"": ""MON"", ""text"": ""4,8 тис грн.""}]","[{""label"": ""ORG"", ""text"": ""АІС-Полтава"", ""start"": 2, ""end"": 13}, {""label"": ""QUANT"", ""text"": ""4 автомобіля"", ""start"": 30, ""end"": 42}, {""label"": ""MON"", ""text"": ""4,8 тис грн."", ""start"": 46, ""end"": 58}]"
ddb68c604b10efc1bf9dbea52a87c567836e5b2932330892c4cb963c2a0bfd80,Очікувана вартість склала 2 млн грн .,"[{""label"": ""MON"", ""text"": ""2 млн грн""}]","[{""label"": ""MON"", ""text"": ""2 млн грн"", ""start"": 26, ""end"": 35}]"
df32bdf201cbf66b31a0f526a3dd01a404bc9c7f6d41f758047872eb31b9dbcf,Засновником київської фірми « Радіал-Україна » є ТОВ «Гармонія» харків'янина Владислава Кулікова .,"[{""label"": ""ORG"", ""text"": ""Радіал-Україна""}, {""label"": ""ORG"", ""text"": ""ТОВ «Гармонія»""}, {""label"": ""PERS"", ""text"": ""Владислава Кулікова""}]","[{""label"": ""ORG"", ""text"": ""Радіал-Україна"", ""start"": 30, ""end"": 44}, {""label"": ""ORG"", ""text"": ""ТОВ «Гармонія»"", ""start"": 49, ""end"": 63}, {""label"": ""PERS"", ""text"": ""Владислава Кулікова"", ""start"": 77, ""end"": 96}]"
a1e47c0ed709bbdf1e5f026dc9d2868f621c93db1ab887052a24db0c13fc5811,"« Гармонія » прописана в Києві по пров. Балтійському, 20 разом із ТОВ «Група компаній «АІС» .","[{""label"": ""ORG"", ""text"": ""Гармонія""}, {""label"": ""LOC"", ""text"": ""Києві""}, {""label"": ""LOC"", ""text"": ""пров. Балтійському, 20""}, {""label"": ""ORG"", ""text"": ""ТОВ «Група компаній «АІС»""}]","[{""label"": ""ORG"", ""text"": ""« Гармонія »"", ""start"": 0, ""end"": 12}, {""label"": ""LOC"", ""text"": ""Києві"", ""start"": 25, ""end"": 30}, {""label"": ""ORG"", ""text"": ""ТОВ «Група компаній «АІС»"", ""start"": 66, ""end"": 91}]"
9a83a4216e6565e41c9b4aed4bec94501c0e76e16a483a4f286288f1233bf099,"Останнє пов'язане з нардепом Дмитром Святашем (раніше – Партія регіонів , зараз – « Відродження ») та екс-нардепом від Партії регіонів Василем Поляковим . Куліков раніше керував ПІІ «Автоінвестстрой-Брок» та ТОВ «АІС-Моторс» з тієї ж групи.","[{""label"": ""JOB"", ""text"": ""нардепом""}, {""label"": ""PERS"", ""text"": ""Дмитром Святашем""}, {""label"": ""ORG"", ""text"": ""Партія регіонів""}, {""label"": ""ORG"", ""text"": ""Відродження""}, {""label"": ""JOB"", ""text"": ""екс-нардепом""}, {""label"": ""ORG"", ""text"": ""Партії регіонів""}, {""label"": ""PERS"", ""text"": ""Василем Поляковим""}, {""label"": ""PERS"", ""text"": ""Куліков""}, {""label"": ""ORG"", ""text"": ""ПІІ «Автоінвестстрой-Брок»""}, {""label"": ""ORG"", ""text"": ""ТОВ «АІС-Моторс»""}]","[{""label"": ""JOB"", ""text"": ""нардепом"", ""start"": 20, ""end"": 28}, {""label"": ""PERS"", ""text"": ""Дмитром Святашем"", ""start"": 29, ""end"": 45}, {""label"": ""ORG"", ""text"": ""Партія регіонів"", ""start"": 56, ""end"": 71}, {""label"": ""ORG"", ""text"": ""Партії регіонів"", ""start"": 119, ""end"": 134}, {""label"": ""PERS"", ""text"": ""Василем Поляковим"", ""start"": 135, ""end"": 152}, {""label"": ""PERS"", ""text"": ""Куліков"", ""start"": 155, ""end"": 162}, {""label"": ""ORG"", ""text"": ""ПІІ «Автоінвестстрой-Брок»"", ""start"": 178, ""end"": 204}, {""label"": ""ORG"", ""text"": ""ТОВ «АІС-Моторс»"", ""start"": 208, ""end"": 224}]"
a68186c395462bba347606e0075ed9880bcc63c1be2e98b6d3596e7002896187,Іноземне підприємство « АІС-Полтава » зареєстроване на Сергія Труша і Андрія Цюрупу .,"[{""label"": ""ORG"", ""text"": ""АІС-Полтава""}, {""label"": ""PERS"", ""text"": ""Сергія Труша""}, {""label"": ""PERS"", ""text"": ""Андрія Цюрупу""}]","[{""label"": ""ORG"", ""text"": ""АІС-Полтава"", ""start"": 24, ""end"": 35}, {""label"": ""PERS"", ""text"": ""Сергія Труша"", ""start"": 55, ""end"": 67}, {""label"": ""PERS"", ""text"": ""Андрія Цюрупу"", ""start"": 70, ""end"": 83}]"
c1c25aa59fdb78679bbc373fbc88f73853d817c56d7073b10e5a334cab254880,Останній балотувався на місцевих виборах до Полтавської обласної ради від партії « Сила людей » в якості менеджера « АІС-Полтава ». Директором « АІС-Полтава » значиться Вадим Вашак .,"[{""label"": ""ORG"", ""text"": ""Полтавської обласної ради""}, {""label"": ""ORG"", ""text"": ""Сила людей""}, {""label"": ""JOB"", ""text"": ""менеджера""}, {""label"": ""ORG"", ""text"": ""АІС-Полтава""}, {""label"": ""JOB"", ""text"": ""Директором""}, {""label"": ""ORG"", ""text"": ""АІС-Полтава""}, {""label"": ""PERS"", ""text"": ""Вадим Вашак""}]","[{""label"": ""LOC"", ""text"": ""Полтавської обласної ради"", ""start"": 44, ""end"": 69}, {""label"": ""ORG"", ""text"": ""Сила людей"", ""start"": 83, ""end"": 93}, {""label"": ""JOB"", ""text"": ""менеджера"", ""start"": 105, ""end"": 114}, {""label"": ""ORG"", ""text"": ""АІС-Полтава"", ""start"": 117, ""end"": 128}, {""label"": ""ORG"", ""text"": ""АІС-Полтава"", ""start"": 145, ""end"": 156}, {""label"": ""PERS"", ""text"": ""Вадим Вашак"", ""start"": 169, ""end"": 180}]"
4f34765415f5942419efacc6ee4bd0071273af39f366a650cd02d3f3a8cede85,"Він був директором ПІІ «Автомобільне товариство «Автоінвестстрой-Полтава» , бенефіціаром якого є Олег Шаблатович .","[{""label"": ""JOB"", ""text"": ""директором""}, {""label"": ""ORG"", ""text"": ""ПІІ «Автомобільне товариство «Автоінвестстрой-Полтава»""}, {""label"": ""PERS"", ""text"": ""Олег Шаблатович""}]","[{""label"": ""ORG"", ""text"": ""Автомобільне товариство «Автоінвестстрой-Полтава»"", ""start"": 24, ""end"": 73}, {""label"": ""PERS"", ""text"": ""Олег Шаблатович"", ""start"": 97, ""end"": 112}]"
b978c87186f0bcacdb401bd3bdb962d0902b90a6bdeb016c1105e9c812295a83,"Це бізнес-партнер дружини Святаша , Лариси .","[{""label"": ""PERS"", ""text"": ""Святаша""}, {""label"": ""PERS"", ""text"": ""Лариси""}]","[{""label"": ""PERS"", ""text"": ""Святаша"", ""start"": 26, ""end"": 33}]"
2b3a32c7ed278f458d22ffca9c3df0013c51d4e4e472f3ae3428ace4755f94b4,"У минулому році « Радіал-Україна » та « АІС-Полтава » розіграли між собою 2,99 млн грн. на 9 спеціалізованих санітарних автомобілів Chevrolet NIVA для департаменту охорони здоров'я Запорізької міської ради Мати голови правління ПАТ «Херсонська ТЕЦ» в кінці 2015 року придбала 50% ТОВ «Пансіонат «Петровець» , де її партнеркою є власниця фірми, якій Херсонська ТЕЦ подарувала 8,78 млн грн. державних коштів.","[{""label"": ""DATE"", ""text"": ""минулому році""}, {""label"": ""ORG"", ""text"": ""Радіал-Україна""}, {""label"": ""ORG"", ""text"": ""АІС-Полтава""}, {""label"": ""MON"", ""text"": ""2,99 млн грн.""}, {""label"": ""ART"", ""text"": ""Chevrolet NIVA""}, {""label"": ""ORG"", ""text"": ""департаменту охорони здоров'я Запорізької міської ради""}, {""label"": ""JOB"", ""text"": ""голови правління""}, {""label"": ""ORG"", ""text"": ""ПАТ «Херсонська ТЕЦ»""}, {""label"": ""DATE"", ""text"": ""кінці 2015 року""}, {""label"": ""PCT"", ""text"": ""50%""}, {""label"": ""ORG"", ""text"": ""ТОВ «Пансіонат «Петровець»""}, {""label"": ""ORG"", ""text"": ""Херсонська ТЕЦ""}, {""label"": ""MON"", ""text"": ""8,78 млн грн.""}]","[{""label"": ""ORG"", ""text"": ""Радіал-Україна"", ""start"": 18, ""end"": 32}, {""label"": ""ORG"", ""text"": ""АІС-Полтава"", ""start"": 40, ""end"": 51}, {""label"": ""MON"", ""text"": ""2,99 млн грн."", ""start"": 74, ""end"": 87}, {""label"": ""QUANT"", ""text"": ""9"", ""start"": 91, ""end"": 92}, {""label"": ""ORG"", ""text"": ""Херсонська ТЕЦ"", ""start"": 233, ""end"": 247}, {""label"": ""DATE"", ""text"": ""кінці 2015 року"", ""start"": 251, ""end"": 266}, {""label"": ""PCT"", ""text"": ""50%"", ""start"": 276, ""end"": 279}, {""label"": ""ORG"", ""text"": ""ТОВ «Пансіонат «Петровець»"", ""start"": 280, ""end"": 306}, {""label"": ""ORG"", ""text"": ""Херсонська ТЕЦ"", ""start"": 349, ""end"": 363}, {""label"": ""MON"", ""text"": ""8,78 млн грн."", ""start"": 375, ""end"": 388}]"
ac0780ec9efc6a090b0aadd3d1c28989056ced34fd56d4eab6ff9c4a8b724779,Про свідчать дані Єдиного державного реєстру юросіб .,"[{""label"": ""ORG"", ""text"": ""Єдиного державного реєстру юросіб""}]","[{""label"": ""ORG"", ""text"": ""Єдиного державного реєстру юросіб"", ""start"": 18, ""end"": 51}]"
b319a2e1b83b051569625e56f98362ff97444aa25df7f6ba91154265fc15994a,Йдеться про матір голови правління Богдана Педченка – Марію Педченко .,"[{""label"": ""JOB"", ""text"": ""голови правління""}, {""label"": ""PERS"", ""text"": ""Богдана Педченка""}, {""label"": ""PERS"", ""text"": ""Марію Педченко""}]","[{""label"": ""PERS"", ""text"": ""Богдана Педченка"", ""start"": 35, ""end"": 51}, {""label"": ""PERS"", ""text"": ""Марію Педченко"", ""start"": 54, ""end"": 68}]"
a76b997701cd5b06077f6799bce310d2c7ab111ba89bad74af276302daa1e9a0,"З 21 грудня 2015 року 50% ТОВ «Пансіонат «Петровець» оформлено на Марію Педченко , ще 25% – на Ігоря Лукянова , решта 25% – на Євгенію Руденко .","[{""label"": ""DATE"", ""text"": ""21 грудня 2015 року""}, {""label"": ""PCT"", ""text"": ""50%""}, {""label"": ""ORG"", ""text"": ""ТОВ «Пансіонат «Петровець»""}, {""label"": ""PERS"", ""text"": ""Марію Педченко""}, {""label"": ""PCT"", ""text"": ""25%""}, {""label"": ""PERS"", ""text"": ""Ігоря Лукянова""}, {""label"": ""PCT"", ""text"": ""25%""}, {""label"": ""PERS"", ""text"": ""Євгенію Руденко""}]","[{""label"": ""DATE"", ""text"": ""21 грудня 2015"", ""start"": 2, ""end"": 16}, {""label"": ""PCT"", ""text"": ""50%"", ""start"": 22, ""end"": 25}, {""label"": ""ORG"", ""text"": ""ТОВ «Пансіонат «Петровець»"", ""start"": 26, ""end"": 52}, {""label"": ""PERS"", ""text"": ""Марію Педченко"", ""start"": 66, ""end"": 80}, {""label"": ""PCT"", ""text"": ""25%"", ""start"": 86, ""end"": 89}, {""label"": ""PERS"", ""text"": ""Ігоря Лукянова"", ""start"": 95, ""end"": 109}, {""label"": ""PCT"", ""text"": ""25%"", ""start"": 118, ""end"": 121}, {""label"": ""PERS"", ""text"": ""Євгенію Руденко"", ""start"": 127, ""end"": 142}]"
853c6b85a06bc0bbd1eaecae475ba49cad52a2f381049cb4b0a5ed8bc68e417f,Остання з січня 2016 року призначена керівником підприємства.,"[{""label"": ""DATE"", ""text"": ""січня 2016 року""}, {""label"": ""JOB"", ""text"": ""керівником""}]","[{""label"": ""DATE"", ""text"": ""січня 2016"", ""start"": 10, ""end"": 20}, {""label"": ""ORG"", ""text"": ""підприємства"", ""start"": 48, ""end"": 60}]"
ad0ac49d7ce7aaf03906f8522ec882626a5c8558e7f51ae0954421ee9b2fd93d,« Пансіонат «Петровець» заснований у 2008 році і мав інших власників.,"[{""label"": ""ORG"", ""text"": ""Пансіонат «Петровець»""}, {""label"": ""DATE"", ""text"": ""2008 році""}]","[{""label"": ""ORG"", ""text"": ""Пансіонат «Петровець"", ""start"": 2, ""end"": 22}, {""label"": ""DATE"", ""text"": ""2008 році"", ""start"": 37, ""end"": 46}]"
b81c206805b4bc028535b8c5c8bffcb60928cb7283362ad34180c2e95ad5e951,З 2011 року ним володіли киянин Володимир Павліченко і кіпрська компанія « Красфілд Холдінгс Лімітед ».,"[{""label"": ""DATE"", ""text"": ""2011 року""}, {""label"": ""PERS"", ""text"": ""Володимир Павліченко""}, {""label"": ""ORG"", ""text"": ""Красфілд Холдінгс Лімітед""}]","[{""label"": ""DATE"", ""text"": ""2011 року"", ""start"": 2, ""end"": 11}, {""label"": ""PERS"", ""text"": ""Володимир Павліченко"", ""start"": 32, ""end"": 52}, {""label"": ""ORG"", ""text"": ""Красфілд Холдінгс Лімітед"", ""start"": 75, ""end"": 100}]"
c6749201beef0e5727299145afd1e6e70257fe6c4b7954add48cd5882b98a8f7,"Мати голови правління Херсонської ТЕЦ Марія Педченко стала співвласницею пансіонату після того, як у травні 2015 р. « Херсонська ТЕЦ » перерахувала 8,78 млн грн. ТОВ «Квадро-Фінанс» в якості безпроцентної поворотної позики. Засновниками « Квадро-Фінанс » є Володимир Лук'янов , Євгенія Руденко та Ірина Окуневська .","[{""label"": ""JOB"", ""text"": ""голови правління""}, {""label"": ""ORG"", ""text"": ""Херсонської ТЕЦ""}, {""label"": ""PERS"", ""text"": ""Марія Педченко""}, {""label"": ""DATE"", ""text"": ""травні 2015 р.""}, {""label"": ""ORG"", ""text"": ""Херсонська ТЕЦ""}, {""label"": ""MON"", ""text"": ""8,78 млн грн.""}, {""label"": ""ORG"", ""text"": ""ТОВ «Квадро-Фінанс»""}, {""label"": ""JOB"", ""text"": ""Засновниками""}, {""label"": ""ORG"", ""text"": ""Квадро-Фінанс""}, {""label"": ""PERS"", ""text"": ""Володимир Лук'янов""}, {""label"": ""PERS"", ""text"": ""Євгенія Руденко""}, {""label"": ""PERS"", ""text"": ""Ірина Окуневська""}]","[{""label"": ""ORG"", ""text"": ""Херсонської ТЕЦ"", ""start"": 22, ""end"": 37}, {""label"": ""PERS"", ""text"": ""Марія Педченко"", ""start"": 38, ""end"": 52}, {""label"": ""DATE"", ""text"": ""травні 2015 р."", ""start"": 101, ""end"": 115}, {""label"": ""ORG"", ""text"": ""Херсонська ТЕЦ"", ""start"": 118, ""end"": 132}, {""label"": ""MON"", ""text"": ""8,78 млн грн"", ""start"": 148, ""end"": 160}, {""label"": ""ORG"", ""text"": ""ТОВ «Квадро-Фінанс»"", ""start"": 162, ""end"": 181}, {""label"": ""ORG"", ""text"": ""« Квадро-Фінанс »"", ""start"": 237, ""end"": 254}, {""label"": ""PERS"", ""text"": ""Володимир Лук'янов"", ""start"": 257, ""end"": 275}, {""label"": ""PERS"", ""text"": ""Євгенія Руденко"", ""start"": 278, ""end"": 293}, {""label"": ""PERS"", ""text"": ""Ірина Окуневська"", ""start"": 297, ""end"": 313}]"
bb22e4ab46233364d1425e63a26e739359511a3c364f6ec6af4aa570ceb3e14e,Згодом ця ж Євгенія Руденко і син Володимира Лук'янова – Ігор разом із мамою голови правління Херсонської ТЕЦ купили « Пансіонат «Петровець» .,"[{""label"": ""PERS"", ""text"": ""Євгенія Руденко""}, {""label"": ""PERS"", ""text"": ""Володимира Лук'янова""}, {""label"": ""PERS"", ""text"": ""Ігор""}, {""label"": ""JOB"", ""text"": ""голови правління""}, {""label"": ""ORG"", ""text"": ""Херсонської ТЕЦ""}, {""label"": ""ORG"", ""text"": ""Пансіонат «Петровець»""}]","[{""label"": ""PERS"", ""text"": ""Євгенія Руденко"", ""start"": 12, ""end"": 27}, {""label"": ""PERS"", ""text"": ""Володимира Лук'янова"", ""start"": 34, ""end"": 54}, {""label"": ""PERS"", ""text"": ""Ігор"", ""start"": 57, ""end"": 61}, {""label"": ""ORG"", ""text"": ""Херсонської ТЕЦ"", ""start"": 94, ""end"": 109}, {""label"": ""ORG"", ""text"": ""Пансіонат «Петровець"", ""start"": 119, ""end"": 139}]"
cfa31c0aad5e733bc257ecef7ad8eb3ee6c9b7bb400f8e9dd2a8c878d15e27b7,"У реєстрі нерухомості є дані, що « Пансіонат «Петровець» володіє житловим приміщення площею 7235 кв. м. у смт. Лазурне Херсонської області .","[{""label"": ""ORG"", ""text"": ""Пансіонат «Петровець»""}, {""label"": ""QUANT"", ""text"": ""7235 кв. м.""}, {""label"": ""LOC"", ""text"": ""Лазурне""}, {""label"": ""LOC"", ""text"": ""Херсонської області""}]","[{""label"": ""ORG"", ""text"": ""Пансіонат «Петровець"", ""start"": 35, ""end"": 55}, {""label"": ""QUANT"", ""text"": ""7235 кв. м."", ""start"": 92, ""end"": 103}, {""label"": ""LOC"", ""text"": ""смт. Лазурне Херсонської області"", ""start"": 106, ""end"": 138}]"
0e320ddd67dfe8fb704ca57091df2322a28877af2a0cec39d306e93303312d60,"Також пансіонат орендує в селищної ради на 49 років ділянку 9,4 га .","[{""label"": ""PERIOD"", ""text"": ""49 років""}, {""label"": ""QUANT"", ""text"": ""9,4 га""}]","[{""label"": ""ORG"", ""text"": ""пансіонат"", ""start"": 6, ""end"": 15}, {""label"": ""PERIOD"", ""text"": ""49 років"", ""start"": 43, ""end"": 51}, {""label"": ""QUANT"", ""text"": ""9,4 га"", ""start"": 60, ""end"": 66}]"
00a18e89be45ef769b529ee3151e63f469df90675a6eb3c58503c01e7f9720e1,"Пізніше стало відомо, що Національне антикорупційне бюро розслідує кримінальне провадження щодо цієї позики.","[{""label"": ""ORG"", ""text"": ""Національне антикорупційне бюро""}]","[{""label"": ""TIME"", ""text"": ""Пізніше"", ""start"": 0, ""end"": 7}, {""label"": ""ORG"", ""text"": ""Національне антикорупційне бюро"", ""start"": 25, ""end"": 56}, {""label"": ""MISC"", ""text"": ""кримінальне провадження"", ""start"": 67, ""end"": 90}]"
928866b44bf8088fc14121122fbee3b2861264b618b0e534d4d33c31da20d88a,"Припускається, що працівники Херсонської ТЕЦ діяли у змові з приватною фірмою і розтратили гроші.","[{""label"": ""ORG"", ""text"": ""Херсонської ТЕЦ""}]","[{""label"": ""ORG"", ""text"": ""Херсонської ТЕЦ"", ""start"": 29, ""end"": 44}, {""label"": ""ORG"", ""text"": ""приватною фірмою"", ""start"": 61, ""end"": 77}, {""label"": ""MON"", ""text"": ""гроші"", ""start"": 91, ""end"": 96}]"
77bbcff8d0f4d7c5e7ac3782a6a4af24aa1a05eca331e371b4ad2f1184ffa7d3,"У вересні цього року суд дав доступ детективам НАБУ до реєстраційної справи « Пансіонат «Петровець» . Детектив повідомив, що це необхідно для встановлення обставин у кримінальному провадженні, зокрема щодо руху державних коштів отриманих « Квадро-Фінанс ». Заступник Головного військового прокурора Генеральної прокуратури України Дмитро Борзих задекларував продаж минулого року квартири в окупованому Луганську іноземному громадянину.","[{""label"": ""DATE"", ""text"": ""вересні цього року""}, {""label"": ""JOB"", ""text"": ""детективам""}, {""label"": ""ORG"", ""text"": ""НАБУ""}, {""label"": ""ORG"", ""text"": ""Пансіонат «Петровець»""}, {""label"": ""JOB"", ""text"": ""Детектив""}, {""label"": ""ORG"", ""text"": ""Квадро-Фінанс""}, {""label"": ""JOB"", ""text"": ""Заступник Головного військового прокурора""}, {""label"": ""ORG"", ""text"": ""Генеральної прокуратури України""}, {""label"": ""PERS"", ""text"": ""Дмитро Борзих""}, {""label"": ""DATE"", ""text"": ""минулого року""}, {""label"": ""LOC"", ""text"": ""Луганську""}]","[{""label"": ""DATE"", ""text"": ""вересні цього року"", ""start"": 2, ""end"": 20}, {""label"": ""ORG"", ""text"": ""НАБУ"", ""start"": 47, ""end"": 51}, {""label"": ""ORG"", ""text"": ""Пансіонат «Петровець"", ""start"": 78, ""end"": 98}, {""label"": ""MON"", ""text"": ""державних коштів"", ""start"": 211, ""end"": 227}, {""label"": ""JOB"", ""text"": ""Заступник Головного військового прокурора"", ""start"": 257, ""end"": 298}, {""label"": ""ORG"", ""text"": ""Генеральної прокуратури України"", ""start"": 299, ""end"": 330}, {""label"": ""PERS"", ""text"": ""Дмитро Борзих"", ""start"": 331, ""end"": 344}, {""label"": ""LOC"", ""text"": ""окупованому Луганську"", ""start"": 390, ""end"": 411}, {""label"": ""PERS"", ""text"": ""іноземному громадянину"", ""start"": 412, ""end"": 434}]"
55ae864d85a68ec05290d503eeaf0e114fe05ae7e81a4b720367c39d59f0cfa9,Також прокурор майже безкоштовно орендує великий будинок під Києвом .,"[{""label"": ""JOB"", ""text"": ""прокурор""}, {""label"": ""LOC"", ""text"": ""Києвом""}]","[{""label"": ""PERS"", ""text"": ""прокурор"", ""start"": 6, ""end"": 14}, {""label"": ""ART"", ""text"": ""великий будинок"", ""start"": 41, ""end"": 56}, {""label"": ""LOC"", ""text"": ""Києвом"", ""start"": 61, ""end"": 67}]"
be6575cd527bb14cf15397930a35f4a4bd8707031629e9eb618f35e1348bbe7c,Про це пише « Prosud ». Дмитро Борзих починав свою кар'єру прокурором Ленінського району м. Луганська .,"[{""label"": ""ART"", ""text"": ""Prosud""}, {""label"": ""PERS"", ""text"": ""Дмитро Борзих""}, {""label"": ""JOB"", ""text"": ""прокурором""}, {""label"": ""LOC"", ""text"": ""Ленінського району м. Луганська""}]","[{""label"": ""ORG"", ""text"": ""Prosud"", ""start"": 14, ""end"": 20}, {""label"": ""PERS"", ""text"": ""Дмитро Борзих"", ""start"": 24, ""end"": 37}, {""label"": ""LOC"", ""text"": ""Ленінського району м. Луганська"", ""start"": 70, ""end"": 101}]"
c73804d62160302720e96351c8034655842703c8e111f72940b479a8c8dcc5f4,"В 2013 році входив до групи обвинувачення в справі адвоката Юлії Тимошенко – Сергія Власенка , який судився зі своєю колишньою дружиною Наталією Окунською .","[{""label"": ""DATE"", ""text"": ""2013 році""}, {""label"": ""JOB"", ""text"": ""адвоката""}, {""label"": ""PERS"", ""text"": ""Юлії Тимошенко""}, {""label"": ""PERS"", ""text"": ""Сергія Власенка""}, {""label"": ""PERS"", ""text"": ""Наталією Окунською""}]","[{""label"": ""DATE"", ""text"": ""2013 році"", ""start"": 2, ""end"": 11}, {""label"": ""ORG"", ""text"": ""групи обвинувачення"", ""start"": 22, ""end"": 41}, {""label"": ""JOB"", ""text"": ""адвоката"", ""start"": 51, ""end"": 59}, {""label"": ""PERS"", ""text"": ""Юлії Тимошенко"", ""start"": 60, ""end"": 74}, {""label"": ""PERS"", ""text"": ""Сергія Власенка"", ""start"": 77, ""end"": 92}, {""label"": ""PERS"", ""text"": ""Наталією Окунською"", ""start"": 136, ""end"": 154}]"
4af9b2dd4c70ac659cd710ff6369568b4540938a76d55d3f87128daafa4caef6,"Після Майдану він почав працювати в Головній військовій прокуратурі ГПУ , де став правою рукою Анатолія Матіоса .","[{""label"": ""LOC"", ""text"": ""Майдану""}, {""label"": ""ORG"", ""text"": ""Головній військовій прокуратурі ГПУ""}, {""label"": ""PERS"", ""text"": ""Анатолія Матіоса""}]","[{""label"": ""DATE"", ""text"": ""Після Майдану"", ""start"": 0, ""end"": 13}, {""label"": ""ORG"", ""text"": ""Головній військовій прокуратурі ГПУ"", ""start"": 36, ""end"": 71}, {""label"": ""PERS"", ""text"": ""Анатолія Матіоса"", ""start"": 95, ""end"": 111}]"
f79f6d6b7911f3328e87293ccc63d66f8ea7e8dd95747c1ee9207cb471704fcf,В листопаді 2014 року був нагороджений медаллю « За працю і звитягу ».,"[{""label"": ""DATE"", ""text"": ""листопаді 2014 року""}, {""label"": ""MISC"", ""text"": ""За працю і звитягу""}]","[{""label"": ""DATE"", ""text"": ""листопаді 2014"", ""start"": 2, ""end"": 16}]"
3251c716733e1330c04ec293e5d568776e37effaf77d85ad48282dda3cfb61b9,"Згідно декларації за 2015 рік , Дмитро Борзих та його мати володіли квартирою площею 72 кв м в Луганську та орендували будинок площею 43 кв м в селі Українка поблизу Києва .","[{""label"": ""DATE"", ""text"": ""2015 рік""}, {""label"": ""PERS"", ""text"": ""Дмитро Борзих""}, {""label"": ""QUANT"", ""text"": ""72 кв м""}, {""label"": ""LOC"", ""text"": ""Луганську""}, {""label"": ""QUANT"", ""text"": ""43 кв м""}, {""label"": ""LOC"", ""text"": ""Українка""}, {""label"": ""LOC"", ""text"": ""Києва""}]","[{""label"": ""PERIOD"", ""text"": ""2015 рік"", ""start"": 21, ""end"": 29}, {""label"": ""PERS"", ""text"": ""Дмитро Борзих"", ""start"": 32, ""end"": 45}, {""label"": ""QUANT"", ""text"": ""72 кв м"", ""start"": 85, ""end"": 92}, {""label"": ""LOC"", ""text"": ""Луганську"", ""start"": 95, ""end"": 104}, {""label"": ""LOC"", ""text"": ""Українка"", ""start"": 149, ""end"": 157}]"
887b5c3ea28ec77c16de2b98bb1682f26e4993442df75ecfdac905453b0fc124,"Також прокурор зазначав в декларації право користування 2 кв м в гуртожитку, що очевидно було його адресою реєстрації.","[{""label"": ""JOB"", ""text"": ""прокурор""}, {""label"": ""QUANT"", ""text"": ""2 кв м""}]","[{""label"": ""PERS"", ""text"": ""прокурор"", ""start"": 6, ""end"": 14}, {""label"": ""DOC"", ""text"": ""декларації"", ""start"": 26, ""end"": 36}, {""label"": ""QUANT"", ""text"": ""2 кв м"", ""start"": 56, ""end"": 62}, {""label"": ""LOC"", ""text"": ""гуртожитку"", ""start"": 65, ""end"": 75}, {""label"": ""LOC"", ""text"": ""адресою реєстрації"", ""start"": 99, ""end"": 117}]"
a1d1047ec794a8f635bc405651891ec7f152bcff507d140eb46ae9974c0c96d5,"В декларації за 2016 рік Борзих вже не вказав матір, але зазначив, що орендує новий будинок.","[{""label"": ""DATE"", ""text"": ""2016 рік""}, {""label"": ""PERS"", ""text"": ""Борзих""}]","[{""label"": ""DOC"", ""text"": ""декларації"", ""start"": 2, ""end"": 12}, {""label"": ""PERIOD"", ""text"": ""2016 рік"", ""start"": 16, ""end"": 24}, {""label"": ""PERS"", ""text"": ""Борзих"", ""start"": 25, ""end"": 31}, {""label"": ""PERS"", ""text"": ""матір"", ""start"": 46, ""end"": 51}, {""label"": ""ORG"", ""text"": ""новий будинок"", ""start"": 78, ""end"": 91}]"
a823def9d67ff849591c7071a0a0cc108dc248b4c1f106e5d262e4c5dbac6b8a,"На цей раз в елітних Лісниках біля столиці, площа житла – 390 кв м .","[{""label"": ""LOC"", ""text"": ""Лісниках""}, {""label"": ""QUANT"", ""text"": ""390 кв м""}]","[{""label"": ""LOC"", ""text"": ""елітних Лісниках біля столиці"", ""start"": 13, ""end"": 42}, {""label"": ""QUANT"", ""text"": ""390 кв м"", ""start"": 58, ""end"": 66}]"
21dd86d16a1ecc9e349c7c570ebfce2a1696bc8043fc66cef337eb0970aefc66,"Водночас, декларація Борзих не містить жодної інформації щодо видатків на оренду цього будинку, хоча законодавство вимагає декларувати такі трати, якщо вони перевищують 7 тси грн. на місяць .","[{""label"": ""PERS"", ""text"": ""Борзих""}, {""label"": ""MON"", ""text"": ""7 тси грн.""}, {""label"": ""PERIOD"", ""text"": ""місяць""}]","[{""label"": ""PERS"", ""text"": ""Борзих"", ""start"": 21, ""end"": 27}, {""label"": ""MON"", ""text"": ""7 тси грн."", ""start"": 169, ""end"": 179}, {""label"": ""PERIOD"", ""text"": ""місяць"", ""start"": 183, ""end"": 189}]"
d401e42cb296d3deeaabde9982b32e735ef39f7b3726c91d66e8d93149214275,"Також в останньої декларації прокурора зникла квартира в Луганську , але з'явився дохід в більше ніж півмільйона гривень від продажу нерухомого майна іноземцю.","[{""label"": ""JOB"", ""text"": ""прокурора""}, {""label"": ""LOC"", ""text"": ""Луганську""}, {""label"": ""MON"", ""text"": ""півмільйона гривень""}]","[{""label"": ""PERS"", ""text"": ""прокурора"", ""start"": 29, ""end"": 38}, {""label"": ""ART"", ""text"": ""квартира"", ""start"": 46, ""end"": 54}, {""label"": ""LOC"", ""text"": ""Луганську"", ""start"": 57, ""end"": 66}, {""label"": ""MON"", ""text"": ""півмільйона гривень"", ""start"": 101, ""end"": 120}, {""label"": ""ART"", ""text"": ""нерухомого майна"", ""start"": 133, ""end"": 149}, {""label"": ""PERS"", ""text"": ""іноземцю"", ""start"": 150, ""end"": 158}]"
4d31f2f39beb3d62fe1efcc9081bc3083c2cd5795f3383478fdffbbc0bb9773d,Окрім прибутку в 500 тис. в декларації за 2016 р. у прокурора Борзих з'явився і автомобіль – Toyota Camry 2006 р.в. придбана ним за 300 тис. грн .,"[{""label"": ""MON"", ""text"": ""500 тис.""}, {""label"": ""DATE"", ""text"": ""2016 р.""}, {""label"": ""JOB"", ""text"": ""прокурора""}, {""label"": ""PERS"", ""text"": ""Борзих""}, {""label"": ""ART"", ""text"": ""Toyota Camry""}, {""label"": ""DATE"", ""text"": ""2006 р.в.""}, {""label"": ""MON"", ""text"": ""300 тис. грн""}]","[{""label"": ""MON"", ""text"": ""500 тис."", ""start"": 17, ""end"": 25}, {""label"": ""DOC"", ""text"": ""декларації"", ""start"": 28, ""end"": 38}, {""label"": ""JOB"", ""text"": ""прокурора"", ""start"": 52, ""end"": 61}, {""label"": ""PERS"", ""text"": ""Борзих"", ""start"": 62, ""end"": 68}, {""label"": ""ART"", ""text"": ""Toyota Camry"", ""start"": 93, ""end"": 105}, {""label"": ""MON"", ""text"": ""300 тис. грн"", ""start"": 132, ""end"": 144}]"
3a576a07b1cb18fa1a76b953d89eb05377bfa58867d3b2a8c22110572f0047c7,"В квітні 2017 року декларацію Борзих прибрали з сайту Національного агентства запобігання корупції , як і ще майже сотню декларацій інших прокурорів .","[{""label"": ""DATE"", ""text"": ""квітні 2017 року""}, {""label"": ""PERS"", ""text"": ""Борзих""}, {""label"": ""ORG"", ""text"": ""Національного агентства запобігання корупції""}, {""label"": ""JOB"", ""text"": ""прокурорів""}]","[{""label"": ""DATE"", ""text"": ""квітні 2017"", ""start"": 2, ""end"": 13}, {""label"": ""PERS"", ""text"": ""Борзих"", ""start"": 30, ""end"": 36}, {""label"": ""ORG"", ""text"": ""Національного агентства запобігання корупції"", ""start"": 54, ""end"": 98}, {""label"": ""QUANT"", ""text"": ""сотню"", ""start"": 115, ""end"": 120}]"
b1b018bca70adace065de928fcffaabf62dd82b336521a273b9ff862074c6319,"Нещодавно Головний військовий прокурор Анатолій Матіос виступив із ініціативою звільнити від обов'язку електронного декларування всіх військових прокурорів , мотивуючи це загрозою їхньому життю та життю їхніх родин. ДП «Дирекція з будівництва та управління національного проекту «Повітряний експрес» та інших інфраструктурних об'єктів Київського регіону» 17 липня уклало угоду з ТОВ «Інвес» на розробку техніко-економічного обґрунтування проекту кільцевої дороги за 34,48 млн грн .","[{""label"": ""ORG"", ""text"": ""Головний військовий прокурор""}, {""label"": ""PERS"", ""text"": ""Анатолій Матіос""}, {""label"": ""JOB"", ""text"": ""військових прокурорів""}, {""label"": ""ORG"", ""text"": ""ДП «Дирекція з будівництва та управління національного проекту «Повітряний експрес» та інших інфраструктурних об'єктів Київського регіону»""}, {""label"": ""DATE"", ""text"": ""17 липня""}, {""label"": ""ORG"", ""text"": ""ТОВ «Інвес»""}, {""label"": ""MON"", ""text"": ""34,48 млн грн""}]","[{""label"": ""JOB"", ""text"": ""Головний військовий прокурор"", ""start"": 10, ""end"": 38}, {""label"": ""PERS"", ""text"": ""Анатолій Матіос"", ""start"": 39, ""end"": 54}, {""label"": ""LOC"", ""text"": ""Київського регіону"", ""start"": 335, ""end"": 353}, {""label"": ""DATE"", ""text"": ""17 липня"", ""start"": 355, ""end"": 363}, {""label"": ""ORG"", ""text"": ""ТОВ «Інвес»"", ""start"": 379, ""end"": 390}, {""label"": ""ART"", ""text"": ""техніко-економічного обґрунтування проекту кільцевої дороги"", ""start"": 403, ""end"": 462}, {""label"": ""MON"", ""text"": ""34,48 млн грн"", ""start"": 466, ""end"": 479}]"
a214e4e24bd6e2aae3a43180381b115a50a34c4c09990d72b6d5e0f812d2a043,Про це повідомляється у « Віснику державних закупівель ».,"[{""label"": ""ART"", ""text"": ""Віснику державних закупівель""}]","[{""label"": ""ORG"", ""text"": ""« Віснику державних закупівель »"", ""start"": 24, ""end"": 56}]"
796ed8b706c82940913b74e56b8115c4fa89718c4581a128525c88e2ec7cc7ec,Йдеться про міську кільцеву автомобільну дорогу навколо Києва від вул. Столичне шосе до автомобільної дороги М-03 Київ - Харків - Довжанський на ділянці Київ - Бориспіль .,"[{""label"": ""LOC"", ""text"": ""Києва""}, {""label"": ""LOC"", ""text"": ""вул. Столичне шосе""}, {""label"": ""LOC"", ""text"": ""М-03""}, {""label"": ""LOC"", ""text"": ""Київ""}, {""label"": ""LOC"", ""text"": ""Харків""}, {""label"": ""LOC"", ""text"": ""Довжанський""}, {""label"": ""LOC"", ""text"": ""Київ""}, {""label"": ""LOC"", ""text"": ""Бориспіль""}]","[{""label"": ""LOC"", ""text"": ""вул. Столичне шосе"", ""start"": 66, ""end"": 84}, {""label"": ""LOC"", ""text"": ""Київ - Бориспіль"", ""start"": 153, ""end"": 169}]"
80466732a33be71d253e65b4ec21306285b079744af0043bd26ab5e96a408cd9,"Її будівництво є складовою частиною проекту « Інфраструктурні об'єкти Київського регіону », який є складовою частиною національного проекту « Повітряний експрес », що має, зокрема, сполучити місто з аеропортом «Бориспіль» .","[{""label"": ""MISC"", ""text"": ""Інфраструктурні об'єкти Київського регіону""}, {""label"": ""MISC"", ""text"": ""Повітряний експрес""}, {""label"": ""ORG"", ""text"": ""аеропортом «Бориспіль»""}]","[{""label"": ""ORG"", ""text"": ""Інфраструктурні об'єкти Київського регіону"", ""start"": 46, ""end"": 88}, {""label"": ""LOC"", ""text"": ""аеропортом «Бориспіль»"", ""start"": 199, ""end"": 221}]"
06763c8d944083d9584674bb343f30c9a202745d5d78d003392ef2e6515bf533,Документацію мають розробити до кінця поточного року .,"[{""label"": ""DATE"", ""text"": ""кінця поточного року""}]","[{""label"": ""DOC"", ""text"": ""Документацію"", ""start"": 0, ""end"": 12}, {""label"": ""PERIOD"", ""text"": ""до кінця поточного року"", ""start"": 29, ""end"": 52}]"
ce2415e484258160493d987bf650aca47dc19525ce21f66185036398f3e41a61,"Пропозиція « Інвесу » була акцептована ще 31 грудня 2013 р. по «закупівлі у одного учасника», з посиланням на нагальну необхідність: Постанова Кабміну визначала, що документація має бути готова до 11 березня 2014 р. Чому тоді підрядником був обраний саме « Інвес », не пояснювалось.","[{""label"": ""ORG"", ""text"": ""Інвесу""}, {""label"": ""DATE"", ""text"": ""31 грудня 2013 р.""}, {""label"": ""ORG"", ""text"": ""Кабміну""}, {""label"": ""DATE"", ""text"": ""11 березня 2014 р.""}, {""label"": ""ORG"", ""text"": ""Інвес""}]","[{""label"": ""ORG"", ""text"": ""Інвесу"", ""start"": 13, ""end"": 19}, {""label"": ""DATE"", ""text"": ""31 грудня 2013 р."", ""start"": 42, ""end"": 59}, {""label"": ""ORG"", ""text"": ""Кабміну"", ""start"": 143, ""end"": 150}, {""label"": ""ART"", ""text"": ""документація"", ""start"": 165, ""end"": 177}, {""label"": ""ORG"", ""text"": ""Інвес"", ""start"": 257, ""end"": 262}]"
51b6146f5100451ae4c57cbecf2f2f952721faf5e4959f4d0b2636cfde169091,"Так само тепер не пояснюється, чому договір підписаний лише зараз і чому він взагалі підписаний, зважаючи на сплив термінів виконання.",[],"[{""label"": ""ART"", ""text"": ""договір"", ""start"": 36, ""end"": 43}, {""label"": ""PERIOD"", ""text"": ""сплив термінів виконання"", ""start"": 109, ""end"": 133}]"
da315f9a177e5371b037fdaf15680c175f7d1345718d93b7b66232990d690163,"Власниками фірми « Інвес » є дві британські компанії – « Indimo Verto (U. K.) LTD » і « Brodies Holdings Limited », Керує фірмою Євгеній Пироженко .","[{""label"": ""ORG"", ""text"": ""Інвес""}, {""label"": ""ORG"", ""text"": ""Indimo Verto (U. K.) LTD""}, {""label"": ""ORG"", ""text"": ""Brodies Holdings Limited""}, {""label"": ""PERS"", ""text"": ""Євгеній Пироженко""}]","[{""label"": ""ORG"", ""text"": ""Інвес"", ""start"": 19, ""end"": 24}, {""label"": ""ORG"", ""text"": ""Indimo Verto (U. K.) LTD"", ""start"": 57, ""end"": 81}, {""label"": ""ORG"", ""text"": ""Brodies Holdings Limited"", ""start"": 88, ""end"": 112}, {""label"": ""PERS"", ""text"": ""Євгеній Пироженко"", ""start"": 129, ""end"": 146}]"
7ff7b2f0cfb1bab680afee08411e281a1aaf639b434cfcfa393f2df0f4374934,"Нагадаємо, компанія « Інвес » найбільше відома в Києві як замовник скандальної багатоповерхівки по Грушевського 9а , що знаходиться впритул до Маріїнського парку .","[{""label"": ""ORG"", ""text"": ""Інвес""}, {""label"": ""LOC"", ""text"": ""Києві""}, {""label"": ""LOC"", ""text"": ""Грушевського 9а""}, {""label"": ""LOC"", ""text"": ""Маріїнського парку""}]","[{""label"": ""ORG"", ""text"": ""Інвес"", ""start"": 22, ""end"": 27}, {""label"": ""LOC"", ""text"": ""Києві"", ""start"": 49, ""end"": 54}, {""label"": ""LOC"", ""text"": ""Маріїнського парку"", ""start"": 143, ""end"": 161}]"
f031440d6aabd96474c4059de00e8faad80ab6c7e1f96c360a459144e0c62540,"Як засвідчили документи, знайдені у лютому цього року в колишній президентській резиденції « Межигір'я », одним з власників квартир у цьому будинку був Віктор Янукович .","[{""label"": ""DATE"", ""text"": ""лютому цього року""}, {""label"": ""LOC"", ""text"": ""Межигір'я""}, {""label"": ""PERS"", ""text"": ""Віктор Янукович""}]","[{""label"": ""ART"", ""text"": ""документи"", ""start"": 14, ""end"": 23}, {""label"": ""DATE"", ""text"": ""лютому цього року"", ""start"": 36, ""end"": 53}, {""label"": ""LOC"", ""text"": ""Межигір'я"", ""start"": 93, ""end"": 102}, {""label"": ""PERS"", ""text"": ""Віктор Янукович"", ""start"": 152, ""end"": 167}]"
d1758d2fd552c86756f6d1b0638b68e039cdaeec74c788fa6b1ded9883defe01,"Нагадаємо, що проект « Повітряний експрес » Держінвестпроекту був розроблений під майбутній китайський кредит і неодноразово критикувався у пресі. Управління преси та інформації Дніпропетровської облдержадміністрації за результатами тендерів 19 липня уклало низку угод на висвітлення діяльності влади Дніпропетровської області в ЗМІ загальною вартістю 1,62 млн грн .","[{""label"": ""MISC"", ""text"": ""Повітряний експрес""}, {""label"": ""ORG"", ""text"": ""Держінвестпроекту""}, {""label"": ""ORG"", ""text"": ""Дніпропетровської облдержадміністрації""}, {""label"": ""DATE"", ""text"": ""19 липня""}, {""label"": ""LOC"", ""text"": ""Дніпропетровської області""}, {""label"": ""MON"", ""text"": ""1,62 млн грн""}]","[{""label"": ""ART"", ""text"": ""Повітряний експрес"", ""start"": 23, ""end"": 41}, {""label"": ""ORG"", ""text"": ""Держінвестпроекту"", ""start"": 44, ""end"": 61}, {""label"": ""ORG"", ""text"": ""Управління преси та інформації Дніпропетровської облдержадміністрації"", ""start"": 147, ""end"": 216}, {""label"": ""DATE"", ""text"": ""19 липня"", ""start"": 242, ""end"": 250}, {""label"": ""LOC"", ""text"": ""Дніпропетровської області"", ""start"": 301, ""end"": 326}, {""label"": ""MON"", ""text"": ""1,62 млн грн"", ""start"": 352, ""end"": 364}]"
93a02f8f1d2dccd072bcebdeca8325a986b6c87ca2c6fca736d5b9dbf8fd203d,Про це повідомляється в « Віснику державних закупівель ». 120 тис грн. за приблизно 9 годин висвітлення проведення державних реформ у регіоні отримав « 9 канал » – ТОВ «Телекомпанія «Приват ТБ Дніпро» Ігоря Коломойського та Геннадія Боголюбова .,"[{""label"": ""ART"", ""text"": ""Віснику державних закупівель""}, {""label"": ""MON"", ""text"": ""120 тис грн.""}, {""label"": ""PERIOD"", ""text"": ""9 годин""}, {""label"": ""ORG"", ""text"": ""9 канал""}, {""label"": ""ORG"", ""text"": ""ТОВ «Телекомпанія «Приват ТБ Дніпро»""}, {""label"": ""PERS"", ""text"": ""Ігоря Коломойського""}, {""label"": ""PERS"", ""text"": ""Геннадія Боголюбова""}]","[{""label"": ""ART"", ""text"": ""Віснику державних закупівель"", ""start"": 26, ""end"": 54}, {""label"": ""MON"", ""text"": ""120 тис грн."", ""start"": 58, ""end"": 70}, {""label"": ""PERIOD"", ""text"": ""9 годин"", ""start"": 84, ""end"": 91}, {""label"": ""LOC"", ""text"": ""регіоні"", ""start"": 134, ""end"": 141}, {""label"": ""ORG"", ""text"": ""9 канал"", ""start"": 152, ""end"": 159}, {""label"": ""ORG"", ""text"": ""ТОВ «Телекомпанія «Приват ТБ Дніпро»"", ""start"": 164, ""end"": 200}, {""label"": ""PERS"", ""text"": ""Ігоря Коломойського"", ""start"": 201, ""end"": 220}, {""label"": ""PERS"", ""text"": ""Геннадія Боголюбова"", ""start"": 224, ""end"": 243}]"
d1b62b09008e2cb52c2101d0b5dddaf43347aa15c66ab0787126645b0195ea5d,Вартість однієї хвилини мовлення склала 218 грн . 190 тис грн. за 14 годин висвітлення реалізації національних інформаційних проектів отримав « 11 канал » – Дочірнє підприємство «Телерадіокомпанія «Стерх» ТОВ «Природні інвестиції» .,"[{""label"": ""PERIOD"", ""text"": ""однієї хвилини""}, {""label"": ""MON"", ""text"": ""218 грн""}, {""label"": ""MON"", ""text"": ""190 тис грн.""}, {""label"": ""PERIOD"", ""text"": ""14 годин""}, {""label"": ""ORG"", ""text"": ""11 канал""}, {""label"": ""ORG"", ""text"": ""Дочірнє підприємство «Телерадіокомпанія «Стерх»""}, {""label"": ""ORG"", ""text"": ""ТОВ «Природні інвестиції»""}]","[{""label"": ""MON"", ""text"": ""218 грн . 190 тис грн."", ""start"": 40, ""end"": 62}, {""label"": ""PERIOD"", ""text"": ""14 годин"", ""start"": 66, ""end"": 74}, {""label"": ""ORG"", ""text"": ""11 канал"", ""start"": 144, ""end"": 152}, {""label"": ""ORG"", ""text"": ""ТОВ «Природні інвестиції»"", ""start"": 205, ""end"": 230}]"
e39098a8a08368ea5663caf8e7f5aca60e3310afdbe866dc6d3417f8e3e0638d,"Вартість однієї хвилини мовлення склала 225,80 грн . 220 тис грн. за 30 годин висвітлення питань політичного життя регіону отримала Дніпропетровська обласна державна телерадіокомпанія .","[{""label"": ""PERIOD"", ""text"": ""однієї хвилини""}, {""label"": ""MON"", ""text"": ""225,80 грн""}, {""label"": ""MON"", ""text"": ""220 тис грн.""}, {""label"": ""PERIOD"", ""text"": ""30 годин""}, {""label"": ""ORG"", ""text"": ""Дніпропетровська обласна державна телерадіокомпанія""}]","[{""label"": ""MON"", ""text"": ""225,80 грн"", ""start"": 40, ""end"": 50}, {""label"": ""MON"", ""text"": ""220 тис грн."", ""start"": 53, ""end"": 65}, {""label"": ""PERIOD"", ""text"": ""30 годин"", ""start"": 69, ""end"": 77}, {""label"": ""ORG"", ""text"": ""Дніпропетровська обласна державна телерадіокомпанія"", ""start"": 132, ""end"": 183}]"
f909b82e907f1fa75b36204cad224664a9d923872996253711fa3b413ee5d8cc,"Вартість однієї хвилини мовлення склала 122,09 грн . 90 тис грн. за майже 7 годин висвітлення питань соціально-гуманітарного розвитку Дніпропетровської області дістались ТОВ телерадіокомпанія «Українсько-польське радіо та телебачення «Співдружність» .","[{""label"": ""PERIOD"", ""text"": ""однієї хвилини""}, {""label"": ""MON"", ""text"": ""122,09 грн""}, {""label"": ""MON"", ""text"": ""90 тис грн.""}, {""label"": ""PERIOD"", ""text"": ""7 годин""}, {""label"": ""LOC"", ""text"": ""Дніпропетровської області""}, {""label"": ""ORG"", ""text"": ""ТОВ телерадіокомпанія «Українсько-польське радіо та телебачення «Співдружність»""}]","[{""label"": ""MON"", ""text"": ""122,09 грн . 90 тис грн."", ""start"": 40, ""end"": 64}, {""label"": ""PERIOD"", ""text"": ""7 годин"", ""start"": 74, ""end"": 81}, {""label"": ""LOC"", ""text"": ""Дніпропетровської області"", ""start"": 134, ""end"": 159}, {""label"": ""ORG"", ""text"": ""ТОВ телерадіокомпанія «Українсько-польське радіо та телебачення «Співдружність»"", ""start"": 170, ""end"": 249}]"
f37c984ad22657b5269f66e976503bfadc14cfeb1b0e79d96695a78f3eb540d6,Вартість однієї хвилини мовлення склала 224 грн . 500 тис грн . за 37 з половиною годин висвітлення діяльності центральної та місцевої влади Дніпропетровської області отримало ПрАТ «Телевізійна служба Дніпропетровська» (« 34 канал »).,"[{""label"": ""PERIOD"", ""text"": ""однієї хвилини""}, {""label"": ""MON"", ""text"": ""224 грн""}, {""label"": ""MON"", ""text"": ""500 тис грн""}, {""label"": ""PERIOD"", ""text"": ""37 з половиною годин""}, {""label"": ""LOC"", ""text"": ""Дніпропетровської області""}, {""label"": ""ORG"", ""text"": ""ПрАТ «Телевізійна служба Дніпропетровська»""}, {""label"": ""ORG"", ""text"": ""34 канал""}]","[{""label"": ""MON"", ""text"": ""224 грн . 500 тис грн ."", ""start"": 40, ""end"": 63}, {""label"": ""PERIOD"", ""text"": ""37 з половиною годин"", ""start"": 67, ""end"": 87}, {""label"": ""LOC"", ""text"": ""Дніпропетровської області"", ""start"": 141, ""end"": 166}, {""label"": ""ORG"", ""text"": ""ПрАТ «Телевізійна служба Дніпропетровська»"", ""start"": 176, ""end"": 218}]"
e24f4dcce10198bca8dd0148d0e5ff0a5b7bea022e66861ae83f0fa82726c1b0,"Вартість однієї хвилини мовлення склала 222,10 грн .","[{""label"": ""PERIOD"", ""text"": ""однієї хвилини""}, {""label"": ""MON"", ""text"": ""222,10 грн""}]","[{""label"": ""MON"", ""text"": ""222,10 грн"", ""start"": 40, ""end"": 50}]"
d647b2f57337a9da223c560953aa1180006fda348294521bfa6f12eb9d266049,"Крім того, Управління преси та інформації Дніпропетровської ОДА замовило ТОВ «Вісті» виконання робіт з висвітлення на території міста Дніпропетровська і Дніпропетровської області діяльності Дніпропетровської обласної державної адміністрації , її структурних підрозділів в друкованих ЗМІ за 500 тис грн .","[{""label"": ""ORG"", ""text"": ""Управління преси та інформації Дніпропетровської ОДА""}, {""label"": ""ORG"", ""text"": ""ТОВ «Вісті»""}, {""label"": ""LOC"", ""text"": ""Дніпропетровська""}, {""label"": ""LOC"", ""text"": ""Дніпропетровської області""}, {""label"": ""ORG"", ""text"": ""Дніпропетровської обласної державної адміністрації""}, {""label"": ""MON"", ""text"": ""500 тис грн""}]","[{""label"": ""ORG"", ""text"": ""Управління преси та інформації Дніпропетровської ОДА"", ""start"": 11, ""end"": 63}, {""label"": ""ORG"", ""text"": ""ТОВ «Вісті»"", ""start"": 73, ""end"": 84}, {""label"": ""LOC"", ""text"": ""Дніпропетровської області"", ""start"": 153, ""end"": 178}, {""label"": ""ORG"", ""text"": ""Дніпропетровської обласної державної адміністрації"", ""start"": 190, ""end"": 240}, {""label"": ""MON"", ""text"": ""500 тис грн"", ""start"": 290, ""end"": 301}]"
768ce5a74b41cf967292df740c06b8786040917d68f3851ac4cf6308046d4325,"Згідно з документацією торгів, сумарна газетна площа обласного районного та міського розповсюдження повинна займати 58 200 кв. см . ТОВ «Вісті» очолює Олексій Ковальчук , який є головним редактором обласної дніпропетровської газети « Вісті Придніпров'я ». Суд зобов'язав Громадську організацію «Прикарпатське рибальське товариство» повернути ДП «Івано-Франківське лісове господарство» земельну ділянку площею 2,4 га .","[{""label"": ""QUANT"", ""text"": ""58 200 кв. см""}, {""label"": ""ORG"", ""text"": ""ТОВ «Вісті»""}, {""label"": ""PERS"", ""text"": ""Олексій Ковальчук""}, {""label"": ""JOB"", ""text"": ""головним редактором""}, {""label"": ""ART"", ""text"": ""Вісті Придніпров'я""}, {""label"": ""ORG"", ""text"": ""Громадську організацію «Прикарпатське рибальське товариство»""}, {""label"": ""ORG"", ""text"": ""ДП «Івано-Франківське лісове господарство»""}, {""label"": ""QUANT"", ""text"": ""2,4 га""}]","[{""label"": ""QUANT"", ""text"": ""58 200 кв. см"", ""start"": 116, ""end"": 129}, {""label"": ""ORG"", ""text"": ""ТОВ «Вісті»"", ""start"": 132, ""end"": 143}, {""label"": ""PERS"", ""text"": ""Олексій Ковальчук"", ""start"": 151, ""end"": 168}, {""label"": ""JOB"", ""text"": ""головним редактором"", ""start"": 178, ""end"": 197}, {""label"": ""ORG"", ""text"": ""Громадську організацію «Прикарпатське рибальське товариство»"", ""start"": 271, ""end"": 331}, {""label"": ""ORG"", ""text"": ""ДП «Івано-Франківське лісове господарство»"", ""start"": 342, ""end"": 384}]"
2ed0bf4e3041a7232bacd323646ef263b7f8945fe8c818f8aa4bc8933dd90471,Про це свідчить рішення Господарського суду Івано-Франківської області від 24 грудня 2014 року .,"[{""label"": ""ORG"", ""text"": ""Господарського суду Івано-Франківської області""}, {""label"": ""DATE"", ""text"": ""24 грудня 2014 року""}]","[{""label"": ""ORG"", ""text"": ""Господарського суду Івано-Франківської області"", ""start"": 24, ""end"": 70}]"
465cb9a98098d783a92caa96d1da4d1da502fcdc96e99d17cc6651805118f7c9,"У квітні 2013 року розпорядженням голови Івано-Франківської облдержадміністрації Михайла Вишиванюка громадській організації « Прикарпатське рибальське товариство » було виділено у користування лісову ділянку площею 2,4 га у Марковецькому лісництві .","[{""label"": ""DATE"", ""text"": ""квітні 2013 року""}, {""label"": ""ORG"", ""text"": ""Івано-Франківської облдержадміністрації""}, {""label"": ""PERS"", ""text"": ""Михайла Вишиванюка""}, {""label"": ""ORG"", ""text"": ""Прикарпатське рибальське товариство""}, {""label"": ""QUANT"", ""text"": ""2,4 га""}, {""label"": ""LOC"", ""text"": ""Марковецькому лісництві""}]","[{""label"": ""DATE"", ""text"": ""квітні 2013 року"", ""start"": 2, ""end"": 18}, {""label"": ""PERS"", ""text"": ""Михайла Вишиванюка"", ""start"": 81, ""end"": 99}, {""label"": ""ORG"", ""text"": ""Прикарпатське рибальське товариство"", ""start"": 126, ""end"": 161}, {""label"": ""LOC"", ""text"": ""Марковецькому лісництві"", ""start"": 224, ""end"": 247}]"
2bbab8b779fbf1f1dc21d1fab34b2759d864e7df26b978f07b35a97c135817c8,Організація отримала землю для облаштування рекреаційно-відпочинкової зони терміном на 5 років .,"[{""label"": ""PERIOD"", ""text"": ""5 років""}]","[{""label"": ""ORG"", ""text"": ""Організація"", ""start"": 0, ""end"": 11}, {""label"": ""MISC"", ""text"": ""землю"", ""start"": 21, ""end"": 26}, {""label"": ""LOC"", ""text"": ""рекреаційно-відпочинкової зони"", ""start"": 44, ""end"": 74}, {""label"": ""PERIOD"", ""text"": ""5 років"", ""start"": 87, ""end"": 94}]"
06a882ac3011938fccd4ea34f566f8282df80a9f412cc93b8555a33bc98aef52,На виконання цього розпорядження Івано-Франківський лісгосп уклав із ГО «Прикарпатське рибальське товариство» договір оренди.,"[{""label"": ""ORG"", ""text"": ""Івано-Франківський лісгосп""}, {""label"": ""ORG"", ""text"": ""ГО «Прикарпатське рибальське товариство»""}]","[{""label"": ""ORG"", ""text"": ""Івано-Франківський лісгосп"", ""start"": 33, ""end"": 59}, {""label"": ""ORG"", ""text"": ""Прикарпатське рибальське товариство"", ""start"": 73, ""end"": 108}, {""label"": ""DOC"", ""text"": ""договір оренди"", ""start"": 110, ""end"": 124}]"
655fe23689842b81326fefc1956be0e786f28d329edf761db0f3fd6010259d54,"Прокуратура встановила, що передача в оренду відбулася без вилучення ділянки у лісгоспу.",[],"[{""label"": ""ORG"", ""text"": ""Прокуратура"", ""start"": 0, ""end"": 11}, {""label"": ""ORG"", ""text"": ""лісгоспу"", ""start"": 79, ""end"": 87}]"
fbd57cb0785476869b3828c1b149bdcea6a247cc58ae4ee960dade8a6493f4cf,"Крім того, на орендованій лісовій ділянці громадська організація облаштувала три водойми, у яких розводить рибу.",[],"[{""label"": ""LOC"", ""text"": ""орендованій лісовій ділянці"", ""start"": 14, ""end"": 41}, {""label"": ""ORG"", ""text"": ""громадська організація"", ""start"": 42, ""end"": 64}, {""label"": ""MISC"", ""text"": ""рибу"", ""start"": 107, ""end"": 111}]"
9b418290f661891974f0ac03f55803fbd849924ccd3223e07301c194d00952f1,"Стверджуючи, що це суперечить законодавству, прокуратура, що представляла інтереси лісгоспу, звернулася до суду.",[],"[{""label"": ""ORG"", ""text"": ""прокуратура"", ""start"": 45, ""end"": 56}, {""label"": ""ORG"", ""text"": ""лісгоспу"", ""start"": 83, ""end"": 91}, {""label"": ""ORG"", ""text"": ""суду"", ""start"": 107, ""end"": 111}]"
0642bbe418d50843c8b8e902d122ffaa6623ac277fbd958415ba1b9a02a60449,"Та суд вказав, що тимчасове користування лісами державної та комунальної власності здійснюється без вилучення таких ділянок у лісгоспів.",[],"[{""label"": ""ORG"", ""text"": ""суд"", ""start"": 3, ""end"": 6}, {""label"": ""ORG"", ""text"": ""лісгоспів"", ""start"": 126, ""end"": 135}]"
80b7afde18635a0d02f0f899759e3b9e40a368c653cb13f99e8f57e459a64675,"Крім того, законодавством не заборонене використання лісових ділянок для рекреаційних цілей.",[],"[{""label"": ""ART"", ""text"": ""Крім того"", ""start"": 0, ""end"": 9}, {""label"": ""LOC"", ""text"": ""лісових ділянок"", ""start"": 53, ""end"": 68}]"
fda210f1291e61d2f02e64656bb890c7a8ed56092b5e9bd47da4383c3d083974,"Однак, порушення законодавства суд таки угледів.",[],"[{""label"": ""ORG"", ""text"": ""суд"", ""start"": 31, ""end"": 34}]"
fce37a952fe942bd15d383a28d4511c88995d36009de9119a6a1288858bd2f97,"Зокрема, для рибогосподарської діяльності організація повинна була отримати дозвіл на спеціальне водокористування.",[],"[{""label"": ""MISC"", ""text"": ""рибогосподарської діяльності"", ""start"": 13, ""end"": 41}, {""label"": ""ORG"", ""text"": ""організація"", ""start"": 42, ""end"": 53}]"
cee20f5e482d6a33b7d0a5af28e3567a1fcc6e2a3050dfd342e585f34896eedb,Та суд не отримав доказів наявності такого дозволу у « Прикарпатського рибальського товариства » та проведення ним оплати за спеціальне водокористування.,"[{""label"": ""ORG"", ""text"": ""Прикарпатського рибальського товариства""}]","[{""label"": ""ORG"", ""text"": ""Прикарпатського рибальського товариства"", ""start"": 55, ""end"": 94}, {""label"": ""MISC"", ""text"": ""спеціальне водокористування"", ""start"": 125, ""end"": 152}]"
ec470d5c97e633af464cc1550a75ca2f3ede5dcf3cd4c8e132fe30c0cfc53bab,"Крім того, суд вказав, що виділення організації лісової ділянки, допускаючи використання її для риборозведення, порушило ряд приписів Водного кодексу України .","[{""label"": ""DOC"", ""text"": ""Водного кодексу України""}]","[{""label"": ""ORG"", ""text"": ""суд"", ""start"": 11, ""end"": 14}, {""label"": ""LOC"", ""text"": ""лісової ділянки"", ""start"": 48, ""end"": 63}, {""label"": ""MISC"", ""text"": ""риборозведення"", ""start"": 96, ""end"": 110}]"
3798e4c438b7ac376f592ce97047f166ef34303c3a59aa12baa3288d5c58b113,Суд визнав недійсним розпорядження голови Івано-Франківської ОДА і договір оренди ділянки та зобов'язав ГО «Прикарпатське рибальське товариство» повернути землю Івано-Франківському держлісгоспу . ГО «Прикарпатське рибальське товариство» було створене навесні 2012 року .,"[{""label"": ""ORG"", ""text"": ""Івано-Франківської ОДА""}, {""label"": ""ORG"", ""text"": ""ГО «Прикарпатське рибальське товариство»""}, {""label"": ""ORG"", ""text"": ""Івано-Франківському держлісгоспу""}, {""label"": ""ORG"", ""text"": ""ГО «Прикарпатське рибальське товариство»""}, {""label"": ""DATE"", ""text"": ""навесні 2012 року""}]","[{""label"": ""ORG"", ""text"": ""Суд"", ""start"": 0, ""end"": 3}, {""label"": ""PERS"", ""text"": ""голови"", ""start"": 35, ""end"": 41}, {""label"": ""ORG"", ""text"": ""Івано-Франківської ОДА"", ""start"": 42, ""end"": 64}, {""label"": ""DOC"", ""text"": ""договір оренди ділянки"", ""start"": 67, ""end"": 89}, {""label"": ""ORG"", ""text"": ""ГО «Прикарпатське рибальське товариство»"", ""start"": 104, ""end"": 144}, {""label"": ""ORG"", ""text"": ""Івано-Франківському держлісгоспу"", ""start"": 161, ""end"": 193}, {""label"": ""ORG"", ""text"": ""ГО «Прикарпатське рибальське товариство»"", ""start"": 196, ""end"": 236}, {""label"": ""DATE"", ""text"": ""навесні 2012 року"", ""start"": 251, ""end"": 268}]"
f6a4efa6537ecbe06c1aa248784641856cc55f9e80ee01351b2bce1c25329877,Його керівником є Віктор Радіонов Суд відмовив у позові прокуратури що витребування з приватної власності на користь держави 15 га землі в Обухівському районі Київської області .,"[{""label"": ""PERS"", ""text"": ""Віктор Радіонов""}, {""label"": ""QUANT"", ""text"": ""15 га""}, {""label"": ""LOC"", ""text"": ""Обухівському районі""}, {""label"": ""LOC"", ""text"": ""Київської області""}]","[{""label"": ""PERS"", ""text"": ""Віктор Радіонов"", ""start"": 18, ""end"": 33}, {""label"": ""ORG"", ""text"": ""Суд"", ""start"": 34, ""end"": 37}, {""label"": ""ORG"", ""text"": ""прокуратури"", ""start"": 56, ""end"": 67}, {""label"": ""QUANT"", ""text"": ""15 га землі"", ""start"": 125, ""end"": 136}, {""label"": ""LOC"", ""text"": ""Обухівському районі Київської області"", ""start"": 139, ""end"": 176}]"
dfc6d336d3a203dcfe16078d1b34bbe82cc782e2cab6509b662280bd54cf828a,Про це свідчить рішення Обухівського райсуду від 1 липня .,"[{""label"": ""ORG"", ""text"": ""Обухівського райсуду""}, {""label"": ""DATE"", ""text"": ""1 липня""}]","[{""label"": ""ORG"", ""text"": ""Обухівського райсуду"", ""start"": 24, ""end"": 44}, {""label"": ""DATE"", ""text"": ""1 липня"", ""start"": 49, ""end"": 56}]"
7809377e1a101206cba2c9ab8ff6a9ae1ac719ad057a8b64b445d318ab8c140a,У 2009 році 15 громадян отримали від Обухівської райдержадміністрації у власність земельні ділянки по 1 га кожна.,"[{""label"": ""DATE"", ""text"": ""2009 році""}, {""label"": ""ORG"", ""text"": ""Обухівської райдержадміністрації""}, {""label"": ""QUANT"", ""text"": ""1 га""}]","[{""label"": ""DATE"", ""text"": ""2009 році"", ""start"": 2, ""end"": 11}, {""label"": ""PERS"", ""text"": ""15 громадян"", ""start"": 12, ""end"": 23}, {""label"": ""ORG"", ""text"": ""Обухівської райдержадміністрації"", ""start"": 37, ""end"": 69}, {""label"": ""MISC"", ""text"": ""земельні ділянки"", ""start"": 82, ""end"": 98}]"
0717f5d9fbdff3d1ce2a8bdbd61bf0b09f5c030fa467335558a2bbb776e2e22a,Через тиждень після отримання держактів всі ділянки було продано третій особі.,"[{""label"": ""PERIOD"", ""text"": ""тиждень""}]","[{""label"": ""PERIOD"", ""text"": ""тиждень"", ""start"": 6, ""end"": 13}, {""label"": ""PERS"", ""text"": ""третій особі"", ""start"": 65, ""end"": 77}]"
ac852cc311ca62ee379622f4505f7831902174b35e04e758c4ea4dc7e4065acd,Новий власник змінив цільове використання землі з ведення особистого селянського господарства на ведення індивідуального садівництва.,[],"[{""label"": ""PERS"", ""text"": ""Новий власник"", ""start"": 0, ""end"": 13}, {""label"": ""ORG"", ""text"": ""особистого селянського господарства"", ""start"": 58, ""end"": 93}, {""label"": ""MISC"", ""text"": ""індивідуального садівництва"", ""start"": 105, ""end"": 132}]"
c4b219b8545264e09f13e0b839f5a5911ef002f7028da938173688a27394aec8,Прокуратура судиться з приводу повернення цих ділянок ще з 2012 року .,"[{""label"": ""DATE"", ""text"": ""2012 року""}]","[{""label"": ""ORG"", ""text"": ""Прокуратура"", ""start"": 0, ""end"": 11}, {""label"": ""DATE"", ""text"": ""2012 року"", ""start"": 59, ""end"": 68}]"
6f22f599c450ca86c7110cb13c676fa500e42346c4ce7b81a503703521374fad,"Прокуратура стверджує, що ці землі входять у прибережну захисну смугу Канівського водосховища , а також, що цільове призначення ділянок було змінено незаконно.","[{""label"": ""LOC"", ""text"": ""Канівського водосховища""}]","[{""label"": ""ORG"", ""text"": ""Прокуратура"", ""start"": 0, ""end"": 11}, {""label"": ""LOC"", ""text"": ""Канівського водосховища"", ""start"": 70, ""end"": 93}, {""label"": ""MISC"", ""text"": ""цільове призначення ділянок"", ""start"": 108, ""end"": 135}]"
f2172e302810a013ebcf253a9ac8b21aabb006b06dc29023ff8a6b217c156cd3,Однак суд вважає позов прокуратури необґрунтованим.,[],"[{""label"": ""ORG"", ""text"": ""суд"", ""start"": 6, ""end"": 9}, {""label"": ""ORG"", ""text"": ""прокуратури"", ""start"": 23, ""end"": 34}]"
735abfac889c86e60bb2d892ada623205f7b2b19265645b016ede9627cf95893,"За висновком інженера геодезиста , спірна ділянка не належала до земель водного фонду, а розташована на землях сільськогосподарського використання, що належали сільськогосподарським артілям імені Леніна с. Долина , День врожаю с. Жуковці , імені Леніна с. Старі Безрадичі .","[{""label"": ""JOB"", ""text"": ""інженера геодезиста""}, {""label"": ""ORG"", ""text"": ""імені Леніна""}, {""label"": ""LOC"", ""text"": ""Долина""}, {""label"": ""ORG"", ""text"": ""День врожаю""}, {""label"": ""LOC"", ""text"": ""Жуковці""}, {""label"": ""ORG"", ""text"": ""імені Леніна""}, {""label"": ""LOC"", ""text"": ""Старі Безрадичі""}]","[{""label"": ""JOB"", ""text"": ""інженера геодезиста"", ""start"": 13, ""end"": 32}, {""label"": ""LOC"", ""text"": ""с. Долина"", ""start"": 203, ""end"": 212}, {""label"": ""LOC"", ""text"": ""с. Жуковці"", ""start"": 227, ""end"": 237}]"
8c62cd6869e0db569b4225bbdbdb0086c14a604f0a1f2df4be68ebc8dda08bc5,"Так само прокурором не доведено, що цільове використання землі змінене з порушенням: на підставі технічної документації, а не проекту відведення земельних ділянок.","[{""label"": ""JOB"", ""text"": ""прокурором""}]","[{""label"": ""PERS"", ""text"": ""прокурором"", ""start"": 9, ""end"": 19}, {""label"": ""ART"", ""text"": ""технічної документації"", ""start"": 97, ""end"": 119}, {""label"": ""DOC"", ""text"": ""проекту відведення земельних ділянок"", ""start"": 126, ""end"": 162}]"
daffc35d419d50df249f453e2df390e0ab3f5a37cf71e674f364c7daed587a3c,"За даними реєстру майнових прав, власником об'єднаної ділянки площею 15 га є Скибенко Володимир Миколайович .","[{""label"": ""QUANT"", ""text"": ""15 га""}, {""label"": ""PERS"", ""text"": ""Скибенко Володимир Миколайович""}]","[{""label"": ""ORG"", ""text"": ""реєстру майнових прав"", ""start"": 10, ""end"": 31}, {""label"": ""PERS"", ""text"": ""Скибенко Володимир Миколайович"", ""start"": 77, ""end"": 107}]"
ad4db338f08481e79f2d20abfbe3084eeba8ac2f5281dca846962fd4f0059f86,"Землю віддано в іпотеку державному « Ощадбанку » до жовтня 2020 р. під зобов'язання 1,45 млрд грн .","[{""label"": ""ORG"", ""text"": ""Ощадбанку""}, {""label"": ""DATE"", ""text"": ""жовтня 2020 р.""}, {""label"": ""MON"", ""text"": ""1,45 млрд грн""}]","[{""label"": ""ART"", ""text"": ""Землю"", ""start"": 0, ""end"": 5}, {""label"": ""ORG"", ""text"": ""Ощадбанку"", ""start"": 37, ""end"": 46}, {""label"": ""DATE"", ""text"": ""жовтня 2020 р."", ""start"": 52, ""end"": 66}, {""label"": ""MON"", ""text"": ""1,45 млрд грн"", ""start"": 84, ""end"": 97}]"
05a1c65749225dc03f0d469f34bc87589210e69746e33dc0efef416e046744bf,У листопаді минулого року на ділянку за клопотанням Генпрокуратури накладено арешт.,"[{""label"": ""DATE"", ""text"": ""листопаді минулого року""}, {""label"": ""ORG"", ""text"": ""Генпрокуратури""}]","[{""label"": ""DATE"", ""text"": ""листопаді минулого року"", ""start"": 2, ""end"": 25}, {""label"": ""LOC"", ""text"": ""ділянку"", ""start"": 29, ""end"": 36}, {""label"": ""ORG"", ""text"": ""Генпрокуратури"", ""start"": 52, ""end"": 66}, {""label"": ""MISC"", ""text"": ""арешт"", ""start"": 77, ""end"": 82}]"
b59a5cb4808415710baf4ebf32bee0cee1c03e88637ca5d9f31f7a3378eebc07,"У 2013 році ділянку орендувала Закамська Ганна Ігорівна , юрист ТОВ «Затишне» .","[{""label"": ""DATE"", ""text"": ""2013 році""}, {""label"": ""PERS"", ""text"": ""Закамська Ганна Ігорівна""}, {""label"": ""JOB"", ""text"": ""юрист""}, {""label"": ""ORG"", ""text"": ""ТОВ «Затишне»""}]","[{""label"": ""DATE"", ""text"": ""2013 році"", ""start"": 2, ""end"": 11}, {""label"": ""PERS"", ""text"": ""Закамська Ганна Ігорівна"", ""start"": 31, ""end"": 55}, {""label"": ""JOB"", ""text"": ""юрист"", ""start"": 58, ""end"": 63}, {""label"": ""ORG"", ""text"": ""ТОВ «Затишне»"", ""start"": 64, ""end"": 77}]"
c1582fef34aa1bd9cdee801ea4388079444c01eae76dab2f0726e66056696b36,Ця фірма відома участю у земельних спорах в Обухівському районі .,"[{""label"": ""LOC"", ""text"": ""Обухівському районі""}]","[{""label"": ""ORG"", ""text"": ""Ця фірма"", ""start"": 0, ""end"": 8}, {""label"": ""LOC"", ""text"": ""Обухівському районі"", ""start"": 44, ""end"": 63}]"
1f04bfa3f6c5ea7855649830353c67a1c80bb937001974943aa74b6664862192,"Раніше ТОВ «Затишне» займалося облаштування однойменного масиву в смт Козин , зокрема намиванням території.","[{""label"": ""ORG"", ""text"": ""ТОВ «Затишне»""}, {""label"": ""LOC"", ""text"": ""Козин""}]","[{""label"": ""ORG"", ""text"": ""ТОВ «Затишне»"", ""start"": 7, ""end"": 20}, {""label"": ""LOC"", ""text"": ""смт Козин"", ""start"": 66, ""end"": 75}, {""label"": ""MISC"", ""text"": ""намиванням території"", ""start"": 86, ""end"": 106}]"
a796b58e7ae3dc91cfdeddea28faaf9f2646072e32de5614d637cdbb2b97277e,"На вищезгаданого Скибенка зареєстрована щонайменше ще одна ділянка 28 га , також на березі Канівського водосховища .","[{""label"": ""PERS"", ""text"": ""Скибенка""}, {""label"": ""QUANT"", ""text"": ""28 га""}, {""label"": ""LOC"", ""text"": ""Канівського водосховища""}]","[{""label"": ""LOC"", ""text"": ""Скибенка"", ""start"": 17, ""end"": 25}, {""label"": ""QUANT"", ""text"": ""28 га"", ""start"": 67, ""end"": 72}, {""label"": ""LOC"", ""text"": ""Канівського водосховища"", ""start"": 91, ""end"": 114}]"
01956d81621cb4f34a2d41d241e447724d98672e8d5ce266878e16187da80c84,Земля аналогічно перебуває в іпотеці « Ощадбанку ».,"[{""label"": ""ORG"", ""text"": ""Ощадбанку""}]","[{""label"": ""LOC"", ""text"": ""Земля"", ""start"": 0, ""end"": 5}, {""label"": ""ORG"", ""text"": ""Ощадбанку"", ""start"": 39, ""end"": 48}]"
20b5dbbfa39920f776b256a74f8032e12d15bb45b6db497da6d64d21827b87bb,У травні цього року прокуратура програла позов про повернення цієї ділянки. Приватна фірма « Укртрансакад » виявилась власником печатки Департаменту локомотивного господарства ПАТ «Українська залізниця» .,"[{""label"": ""DATE"", ""text"": ""травні цього року""}, {""label"": ""ORG"", ""text"": ""Укртрансакад""}, {""label"": ""ORG"", ""text"": ""Департаменту локомотивного господарства ПАТ «Українська залізниця»""}]","[{""label"": ""DATE"", ""text"": ""травні цього року"", ""start"": 2, ""end"": 19}, {""label"": ""ORG"", ""text"": ""прокуратура"", ""start"": 20, ""end"": 31}, {""label"": ""ORG"", ""text"": ""Укртрансакад"", ""start"": 93, ""end"": 105}, {""label"": ""ORG"", ""text"": ""Департаменту локомотивного господарства ПАТ «Українська залізниця»"", ""start"": 136, ""end"": 202}]"
ad8a19ec47b061395749de1bb5d5c8ee50b585a50cc690b4d658103b2aa21849,Про це повідомила « Залізниця без корупції » з посиланням на рішення Жовтневого райсуду в Дніпрі .,"[{""label"": ""ART"", ""text"": ""Залізниця без корупції""}, {""label"": ""ORG"", ""text"": ""Жовтневого райсуду""}, {""label"": ""LOC"", ""text"": ""Дніпрі""}]","[{""label"": ""ORG"", ""text"": ""Залізниця без корупції"", ""start"": 20, ""end"": 42}, {""label"": ""DOC"", ""text"": ""Жовтневого райсуду"", ""start"": 69, ""end"": 87}, {""label"": ""LOC"", ""text"": ""Дніпрі"", ""start"": 90, ""end"": 96}]"
51200336a7f155ef1c648b0897c33dae864e94db28cfe5501ad1564947f24bff,Фіскальна служба у квітні в ході обшуку вилучала у офісі ТОВ «НВП «Укртрансакад» різну документацію десятків інших компаній.,"[{""label"": ""DATE"", ""text"": ""квітні""}, {""label"": ""ORG"", ""text"": ""ТОВ «НВП «Укртрансакад»""}]","[{""label"": ""ORG"", ""text"": ""Фіскальна служба"", ""start"": 0, ""end"": 16}, {""label"": ""DATE"", ""text"": ""квітні"", ""start"": 19, ""end"": 25}, {""label"": ""ORG"", ""text"": ""ТОВ «НВП «Укртрансакад»"", ""start"": 57, ""end"": 80}, {""label"": ""MISC"", ""text"": ""різну документацію"", ""start"": 81, ""end"": 99}]"
da487c8835c33a9e9acadfa3a78ccdca054a54b12d6520e95048b1916e44012c,"І у тому числі була вилучена печатка підрозділу державного підприємства. Директор фірми подав клопотання про повернення вилученого, і суд наказав фіскалам повернути все, і у тому числі державну печатку.","[{""label"": ""JOB"", ""text"": ""Директор""}]","[{""label"": ""ART"", ""text"": ""печатка"", ""start"": 29, ""end"": 36}, {""label"": ""ORG"", ""text"": ""державного підприємства"", ""start"": 48, ""end"": 71}, {""label"": ""JOB"", ""text"": ""Директор фірми"", ""start"": 73, ""end"": 87}, {""label"": ""ORG"", ""text"": ""суд"", ""start"": 134, ""end"": 137}, {""label"": ""ORG"", ""text"": ""фіскалам"", ""start"": 146, ""end"": 154}, {""label"": ""ART"", ""text"": ""державну печатку"", ""start"": 185, ""end"": 201}]"
9c91e4227a9c75968cefca1a8fc27cd4800d74726b8fb925674115e47bbbc9d3,"Окрім печатки локомотивного господарства « Укрзалізниці », фірмі були також повернуті документи, які свідчать про наявність господарських операцій між ТОВ «НВП «Укртрасакад» та підприємствами сертифікації УЗ : ДП «Український науково-дослідний інститут вагонобудування» , ДП «Дніпропетровський орган з сертифікації залізничного транспорту» , ДП «Укрзаліз-Стандарт» , ДП «Дніпропетровський регіональний державний науково-технічний центр стандартизації, метрології та сертифікації» та з Дніпропетровським національним університетом залізничного транспорту .","[{""label"": ""ORG"", ""text"": ""Укрзалізниці""}, {""label"": ""ORG"", ""text"": ""ТОВ «НВП «Укртрасакад»""}, {""label"": ""ORG"", ""text"": ""УЗ""}, {""label"": ""ORG"", ""text"": ""ДП «Український науково-дослідний інститут вагонобудування»""}, {""label"": ""ORG"", ""text"": ""ДП «Дніпропетровський орган з сертифікації залізничного транспорту»""}, {""label"": ""ORG"", ""text"": ""ДП «Укрзаліз-Стандарт»""}, {""label"": ""ORG"", ""text"": ""ДП «Дніпропетровський регіональний державний науково-технічний центр стандартизації, метрології та сертифікації»""}, {""label"": ""ORG"", ""text"": ""Дніпропетровським національним університетом залізничного транспорту""}]","[{""label"": ""ORG"", ""text"": ""Укрзалізниці"", ""start"": 43, ""end"": 55}, {""label"": ""ORG"", ""text"": ""ТОВ «НВП «Укртрасакад»"", ""start"": 151, ""end"": 173}, {""label"": ""ORG"", ""text"": ""ДП «Український науково-дослідний інститут вагонобудування»"", ""start"": 210, ""end"": 269}, {""label"": ""ORG"", ""text"": ""ДП «Дніпропетровський орган з сертифікації залізничного транспорту"", ""start"": 272, ""end"": 338}, {""label"": ""ORG"", ""text"": ""ДП «Укрзаліз-Стандарт"", ""start"": 342, ""end"": 363}, {""label"": ""ORG"", ""text"": ""Дніпропетровським національним університетом залізничного транспорту"", ""start"": 485, ""end"": 553}]"
4b15cf7d34cfe52e11b945686064f70f707f28fb37f106846079af93497c50ef,"«І тепер головне питання – як печатка державного підприємства опинилася в руках приватної фірми з Дніпра , пов'язаної із залізничним університетом і як ця фірма використовувала цю печатку.","[{""label"": ""LOC"", ""text"": ""Дніпра""}]","[{""label"": ""ART"", ""text"": ""печатка державного підприємства"", ""start"": 30, ""end"": 61}, {""label"": ""ORG"", ""text"": ""приватної фірми"", ""start"": 80, ""end"": 95}, {""label"": ""LOC"", ""text"": ""Дніпра"", ""start"": 98, ""end"": 104}, {""label"": ""ORG"", ""text"": ""залізничним університетом"", ""start"": 121, ""end"": 146}, {""label"": ""ART"", ""text"": ""печатку"", ""start"": 180, ""end"": 187}]"
2bbf5e7fd235af031c577e8f75ca94793a3fea428de00bca07b0910fd0b7b650,Застосування печатки могло би бути досить широким – від незаконного посвідчення техумов і дозволів до затвердження підроблених документів.,[],"[{""label"": ""ART"", ""text"": ""печатки"", ""start"": 13, ""end"": 20}, {""label"": ""ART"", ""text"": ""незаконного посвідчення техумов і дозволів"", ""start"": 56, ""end"": 98}, {""label"": ""MISC"", ""text"": ""підроблених документів"", ""start"": 115, ""end"": 137}]"
f3c2e209fcb94928f334c945d66907a4d6069daa8b1895cc011d3965e2698944,"Варто зазначити, що заволодіння печатки держпідприємства само по собі вже є кримінальним злочином згідно ст. 357 Кримінального кодексу України », – вказують журналісти . ТОВ «НВП «Укртранскаскад» зареєстроване в 2003 році .","[{""label"": ""DOC"", ""text"": ""ст. 357 Кримінального кодексу України""}, {""label"": ""JOB"", ""text"": ""журналісти""}, {""label"": ""ORG"", ""text"": ""ТОВ «НВП «Укртранскаскад»""}, {""label"": ""DATE"", ""text"": ""2003 році""}]","[{""label"": ""PERS"", ""text"": ""журналісти"", ""start"": 157, ""end"": 167}, {""label"": ""ORG"", ""text"": ""ТОВ «НВП «Укртранскаскад»"", ""start"": 170, ""end"": 195}, {""label"": ""DATE"", ""text"": ""2003 році"", ""start"": 212, ""end"": 221}]"
b4f891eb2dd5e59db5f0006556fd736917b728973537f90da6b56ca6aadeddf8,"Його співвласниками записані дві мешканки Дніпра Пінчук Олена Петрівна та Трєпак Слав'яна Юріївна , які працюють у Дніпропетровському залізничному університеті .","[{""label"": ""LOC"", ""text"": ""Дніпра""}, {""label"": ""PERS"", ""text"": ""Пінчук Олена Петрівна""}, {""label"": ""PERS"", ""text"": ""Трєпак Слав'яна Юріївна""}, {""label"": ""ORG"", ""text"": ""Дніпропетровському залізничному університеті""}]","[{""label"": ""LOC"", ""text"": ""Дніпра"", ""start"": 42, ""end"": 48}, {""label"": ""PERS"", ""text"": ""Пінчук Олена Петрівна"", ""start"": 49, ""end"": 70}, {""label"": ""PERS"", ""text"": ""Трєпак Слав'яна Юріївна"", ""start"": 74, ""end"": 97}, {""label"": ""ORG"", ""text"": ""Дніпропетровському залізничному університеті"", ""start"": 115, ""end"": 159}]"
6294949b93c9f83e6856cb068f2f5c5a4d18c576766a970c664c9a6f02135ab2,Фірма має в своїй біографії контракти в основному з Придніпровською залізницею .,"[{""label"": ""ORG"", ""text"": ""Придніпровською залізницею""}]","[{""label"": ""ORG"", ""text"": ""Фірма"", ""start"": 0, ""end"": 5}, {""label"": ""MISC"", ""text"": ""контракти"", ""start"": 28, ""end"": 37}, {""label"": ""ORG"", ""text"": ""Придніпровською залізницею"", ""start"": 52, ""end"": 78}]"
797949ffced0490d20e7b0d98560d5d2986e9eaa21c8aea7aaf89957305c1631,"Нагадаємо, днями СБУ звинуватила керівництво Департаменту локомотивного господарства УЗ в організації закупівлі неліквідних запчастин у приватних фірм на 100 мільйонів гривень .","[{""label"": ""ORG"", ""text"": ""СБУ""}, {""label"": ""ORG"", ""text"": ""Департаменту локомотивного господарства УЗ""}, {""label"": ""MON"", ""text"": ""100 мільйонів гривень""}]","[{""label"": ""ORG"", ""text"": ""СБУ"", ""start"": 17, ""end"": 20}, {""label"": ""ORG"", ""text"": ""Департаменту локомотивного господарства УЗ"", ""start"": 45, ""end"": 87}, {""label"": ""ART"", ""text"": ""неліквідних запчастин"", ""start"": 112, ""end"": 133}, {""label"": ""ORG"", ""text"": ""приватних фірм"", ""start"": 136, ""end"": 150}, {""label"": ""MON"", ""text"": ""100 мільйонів гривень"", ""start"": 154, ""end"": 175}]"
37510a6ff209d9d69e57de454f2d34930f97ed08985dff6cd4ae30f6ac00c50d,"Після чого заступника керівника департаменту відпустили під заставу в 128 тисяч гривень Відділ розвитку міського господарства Артемівської міськради Донецької області уклало дві угоди з ТОВ «Данком» про капітальний ремонт міських вулиць вартістю 4,29 млн грн .","[{""label"": ""JOB"", ""text"": ""заступника керівника""}, {""label"": ""MON"", ""text"": ""128 тисяч гривень""}, {""label"": ""ORG"", ""text"": ""Відділ розвитку міського господарства Артемівської міськради Донецької області""}, {""label"": ""ORG"", ""text"": ""ТОВ «Данком»""}, {""label"": ""MON"", ""text"": ""4,29 млн грн""}]","[{""label"": ""JOB"", ""text"": ""заступника керівника департаменту"", ""start"": 11, ""end"": 44}, {""label"": ""MON"", ""text"": ""128 тисяч гривень"", ""start"": 70, ""end"": 87}, {""label"": ""ORG"", ""text"": ""Відділ розвитку міського господарства Артемівської міськради Донецької області"", ""start"": 88, ""end"": 166}, {""label"": ""ORG"", ""text"": ""ТОВ «Данком»"", ""start"": 186, ""end"": 198}, {""label"": ""MON"", ""text"": ""4,29 млн грн"", ""start"": 246, ""end"": 258}]"
b7cd35e2374628e04261f809562f2187ade774930b3b41d8185b13f6b91b91c3,"Про це повідомляється у « Віснику державних закупівель ». ТОВ «Данком має провести аварійно-відновлювальні роботи на вулиці Оборони , поклавши 5,00 тис м кв асфальтобетону.","[{""label"": ""ART"", ""text"": ""Віснику державних закупівель""}, {""label"": ""ORG"", ""text"": ""ТОВ «Данком""}, {""label"": ""LOC"", ""text"": ""вулиці Оборони""}, {""label"": ""QUANT"", ""text"": ""5,00 тис м кв""}]","[{""label"": ""ORG"", ""text"": ""ТОВ «Данком"", ""start"": 58, ""end"": 69}, {""label"": ""LOC"", ""text"": ""вулиці Оборони"", ""start"": 117, ""end"": 131}, {""label"": ""QUANT"", ""text"": ""5,00 тис м кв асфальтобетону"", ""start"": 143, ""end"": 171}]"
d5343c9be3f32a9104313108c137e6ba4a5feaf0d3353a9c4ba7fb1f29dca633,"Ще фірма має покласти 8,85 тис км м асфальтобетону на вулиці Шевченка .","[{""label"": ""QUANT"", ""text"": ""8,85 тис км м""}, {""label"": ""LOC"", ""text"": ""вулиці Шевченка""}]","[{""label"": ""ORG"", ""text"": ""фірма"", ""start"": 3, ""end"": 8}, {""label"": ""ART"", ""text"": ""асфальтобетону"", ""start"": 36, ""end"": 50}, {""label"": ""LOC"", ""text"": ""вулиці Шевченка"", ""start"": 54, ""end"": 69}]"
010d11677f8f78a428fa9bb1cd1d490e6cfcc7193e10948a38e54965bb2d991e,"Технічними завданнями тендеру передбачено, що фірма має зняти 5 см існуючого асфальтобетонного покриття і покласти нове.","[{""label"": ""QUANT"", ""text"": ""5 см""}]","[{""label"": ""ORG"", ""text"": ""фірма"", ""start"": 46, ""end"": 51}, {""label"": ""QUANT"", ""text"": ""5 см"", ""start"": 62, ""end"": 66}, {""label"": ""ART"", ""text"": ""існуючого асфальтобетонного покриття"", ""start"": 67, ""end"": 103}]"
7ce9ce105d9676d6587984a0f020ed8e2ac488bfc0237486318e4ba416f755aa,"Розрахунки показують, що середня ціна капітального ремонту вулиці Шевченка складе 305 грн. / кв м , а вулиці Оборони – 316 грн. / кв м . Засновником ТОВ «Данком» є Андрій Довгополов , який раніше був прописаний в Донецьку .","[{""label"": ""LOC"", ""text"": ""вулиці Шевченка""}, {""label"": ""MON"", ""text"": ""305 грн.""}, {""label"": ""QUANT"", ""text"": ""кв м""}, {""label"": ""LOC"", ""text"": ""вулиці Оборони""}, {""label"": ""MON"", ""text"": ""316 грн.""}, {""label"": ""QUANT"", ""text"": ""кв м""}, {""label"": ""JOB"", ""text"": ""Засновником""}, {""label"": ""ORG"", ""text"": ""ТОВ «Данком»""}, {""label"": ""PERS"", ""text"": ""Андрій Довгополов""}, {""label"": ""LOC"", ""text"": ""Донецьку""}]","[{""label"": ""MON"", ""text"": ""305 грн. / кв м"", ""start"": 82, ""end"": 97}, {""label"": ""ORG"", ""text"": ""ТОВ «Данком»"", ""start"": 149, ""end"": 161}, {""label"": ""PERS"", ""text"": ""Андрій Довгополов"", ""start"": 164, ""end"": 181}, {""label"": ""LOC"", ""text"": ""Донецьку"", ""start"": 213, ""end"": 221}]"
1ca0f77a02ad76412dcbbf386958e96afca9a49de019d820f6bba93b51357d5d,"До останнього часу там було зареєстровано і « Данком », яке сьогодні має юридично переїхало до Артемівська .","[{""label"": ""PERIOD"", ""text"": ""останнього часу""}, {""label"": ""ORG"", ""text"": ""Данком""}, {""label"": ""DATE"", ""text"": ""сьогодні""}, {""label"": ""LOC"", ""text"": ""Артемівська""}]","[{""label"": ""PERIOD"", ""text"": ""До останнього часу"", ""start"": 0, ""end"": 18}, {""label"": ""JOB"", ""text"": ""Данком"", ""start"": 46, ""end"": 52}, {""label"": ""LOC"", ""text"": ""Артемівська"", ""start"": 95, ""end"": 106}]"
7ad5418cee50f9c683deb1b6e50e5a77f006e0d9e24d693ce5888c7c79d684c9,"В кінці минулого року фірма приймала участь в тендері на ремонт доріг, де в своїй документації вказала номер телефону, що належав ТОВ «Мегатрейд-Схід» .","[{""label"": ""DATE"", ""text"": ""кінці минулого року""}, {""label"": ""ORG"", ""text"": ""ТОВ «Мегатрейд-Схід»""}]","[{""label"": ""PERIOD"", ""text"": ""кінці минулого року"", ""start"": 2, ""end"": 21}, {""label"": ""DOC"", ""text"": ""документації"", ""start"": 82, ""end"": 94}, {""label"": ""ORG"", ""text"": ""ТОВ «Мегатрейд-Схід»"", ""start"": 130, ""end"": 150}]"
ce09b31fe710e4c5183eaf603c60fadd28af3ebbd6b5ff0e5b6d792fbaf2427e,Це підприємство в кінці 2014 рок у було зареєстровано роване на Сергія Котельнікова і кіпрську компанію « Ейдію Файненшиал Кампані ЛТД ».,"[{""label"": ""DATE"", ""text"": ""кінці 2014 рок у""}, {""label"": ""PERS"", ""text"": ""Сергія Котельнікова""}, {""label"": ""ORG"", ""text"": ""Ейдію Файненшиал Кампані ЛТД""}]","[{""label"": ""PERS"", ""text"": ""Сергія Котельнікова"", ""start"": 64, ""end"": 83}, {""label"": ""ORG"", ""text"": ""Ейдію Файненшиал Кампані ЛТД"", ""start"": 106, ""end"": 134}]"
48b854437c66f77fd79179bba7cc9e4589cd3edb2e5e046747998c369a833fc7,На сьогоднішній день в списку засновників Котельникова замінив Дмитро Лобанов .,"[{""label"": ""DATE"", ""text"": ""сьогоднішній день""}, {""label"": ""JOB"", ""text"": ""засновників""}, {""label"": ""PERS"", ""text"": ""Котельникова""}, {""label"": ""PERS"", ""text"": ""Дмитро Лобанов""}]","[{""label"": ""TIME"", ""text"": ""На сьогоднішній день"", ""start"": 0, ""end"": 20}, {""label"": ""ORG"", ""text"": ""Котельникова"", ""start"": 42, ""end"": 54}, {""label"": ""PERS"", ""text"": ""Дмитро Лобанов"", ""start"": 63, ""end"": 77}]"
a1a1ff46116bd8b8546700f140d2185345454017d01028e4867f9cd8778b4716,« Мегатрейд-Схід » і Довгополов є співзасновниками донецького підприємства « Дорожньо-ремонтно-будівельне об'єднання 1 ».,"[{""label"": ""ORG"", ""text"": ""Мегатрейд-Схід""}, {""label"": ""PERS"", ""text"": ""Довгополов""}, {""label"": ""JOB"", ""text"": ""співзасновниками""}, {""label"": ""ORG"", ""text"": ""Дорожньо-ремонтно-будівельне об'єднання 1""}]","[{""label"": ""ORG"", ""text"": ""« Мегатрейд-Схід »"", ""start"": 0, ""end"": 18}, {""label"": ""PERS"", ""text"": ""Довгополов"", ""start"": 21, ""end"": 31}, {""label"": ""ORG"", ""text"": ""Дорожньо-ремонтно-будівельне об'єднання 1"", ""start"": 77, ""end"": 118}]"
21323307b10de80f4797370403f726188f09e995c4d6ba91d22d3215fc14bb32,"Єдиним конкурентом на торгах було ТОВ «Українсько-польське підприємство з іноземними інвестиціями «УПС» , пропозиції якого виявилися вищими. Засновником і директором ТОВ «Українсько-польське підприємство з іноземними інвестиціями «УПС» є Тарас Палій , син колишнього генерального директора ДП «Дніпропетровський облавтодор» .","[{""label"": ""ORG"", ""text"": ""ТОВ «Українсько-польське підприємство з іноземними інвестиціями «УПС»""}, {""label"": ""JOB"", ""text"": ""Засновником""}, {""label"": ""JOB"", ""text"": ""директором""}, {""label"": ""ORG"", ""text"": ""ТОВ «Українсько-польське підприємство з іноземними інвестиціями «УПС»""}, {""label"": ""PERS"", ""text"": ""Тарас Палій""}, {""label"": ""JOB"", ""text"": ""генерального директора""}, {""label"": ""ORG"", ""text"": ""ДП «Дніпропетровський облавтодор»""}]","[{""label"": ""ORG"", ""text"": ""ТОВ «Українсько-польське підприємство з іноземними інвестиціями «УПС»"", ""start"": 34, ""end"": 103}, {""label"": ""ORG"", ""text"": ""ТОВ «Українсько-польське підприємство з іноземними інвестиціями «УПС»"", ""start"": 166, ""end"": 235}, {""label"": ""PERS"", ""text"": ""Тарас Палій"", ""start"": 238, ""end"": 249}, {""label"": ""JOB"", ""text"": ""генерального директора"", ""start"": 267, ""end"": 289}, {""label"": ""ORG"", ""text"": ""ДП «Дніпропетровський облавтодор»"", ""start"": 290, ""end"": 323}]"
e59559d185e8ac4a6bbccf17ddc2b73c98d7c14243dfe89b4e4b13de437743de,"Нагадаємо, Артемівськ знаходиться під контролем української влади.","[{""label"": ""LOC"", ""text"": ""Артемівськ""}]","[{""label"": ""LOC"", ""text"": ""Артемівськ"", ""start"": 11, ""end"": 21}, {""label"": ""ORG"", ""text"": ""української влади"", ""start"": 48, ""end"": 65}]"
986dd8a8c0f280eba43092339b20fa4494d96fb7d1e0328adabd63dfab925154,"Медіа центр РНБО 30 липня повідомив, що ситуація під Артемівськом погіршується.","[{""label"": ""ORG"", ""text"": ""РНБО""}, {""label"": ""DATE"", ""text"": ""30 липня""}, {""label"": ""LOC"", ""text"": ""Артемівськом""}]","[{""label"": ""ORG"", ""text"": ""Медіа центр РНБО"", ""start"": 0, ""end"": 16}, {""label"": ""DATE"", ""text"": ""30 липня"", ""start"": 17, ""end"": 25}, {""label"": ""LOC"", ""text"": ""Артемівськом"", ""start"": 53, ""end"": 65}]"
fe2d24acea815cf1461e125b5119bc50c412ce25279e331913ce0f4a66bae53a,"Бойовики масштабно обстріляли село Миколаївка , яке знаходиться на півдорозі між Артемівськом і Горлівкою .","[{""label"": ""LOC"", ""text"": ""Миколаївка""}, {""label"": ""LOC"", ""text"": ""Артемівськом""}, {""label"": ""LOC"", ""text"": ""Горлівкою""}]","[{""label"": ""ORG"", ""text"": ""Бойовики"", ""start"": 0, ""end"": 8}, {""label"": ""LOC"", ""text"": ""Миколаївка"", ""start"": 35, ""end"": 45}, {""label"": ""LOC"", ""text"": ""Артемівськом"", ""start"": 81, ""end"": 93}, {""label"": ""LOC"", ""text"": ""Горлівкою"", ""start"": 96, ""end"": 105}]"
62cf4fd90c3dbc3d5b89b342c8e346972a3efbbab2f432a2c756edb36e90222c,"Відстань між цими містами складає 40 км Управління з виконання політики Лисичанської міської ради Луганської області в галузі ЖКГ придбало новий снігоприбиральний автомобіль на базі КрАЗ за 2,27 млн грн. у ТОВ «Автомайстер і К» , який виявився 2007 року випуску вартістю 205 тис грн .","[{""label"": ""QUANT"", ""text"": ""40 км""}, {""label"": ""ORG"", ""text"": ""Лисичанської міської ради Луганської області""}, {""label"": ""ART"", ""text"": ""КрАЗ""}, {""label"": ""MON"", ""text"": ""2,27 млн грн.""}, {""label"": ""ORG"", ""text"": ""ТОВ «Автомайстер і К»""}, {""label"": ""DATE"", ""text"": ""2007 року""}, {""label"": ""MON"", ""text"": ""205 тис грн""}]","[{""label"": ""LOC"", ""text"": ""Луганської області"", ""start"": 98, ""end"": 116}, {""label"": ""ART"", ""text"": ""снігоприбиральний автомобіль"", ""start"": 145, ""end"": 173}, {""label"": ""MON"", ""text"": ""2,27 млн грн."", ""start"": 190, ""end"": 203}, {""label"": ""ORG"", ""text"": ""ТОВ «Автомайстер і К»"", ""start"": 206, ""end"": 227}, {""label"": ""MON"", ""text"": ""205 тис грн"", ""start"": 271, ""end"": 282}]"
5a3e31d93271f320e5d50bbeb152dfdc5bea077edc5500d43c098c712a1d9532,Про це свідчить ухвала Лисичанського міського суду від 24 січня .,"[{""label"": ""DOC"", ""text"": ""ухвала Лисичанського міського суду від 24 січня""}]","[{""label"": ""ORG"", ""text"": ""Лисичанського міського суду"", ""start"": 23, ""end"": 50}, {""label"": ""DATE"", ""text"": ""24 січня"", ""start"": 55, ""end"": 63}]"
4307a3f9afa3fff052ff98b31d8669a11f601970ba28d6c2fa0b2158c6403f0e,"За даними слідства, 22 грудня 2016 року управління міської ради замовило ТОВ «Автомайстер і К» комбінований дорожній автомобіль № 214 на базі КрАЗ 65055 за 2,27 млн грн .","[{""label"": ""DATE"", ""text"": ""22 грудня 2016 року""}, {""label"": ""ORG"", ""text"": ""ТОВ «Автомайстер і К»""}, {""label"": ""ART"", ""text"": ""КрАЗ 65055""}, {""label"": ""MON"", ""text"": ""2,27 млн грн""}]","[{""label"": ""DATE"", ""text"": ""22 грудня 2016"", ""start"": 20, ""end"": 34}, {""label"": ""ORG"", ""text"": ""управління міської ради"", ""start"": 40, ""end"": 63}, {""label"": ""ORG"", ""text"": ""ТОВ «Автомайстер і К»"", ""start"": 73, ""end"": 94}, {""label"": ""ART"", ""text"": ""комбінований дорожній автомобіль № 214"", ""start"": 95, ""end"": 133}, {""label"": ""MON"", ""text"": ""2,27 млн грн"", ""start"": 156, ""end"": 168}]"
8b6f93bdcc85bd17cb72fa51d462c01636751a0e32496f9ac5a8d63f2b2bded4,"Згідно порталу використання публічних коштів « E-data », міськрада заплатила фірмі усю суму в кінці грудня .","[{""label"": ""MISC"", ""text"": ""E-data""}, {""label"": ""DATE"", ""text"": ""кінці грудня""}]","[{""label"": ""ORG"", ""text"": ""E-data"", ""start"": 47, ""end"": 53}, {""label"": ""ORG"", ""text"": ""міськрада"", ""start"": 57, ""end"": 66}, {""label"": ""DATE"", ""text"": ""кінці грудня"", ""start"": 94, ""end"": 106}]"
88058f22eb80ca7f2cadde0e026a40507b9ac830960f1499fabe778fa1dbe87c,"За умовами договору, автомобіль повинен бути новим.",[],"[{""label"": ""ART"", ""text"": ""автомобіль"", ""start"": 21, ""end"": 31}]"
43f0b3863a6cbcd81489db713091dcd58e443d21f2310b5c86ddd88fb6cfd302,"Втім, як з'ясувало слідство, придбаний міськрадою КрАЗ вже експлуатувався і був виготовлений у 2007 році , тобто 10 років тому , а номер на шасі було замінене. Слідчі також встановили, що 28 грудня управління з виконання політики міської ради з ЖКГ уклало договір купівлі-продажу, згідно з яким воно придбало снігоприбиральний КрАЗ за 205 тис грн . Слідчі СВ Лисичанського ВП ГУ Національної полі в Луганській області , які розслідують кримінальне провадження 42017131240000001 від 11.01.2017 , звернулися до суду з клопотанням арештувати снігоприбиральний транспортний засіб.","[{""label"": ""ART"", ""text"": ""КрАЗ""}, {""label"": ""DATE"", ""text"": ""2007 році""}, {""label"": ""DATE"", ""text"": ""10 років тому""}, {""label"": ""JOB"", ""text"": ""Слідчі""}, {""label"": ""DATE"", ""text"": ""28 грудня""}, {""label"": ""ART"", ""text"": ""КрАЗ""}, {""label"": ""MON"", ""text"": ""205 тис грн""}, {""label"": ""JOB"", ""text"": ""Слідчі""}, {""label"": ""ORG"", ""text"": ""СВ Лисичанського ВП ГУ Національної полі в Луганській області""}, {""label"": ""DOC"", ""text"": ""кримінальне провадження 42017131240000001 від 11.01.2017""}]","[{""label"": ""ART"", ""text"": ""КрАЗ"", ""start"": 50, ""end"": 54}, {""label"": ""DATE"", ""text"": ""2007 році"", ""start"": 95, ""end"": 104}, {""label"": ""ORG"", ""text"": ""управління з виконання політики міської ради з ЖКГ"", ""start"": 198, ""end"": 248}, {""label"": ""ART"", ""text"": ""КрАЗ"", ""start"": 327, ""end"": 331}, {""label"": ""MON"", ""text"": ""205 тис грн"", ""start"": 335, ""end"": 346}, {""label"": ""LOC"", ""text"": ""Луганській області"", ""start"": 399, ""end"": 417}, {""label"": ""ART"", ""text"": ""снігоприбиральний транспортний засіб"", ""start"": 539, ""end"": 575}]"
857ff674face8deb4ae1629a0e591e8121813b5dbcd9a5b600b8becd9616d818,Суд наклав арешт на автомобіль.,[],"[{""label"": ""ORG"", ""text"": ""Суд"", ""start"": 0, ""end"": 3}, {""label"": ""ART"", ""text"": ""автомобіль"", ""start"": 20, ""end"": 30}]"
e5855988615e89fb39d26c21a2757548f8013e2ad8b89d0862a566f9601e00d2,"За повідомленням прокуратури Луганської області , в. о. управління з виконання політики Лисичанської міської ради в галузі ЖКГ була арештована. ТОВ «Автомайстер і К» з Кременчука Полтавської області належить Євгену Данилейченку , керівник Валерій Джежела .","[{""label"": ""ORG"", ""text"": ""прокуратури Луганської області""}, {""label"": ""JOB"", ""text"": ""в. о. управління""}, {""label"": ""ORG"", ""text"": ""Лисичанської міської ради""}, {""label"": ""ORG"", ""text"": ""ТОВ «Автомайстер і К»""}, {""label"": ""LOC"", ""text"": ""Кременчука""}, {""label"": ""LOC"", ""text"": ""Полтавської області""}, {""label"": ""PERS"", ""text"": ""Євгену Данилейченку""}, {""label"": ""JOB"", ""text"": ""керівник""}, {""label"": ""PERS"", ""text"": ""Валерій Джежела""}]","[{""label"": ""ORG"", ""text"": ""прокуратури Луганської області"", ""start"": 17, ""end"": 47}, {""label"": ""JOB"", ""text"": ""в. о."", ""start"": 50, ""end"": 55}, {""label"": ""ORG"", ""text"": ""Лисичанської міської ради"", ""start"": 88, ""end"": 113}, {""label"": ""ORG"", ""text"": ""ТОВ «Автомайстер і К»"", ""start"": 144, ""end"": 165}, {""label"": ""LOC"", ""text"": ""Кременчука Полтавської області"", ""start"": 168, ""end"": 198}, {""label"": ""PERS"", ""text"": ""Євгену Данилейченку"", ""start"": 208, ""end"": 227}, {""label"": ""PERS"", ""text"": ""Валерій Джежела"", ""start"": 239, ""end"": 254}]"
054482d39e16ec26c1bfd37e7824c9a3072f6679fc062d28854dd34b44a465ef,"На сайті фірми вказано, що вона виготовляє, встановлює, переобладнує та продає кузови і комплектуючі, а також ремонтує вантажні автомобілі.",[],"[{""label"": ""ORG"", ""text"": ""фірми"", ""start"": 9, ""end"": 14}, {""label"": ""ORG"", ""text"": ""вона"", ""start"": 27, ""end"": 31}, {""label"": ""ART"", ""text"": ""кузови і комплектуючі"", ""start"": 79, ""end"": 100}, {""label"": ""ART"", ""text"": ""вантажні автомобілі"", ""start"": 119, ""end"": 138}]"
430272a3b0c79ff5586f967b2ec911f907ecab7c4b6cddc9b57febea29155079,Мова про продаж нових авто не йде.,[],[]
8f4d8d94ca91255be3d645692fdc28258fca0f8bcd9e497f98e7030fc60bc6cc,"У січні телеканал Лисичанської міськради « Акцент », посилаючись на заступника мера міста Андрія Якимчука , повідомив про придбання снігоприбирального авто як про серйозне досягнення міста.","[{""label"": ""DATE"", ""text"": ""січні""}, {""label"": ""ORG"", ""text"": ""Лисичанської міськради""}, {""label"": ""ORG"", ""text"": ""Акцент""}, {""label"": ""JOB"", ""text"": ""заступника мера""}, {""label"": ""PERS"", ""text"": ""Андрія Якимчука""}]","[{""label"": ""DATE"", ""text"": ""січні"", ""start"": 2, ""end"": 7}, {""label"": ""ORG"", ""text"": ""Лисичанської міськради"", ""start"": 18, ""end"": 40}, {""label"": ""LOC"", ""text"": ""міста"", ""start"": 84, ""end"": 89}, {""label"": ""PERS"", ""text"": ""Андрія Якимчука"", ""start"": 90, ""end"": 105}, {""label"": ""ART"", ""text"": ""снігоприбирального авто"", ""start"": 132, ""end"": 155}, {""label"": ""LOC"", ""text"": ""міста"", ""start"": 183, ""end"": 188}]"
dc1c2cf46bfbf9020d011e380407921fdc46c3385c0b940bcb6c008d5121d057,Місто Лисичанськ знаходиться в зоні АТО Фонд держмайна України обрав ТОВ «Всеукраїнська Енерго Компанія» постачальником сировини Одеському припортовому заводу .,"[{""label"": ""LOC"", ""text"": ""Лисичанськ""}, {""label"": ""ORG"", ""text"": ""АТО""}, {""label"": ""ORG"", ""text"": ""Фонд держмайна України""}, {""label"": ""ORG"", ""text"": ""ТОВ «Всеукраїнська Енерго Компанія»""}, {""label"": ""JOB"", ""text"": ""постачальником""}, {""label"": ""ORG"", ""text"": ""Одеському припортовому заводу""}]","[{""label"": ""LOC"", ""text"": ""Місто Лисичанськ"", ""start"": 0, ""end"": 16}, {""label"": ""ORG"", ""text"": ""Фонд держмайна України"", ""start"": 40, ""end"": 62}, {""label"": ""ORG"", ""text"": ""ТОВ «Всеукраїнська Енерго Компанія»"", ""start"": 69, ""end"": 104}, {""label"": ""ORG"", ""text"": ""Одеському припортовому заводу"", ""start"": 129, ""end"": 158}]"
c4721afcc81fe61ed7d6c321ec532dd93fa67e823135e44bf40e41076a06e44c,Про це повідомив перший заступник директора ПАТ «Одеський припортовий завод» Микола Щуріков . ТОВ «Всеукраїнська Енерго Компанія» зареєстрована у 2011 році в київському бізнес-центрі « Парус » Дмитра Фірташа .,"[{""label"": ""JOB"", ""text"": ""заступник директора""}, {""label"": ""ORG"", ""text"": ""ПАТ «Одеський припортовий завод»""}, {""label"": ""PERS"", ""text"": ""Микола Щуріков""}, {""label"": ""ORG"", ""text"": ""ТОВ «Всеукраїнська Енерго Компанія»""}, {""label"": ""DATE"", ""text"": ""2011 році""}, {""label"": ""ORG"", ""text"": ""Парус""}, {""label"": ""PERS"", ""text"": ""Дмитра Фірташа""}]","[{""label"": ""JOB"", ""text"": ""перший заступник директора"", ""start"": 17, ""end"": 43}, {""label"": ""ORG"", ""text"": ""ПАТ «Одеський припортовий завод»"", ""start"": 44, ""end"": 76}, {""label"": ""PERS"", ""text"": ""Микола Щуріков"", ""start"": 77, ""end"": 91}, {""label"": ""ORG"", ""text"": ""ТОВ «Всеукраїнська Енерго Компанія»"", ""start"": 94, ""end"": 129}, {""label"": ""DATE"", ""text"": ""2011 році"", ""start"": 146, ""end"": 155}, {""label"": ""LOC"", ""text"": ""Парус"", ""start"": 185, ""end"": 190}, {""label"": ""PERS"", ""text"": ""Дмитра Фірташа"", ""start"": 193, ""end"": 207}]"
614c0fd9ab67eac8602050a38470367a3ef941898f7beb2c99841a39275eb841,"За даними « Youcontrol », директором фірми є Сергій Довганюк , який також очолює ТОВ «Променергоресурс Україна» (код 41004567, також прописано в « Парусі ») і ТОВ «Променергоресурс» (30215947).","[{""label"": ""ORG"", ""text"": ""Youcontrol""}, {""label"": ""JOB"", ""text"": ""директором""}, {""label"": ""PERS"", ""text"": ""Сергій Довганюк""}, {""label"": ""ORG"", ""text"": ""ТОВ «Променергоресурс Україна»""}, {""label"": ""ART"", ""text"": ""Парусі""}, {""label"": ""ORG"", ""text"": ""ТОВ «Променергоресурс»""}]","[{""label"": ""PERS"", ""text"": ""Сергій Довганюк"", ""start"": 45, ""end"": 60}, {""label"": ""ORG"", ""text"": ""ТОВ «Променергоресурс Україна"", ""start"": 81, ""end"": 110}, {""label"": ""ORG"", ""text"": ""ТОВ «Променергоресурс"", ""start"": 159, ""end"": 180}, {""label"": ""JOB"", ""text"": ""30215947"", ""start"": 183, ""end"": 191}]"
b90b5314d6e83658145fa5b9fad5c2b26ea7fed3bc77e2c548cc2822f62d040e,"За даними « Бізнес. Цензору », з групою Дмитра Фірташа пов'язана фірма зі схожою назвою – ТОВ «Променерго-Ресурс» (код 38266407).","[{""label"": ""ORG"", ""text"": ""Бізнес. Цензору""}, {""label"": ""PERS"", ""text"": ""Дмитра Фірташа""}, {""label"": ""ORG"", ""text"": ""ТОВ «Променерго-Ресурс»""}]","[{""label"": ""PERS"", ""text"": ""Дмитра Фірташа"", ""start"": 40, ""end"": 54}, {""label"": ""ORG"", ""text"": ""ТОВ «Променерго-Ресурс»"", ""start"": 90, ""end"": 113}]"
bcbe87fb739b6d4e72dc18f17d4a7304914ba374a7ed23d61893fd1ebde3d7f4,Саме з нею та ще однією компанією з групи Фірташа ТОВ «Метіда» « Всеукраїнська Енерго Компанія » фігурувала в одному кримінальному провадженні.,"[{""label"": ""PERS"", ""text"": ""Фірташа""}, {""label"": ""ORG"", ""text"": ""ТОВ «Метіда»""}, {""label"": ""ORG"", ""text"": ""Всеукраїнська Енерго Компанія""}]","[{""label"": ""PERS"", ""text"": ""нею"", ""start"": 7, ""end"": 10}, {""label"": ""ORG"", ""text"": ""ТОВ «Метіда»"", ""start"": 50, ""end"": 62}, {""label"": ""ORG"", ""text"": ""Всеукраїнська Енерго Компанія"", ""start"": 65, ""end"": 94}]"
b79e3f15741c1187d469341c3f26bb857e8149128b31a415f7627af6292574f2,"У листопаді прокуратура Кіровоградської області вилучила документи в офісі « Кіровоградгазу », що стосувались взаємовідносин з цими трьома фірмами. Засновником « Всеукраїнської енерго компанії » є Вадим Колесніков , син бізнесмена з Рубіжного Луганської області Віталія Колеснікова .","[{""label"": ""DATE"", ""text"": ""листопаді""}, {""label"": ""ORG"", ""text"": ""прокуратура Кіровоградської області""}, {""label"": ""ORG"", ""text"": ""Кіровоградгазу""}, {""label"": ""JOB"", ""text"": ""Засновником""}, {""label"": ""ORG"", ""text"": ""Всеукраїнської енерго компанії""}, {""label"": ""PERS"", ""text"": ""Вадим Колесніков""}, {""label"": ""LOC"", ""text"": ""Рубіжного""}, {""label"": ""LOC"", ""text"": ""Луганської області""}, {""label"": ""PERS"", ""text"": ""Віталія Колеснікова""}]","[{""label"": ""ORG"", ""text"": ""прокуратура Кіровоградської області"", ""start"": 12, ""end"": 47}, {""label"": ""ORG"", ""text"": ""Кіровоградгазу"", ""start"": 77, ""end"": 91}, {""label"": ""ORG"", ""text"": ""Всеукраїнської енерго компанії"", ""start"": 162, ""end"": 192}, {""label"": ""PERS"", ""text"": ""Вадим Колесніков"", ""start"": 197, ""end"": 213}, {""label"": ""LOC"", ""text"": ""Рубіжного Луганської області"", ""start"": 233, ""end"": 261}, {""label"": ""PERS"", ""text"": ""Віталія Колеснікова"", ""start"": 262, ""end"": 281}]"
4915cf02974ccacfb6aa4eeb9986b1b87ae4b01f2a5078cb5f28266522578646,"Обидва Колеснікови згадувались як члени наглядової ради ЗАТ «Енергомережа» до того, як фірму очолив Дмитро Крючков , що останні роки представляє інтереси нардепа від БПП Ігоря Кононенка .","[{""label"": ""PERS"", ""text"": ""Колеснікови""}, {""label"": ""JOB"", ""text"": ""члени наглядової ради""}, {""label"": ""ORG"", ""text"": ""ЗАТ «Енергомережа»""}, {""label"": ""PERS"", ""text"": ""Дмитро Крючков""}, {""label"": ""JOB"", ""text"": ""нардепа""}, {""label"": ""ORG"", ""text"": ""БПП""}, {""label"": ""PERS"", ""text"": ""Ігоря Кононенка""}]","[{""label"": ""PERS"", ""text"": ""Обидва Колеснікови"", ""start"": 0, ""end"": 18}, {""label"": ""JOB"", ""text"": ""наглядової ради"", ""start"": 40, ""end"": 55}, {""label"": ""ORG"", ""text"": ""ЗАТ «Енергомережа»"", ""start"": 56, ""end"": 74}, {""label"": ""PERS"", ""text"": ""Дмитро Крючков"", ""start"": 100, ""end"": 114}, {""label"": ""PERIOD"", ""text"": ""останні роки"", ""start"": 120, ""end"": 132}, {""label"": ""PERS"", ""text"": ""Ігоря Кононенка"", ""start"": 170, ""end"": 185}]"
dc70d10e8ae75e0c4e957b9b14e6291c2713d024633e9f8b7b1c26a5698fca81,У 2016 році «Всеукраїнська Енерго Компанія» підписувала з Одеською міськрадою меморандум про будівництво сміттєспалювального заводу.,"[{""label"": ""DATE"", ""text"": ""2016 році""}, {""label"": ""ORG"", ""text"": ""«Всеукраїнська Енерго Компанія»""}, {""label"": ""ORG"", ""text"": ""Одеською міськрадою""}]","[{""label"": ""DATE"", ""text"": ""2016 році"", ""start"": 2, ""end"": 11}, {""label"": ""ORG"", ""text"": ""Всеукраїнська Енерго Компанія"", ""start"": 13, ""end"": 42}, {""label"": ""ORG"", ""text"": ""Одеською міськрадою"", ""start"": 58, ""end"": 77}, {""label"": ""DOC"", ""text"": ""меморандум про будівництво сміттєспалювального заводу"", ""start"": 78, ""end"": 131}]"
09f6d0b4745900a6a7e6d9630dbd54be91aceb9509c7f630408d04bee347ee6d,"Нагадаємо, до Майдану монопольним постачальником газу на Одеський припортовий завод була група Фірташа .","[{""label"": ""LOC"", ""text"": ""Майдану""}, {""label"": ""JOB"", ""text"": ""постачальником""}, {""label"": ""ORG"", ""text"": ""Одеський припортовий завод""}, {""label"": ""PERS"", ""text"": ""Фірташа""}]","[{""label"": ""ORG"", ""text"": ""Одеський припортовий завод"", ""start"": 57, ""end"": 83}, {""label"": ""PERS"", ""text"": ""група Фірташа"", ""start"": 89, ""end"": 102}]"
640383945377f3ab9c22de2d59452ae4d7f4ad2109ea33fac472894506c66268,"З того часу залишились борги за паливо у розмірі $250 млн , через які не відбулась остання спроба приватизації ОПЗ .","[{""label"": ""MON"", ""text"": ""$250 млн""}, {""label"": ""ORG"", ""text"": ""ОПЗ""}]","[{""label"": ""PERIOD"", ""text"": ""З того часу"", ""start"": 0, ""end"": 11}, {""label"": ""MON"", ""text"": ""$250 млн"", ""start"": 49, ""end"": 57}, {""label"": ""ORG"", ""text"": ""ОПЗ"", ""start"": 111, ""end"": 114}]"
701344184be702c8e801ab8ddafca0c17bf9731de44ea8555456775bfecfae13,"Після відлучення групи Фірташа від ОПЗ постачальниками заводу стали фірми, які були пов'язані з різними групами – оточенням Ігоря Кононенка , Арсенія Яценюка та Ігоря Коломойського .","[{""label"": ""PERS"", ""text"": ""Фірташа""}, {""label"": ""ORG"", ""text"": ""ОПЗ""}, {""label"": ""JOB"", ""text"": ""постачальниками""}, {""label"": ""PERS"", ""text"": ""Ігоря Кононенка""}, {""label"": ""PERS"", ""text"": ""Арсенія Яценюка""}, {""label"": ""PERS"", ""text"": ""Ігоря Коломойського""}]","[{""label"": ""ORG"", ""text"": ""ОПЗ"", ""start"": 35, ""end"": 38}, {""label"": ""ORG"", ""text"": ""фірми"", ""start"": 68, ""end"": 73}, {""label"": ""MISC"", ""text"": ""різними групами"", ""start"": 96, ""end"": 111}, {""label"": ""PERS"", ""text"": ""Ігоря Кононенка"", ""start"": 124, ""end"": 139}, {""label"": ""PERS"", ""text"": ""Арсенія Яценюка"", ""start"": 142, ""end"": 157}, {""label"": ""PERS"", ""text"": ""Ігоря Коломойського"", ""start"": 161, ""end"": 180}]"
69857671cc1ac632225d5624f0a89caece19cea6431b71f1d1982a63ab167752,"По одній з кримінальних справ НАБУ затримувало керівників ОПЗ , у тому числі і Миколу Щурікова .","[{""label"": ""ORG"", ""text"": ""НАБУ""}, {""label"": ""JOB"", ""text"": ""керівників""}, {""label"": ""ORG"", ""text"": ""ОПЗ""}, {""label"": ""PERS"", ""text"": ""Миколу Щурікова""}]","[{""label"": ""ORG"", ""text"": ""НАБУ"", ""start"": 30, ""end"": 34}, {""label"": ""ORG"", ""text"": ""ОПЗ"", ""start"": 58, ""end"": 61}, {""label"": ""PERS"", ""text"": ""Миколу Щурікова"", ""start"": 79, ""end"": 94}]"
bfde9e04a0fb873e5cc3f13763682130e3f18779145079398cdf2a73edc936a3,Однак зараз він працює на заводі.,[],"[{""label"": ""PERS"", ""text"": ""він"", ""start"": 12, ""end"": 15}, {""label"": ""ORG"", ""text"": ""заводі"", ""start"": 26, ""end"": 32}]"
d8c3a7114d9083dc8a16b96d68d437b89e33fb45d007b6c151a0c85e54208130,В 2017 році постачальником газу на ОПЗ була група « Енергетичні ресурси України » Андрія Фаворова Суд розрівав договір купівлі-продажу між Регіональним відділенням Фонду державмайна по Тернопільській області та ПП «Тернопіль-Західінвест» щодо незавершеного 40-квартирного будинку у м. Теребовля .,"[{""label"": ""DATE"", ""text"": ""2017 році""}, {""label"": ""JOB"", ""text"": ""постачальником""}, {""label"": ""ORG"", ""text"": ""ОПЗ""}, {""label"": ""ORG"", ""text"": ""Енергетичні ресурси України""}, {""label"": ""PERS"", ""text"": ""Андрія Фаворова""}, {""label"": ""ORG"", ""text"": ""Регіональним відділенням Фонду державмайна по Тернопільській області""}, {""label"": ""ORG"", ""text"": ""ПП «Тернопіль-Західінвест»""}, {""label"": ""LOC"", ""text"": ""Теребовля""}]","[{""label"": ""DATE"", ""text"": ""2017 році"", ""start"": 2, ""end"": 11}, {""label"": ""ORG"", ""text"": ""Енергетичні ресурси України"", ""start"": 52, ""end"": 79}, {""label"": ""PERS"", ""text"": ""Андрія Фаворова"", ""start"": 82, ""end"": 97}, {""label"": ""ORG"", ""text"": ""ПП «Тернопіль-Західінвест»"", ""start"": 211, ""end"": 237}, {""label"": ""ART"", ""text"": ""40-квартирного будинку"", ""start"": 257, ""end"": 279}, {""label"": ""LOC"", ""text"": ""м. Теребовля"", ""start"": 282, ""end"": 294}]"
e155a399459a1167dcc10d6cbc77dd180a25f08a31c810f1b2259fb17897e307,Про це свідчить постанова Львівського апеляційного госпсуду від 10 жовтня .,"[{""label"": ""DOC"", ""text"": ""постанова Львівського апеляційного госпсуду від 10 жовтня""}]","[{""label"": ""ORG"", ""text"": ""Львівського апеляційного госпсуду"", ""start"": 26, ""end"": 59}, {""label"": ""DATE"", ""text"": ""10 жовтня"", ""start"": 64, ""end"": 73}]"
ed804213b9e110028c23575f5e9ed72c246ea3b99f237296755fd3da225337c6,"Цей незавершений будинок в м. Теребовля по вул.. Паращука, 5 на ділянці 0,7 га « Тернопіль-Західінвест » купив на аукціоні у 2005 році .","[{""label"": ""LOC"", ""text"": ""Теребовля""}, {""label"": ""LOC"", ""text"": ""вул.. Паращука, 5""}, {""label"": ""QUANT"", ""text"": ""0,7 га""}, {""label"": ""ORG"", ""text"": ""Тернопіль-Західінвест""}, {""label"": ""DATE"", ""text"": ""2005 році""}]","[{""label"": ""ART"", ""text"": ""незавершений будинок"", ""start"": 4, ""end"": 24}, {""label"": ""LOC"", ""text"": ""м. Теребовля"", ""start"": 27, ""end"": 39}, {""label"": ""ORG"", ""text"": ""Тернопіль-Західінвест"", ""start"": 81, ""end"": 102}, {""label"": ""DATE"", ""text"": ""2005 році"", ""start"": 125, ""end"": 134}]"
87110ee99130bf28f69d4dbc9846bb1a873b014b424c513facfce0ef8c0f400b,Вартість об'єкта склала 441 тис грн .,"[{""label"": ""MON"", ""text"": ""441 тис грн""}]","[{""label"": ""ART"", ""text"": ""об'єкта"", ""start"": 9, ""end"": 16}, {""label"": ""MON"", ""text"": ""441 тис грн"", ""start"": 24, ""end"": 35}]"
bcd5f3db3b963b56dd428bbb1888f42a484b4243b3590f93e9b36f99cd79b8a3,"Покупець зобов'язався його добудувати і здати в експлуатацію протягом 5 років , але потім термін продовжили.","[{""label"": ""PERIOD"", ""text"": ""5 років""}]","[{""label"": ""PERS"", ""text"": ""Покупець"", ""start"": 0, ""end"": 8}, {""label"": ""PERIOD"", ""text"": ""5 років"", ""start"": 70, ""end"": 77}]"
6cc810b28bac9c2ae7478bcbd0f2d9a0d259ae0417766031867431805171d633,Востаннє у 2011 році термін визначили до 7 вересня 2015 р .,"[{""label"": ""DATE"", ""text"": ""2011 році""}, {""label"": ""DATE"", ""text"": ""7 вересня 2015 р""}]","[{""label"": ""DATE"", ""text"": ""2011 році"", ""start"": 11, ""end"": 20}, {""label"": ""TIME"", ""text"": ""7 вересня 2015 р ."", ""start"": 41, ""end"": 59}]"
df5fef2402dbc3ade62497ab3cfd3006fff4e033f45abcd9c3334b4c96fd8e29,"Однак у серпні 2015 року обстеження показало, що ділянка перебуває в занедбаному стані, будівництво не розпочато, фундаментні блоки будівництва в аварійному стані.","[{""label"": ""DATE"", ""text"": ""серпні 2015 року""}]","[{""label"": ""DATE"", ""text"": ""серпні 2015 року"", ""start"": 8, ""end"": 24}, {""label"": ""LOC"", ""text"": ""ділянка"", ""start"": 49, ""end"": 56}, {""label"": ""MISC"", ""text"": ""будівництво"", ""start"": 88, ""end"": 99}, {""label"": ""ART"", ""text"": ""фундаментні блоки будівництва"", ""start"": 114, ""end"": 143}]"
230f680363f7711c5f43b356498d18c8d011867b7bbd1a204a3d8df4712a3f84,"У червні цього року Госпсуд Тернопільської області встановив, що фірма « Тернопіль-Західінвест » не виконала зобов'язань по договору купівлі будинку.","[{""label"": ""DATE"", ""text"": ""червні цього року""}, {""label"": ""ORG"", ""text"": ""Госпсуд Тернопільської області""}, {""label"": ""ORG"", ""text"": ""Тернопіль-Західінвест""}]","[{""label"": ""DATE"", ""text"": ""червні цього року"", ""start"": 2, ""end"": 19}, {""label"": ""ORG"", ""text"": ""Госпсуд Тернопільської області"", ""start"": 20, ""end"": 50}, {""label"": ""ORG"", ""text"": ""Тернопіль-Західінвест"", ""start"": 73, ""end"": 94}, {""label"": ""ART"", ""text"": ""договору купівлі будинку"", ""start"": 124, ""end"": 148}]"
b6b956a2921cb5ba768df0f91f6c5639b0209aa66c3bc194175dda7b04f5fc59,"Так, « Тернопіль-Західінвест » не отримав дозволу на будівельні роботи у Держархбудінспекції , не завершив будівництво і не ввів об'єкт в експлуатацію до 7 вересня 2015 р .","[{""label"": ""ORG"", ""text"": ""Тернопіль-Західінвест""}, {""label"": ""ORG"", ""text"": ""Держархбудінспекції""}, {""label"": ""DATE"", ""text"": ""7 вересня 2015 р""}]","[{""label"": ""ORG"", ""text"": ""Тернопіль-Західінвест"", ""start"": 7, ""end"": 28}, {""label"": ""ORG"", ""text"": ""Держархбудінспекції"", ""start"": 73, ""end"": 92}, {""label"": ""DATE"", ""text"": ""7 вересня 2015 р ."", ""start"": 154, ""end"": 172}]"
c4d7589ccbf7ade738126f175a76c2cac86a482df320867f6adc080ba2208eb0,"« Тернопіль-Західінвест » позов заперечував і стверджував, що вже згадані умови договору суперечать закону про регулювання містобудівної діяльності та земельному кодексу, бо встановлюють обов'язок покупця добудувати об'єкт і оформити право власності або користування земельною ділянкою.","[{""label"": ""ORG"", ""text"": ""Тернопіль-Західінвест""}]","[{""label"": ""ORG"", ""text"": ""Тернопіль-Західінвест"", ""start"": 2, ""end"": 23}, {""label"": ""PERS"", ""text"": ""покупця"", ""start"": 197, ""end"": 204}, {""label"": ""ART"", ""text"": ""об'єкт"", ""start"": 216, ""end"": 222}]"
f28a1244a525ffa9a107b07d87aa8e02730083634c5887b9d610967a97dcc958,« Тернопіль-Західінвест » просив продовжити строк здачі об'єкта в експлуатацію до 2020 року .,"[{""label"": ""ORG"", ""text"": ""Тернопіль-Західінвест""}, {""label"": ""DATE"", ""text"": ""2020 року""}]","[{""label"": ""ORG"", ""text"": ""Тернопіль-Західінвест"", ""start"": 2, ""end"": 23}, {""label"": ""ART"", ""text"": ""об'єкта в експлуатацію"", ""start"": 56, ""end"": 78}, {""label"": ""DATE"", ""text"": ""2020 року"", ""start"": 82, ""end"": 91}]"
38791e0dcf0aaa1e87a4fe67a3621e78b28c824b6dc89c2a020cbc7185fc7863,"Однак Теребовлянська міська рада розглянула це питання, але жодного рішення прийняти не змогла.","[{""label"": ""ORG"", ""text"": ""Теребовлянська міська рада""}]","[{""label"": ""ORG"", ""text"": ""Теребовлянська міська рада"", ""start"": 6, ""end"": 32}]"
f898942009aff69aa5363815b7124e767265602555c9175d4958224b195a8fad,У червні 2016 суд вирішив договір купівлі-продажу розірвати.,"[{""label"": ""DATE"", ""text"": ""червні 2016""}]","[{""label"": ""DATE"", ""text"": ""червні 2016"", ""start"": 2, ""end"": 13}, {""label"": ""ORG"", ""text"": ""суд"", ""start"": 14, ""end"": 17}, {""label"": ""ART"", ""text"": ""договір купівлі-продажу"", ""start"": 26, ""end"": 49}]"
98d555828634c6fba6f9aa6cf2bee1d573a37cf6c99a681f9d90d5b78ca88335,"« Тернопіль- Західінвест » подав апеляційну скаргу, але програв.","[{""label"": ""ORG"", ""text"": ""Тернопіль- Західінвест""}]","[{""label"": ""ORG"", ""text"": ""Тернопіль- Західінвест"", ""start"": 2, ""end"": 24}]"
27ccbf3c8aff024a6485350540d1f25178d376f8bec326f8a839f6718012c666,Тепер компанія має повернути незавершений будинок у державну власність.,[],"[{""label"": ""ORG"", ""text"": ""компанія"", ""start"": 6, ""end"": 14}, {""label"": ""ART"", ""text"": ""незавершений будинок"", ""start"": 29, ""end"": 49}]"
afb7f3ca4fbfdba95f6832c92dbb393341b26c1cafb060923d42a22f64847a7b,"Власником « Тернопіль-Західінвесту » є Роман Гнідий Служба автодоріг у Вінницькій області повідомила про намір укласти угоду з « Мостобудівельний загін №112 » на капітальний ремонт шляхопроводу через залізницю на ділянці автомобільної дороги Н-02 Кременець – Софіївка на суму 113,70 мільйони гривень .","[{""label"": ""ORG"", ""text"": ""Тернопіль-Західінвесту""}, {""label"": ""PERS"", ""text"": ""Роман Гнідий""}, {""label"": ""ORG"", ""text"": ""Служба автодоріг у Вінницькій області""}, {""label"": ""ORG"", ""text"": ""Мостобудівельний загін №112""}, {""label"": ""LOC"", ""text"": ""Н-02""}, {""label"": ""LOC"", ""text"": ""Кременець""}, {""label"": ""LOC"", ""text"": ""Софіївка""}, {""label"": ""MON"", ""text"": ""113,70 мільйони гривень""}]","[{""label"": ""ORG"", ""text"": ""Тернопіль-Західінвесту"", ""start"": 12, ""end"": 34}, {""label"": ""PERS"", ""text"": ""Роман Гнідий"", ""start"": 39, ""end"": 51}, {""label"": ""LOC"", ""text"": ""Вінницькій області"", ""start"": 71, ""end"": 89}, {""label"": ""ORG"", ""text"": ""Мостобудівельний загін №112"", ""start"": 129, ""end"": 156}, {""label"": ""MON"", ""text"": ""113,70 мільйони гривень"", ""start"": 276, ""end"": 299}]"
ece811feb75038ce03a88e64f80e7dde29b1fcbce34d8466c9e64556581fb54a,Про це повідомляється у системі _ « Прозоро » _.,"[{""label"": ""ART"", ""text"": ""Прозоро""}]","[{""label"": ""ORG"", ""text"": ""Прозоро"", ""start"": 36, ""end"": 43}]"
933bcfefbef4c8f73af139413792e249bb847c1bb2ec32a4e87ff2aaa4685cf8,На торги прийшли усього дві компанії – « Будівельне управління механізації » та « Мостобудівельний загін №112 ».,"[{""label"": ""ORG"", ""text"": ""Будівельне управління механізації""}, {""label"": ""ORG"", ""text"": ""Мостобудівельний загін №112""}]","[{""label"": ""ORG"", ""text"": ""Будівельне управління механізації"", ""start"": 41, ""end"": 74}, {""label"": ""ORG"", ""text"": ""Мостобудівельний загін №112"", ""start"": 82, ""end"": 109}]"
3ce5bbe678986bf050d38478b24e96b4cacbcf995e444c5fa5d9bd1cda2e7a39,В ході аукціону компанії не впали в ціні на жодну копійку від своєї первинної пропозиції.,[],"[{""label"": ""ORG"", ""text"": ""компанії"", ""start"": 16, ""end"": 24}]"
75485eb9fafd2388abb3de32b93e1a8f7eff2056c03a7de4e5519831d4c6c8fe,В результаті економія держави від очікуваної вартості склала усього лише один відсоток .,"[{""label"": ""PCT"", ""text"": ""один відсоток""}]","[{""label"": ""ORG"", ""text"": ""держави"", ""start"": 22, ""end"": 29}, {""label"": ""PCT"", ""text"": ""один відсоток"", ""start"": 73, ""end"": 86}]"
a2487c54045a15677aa6429388c1cb3f19fe8a33344ba366ad0b670b5d3bcac3,"Обидві компанії пов'язані між собою, повідомляє « Олігарх ».","[{""label"": ""ART"", ""text"": ""Олігарх""}]","[{""label"": ""ORG"", ""text"": ""Обидві компанії"", ""start"": 0, ""end"": 15}, {""label"": ""JOB"", ""text"": ""Олігарх"", ""start"": 50, ""end"": 57}]"
392e3bafcad92037f3ed06edaab3c3f6871333108a6b479978986bcb5f9d2c82,Компанією « Мостобудівельний загін №112 » володіє Вячеслав Бабіцький .,"[{""label"": ""ORG"", ""text"": ""Мостобудівельний загін №112""}, {""label"": ""PERS"", ""text"": ""Вячеслав Бабіцький""}]","[{""label"": ""ORG"", ""text"": ""Мостобудівельний загін №112"", ""start"": 12, ""end"": 39}, {""label"": ""PERS"", ""text"": ""Вячеслав Бабіцький"", ""start"": 50, ""end"": 68}]"
c08e2c9c16dcd4ba5b14877a1263ffe4dfc9251d46b06d67caba9ea89ecec1dc,"Ця фірма є філіалом ПАТ «Мостобуд» , яка нині оголосила про банкрутство, але до того входила у корпорацію « Укрмостобуд », яка належить Володимиру Продівусу – екснардепу від Партії Регіонів .","[{""label"": ""ORG"", ""text"": ""ПАТ «Мостобуд»""}, {""label"": ""ORG"", ""text"": ""Укрмостобуд""}, {""label"": ""PERS"", ""text"": ""Володимиру Продівусу""}, {""label"": ""JOB"", ""text"": ""екснардепу""}, {""label"": ""ORG"", ""text"": ""Партії Регіонів""}]","[{""label"": ""ORG"", ""text"": ""ПАТ «Мостобуд»"", ""start"": 20, ""end"": 34}, {""label"": ""ORG"", ""text"": ""Укрмостобуд"", ""start"": 108, ""end"": 119}, {""label"": ""PERS"", ""text"": ""Володимиру Продівусу"", ""start"": 136, ""end"": 156}]"
2ca0793f5f23ed465edcf5be2781daa1bba65035db3fdbfc874f4c6afe06bb39,Друга фірма на цих торгах – « Будівельне управління механізації » належить Сергію Воловику та Дмитру Годованюку .,"[{""label"": ""ORG"", ""text"": ""Будівельне управління механізації""}, {""label"": ""PERS"", ""text"": ""Сергію Воловику""}, {""label"": ""PERS"", ""text"": ""Дмитру Годованюку""}]","[{""label"": ""ORG"", ""text"": ""Будівельне управління механізації"", ""start"": 30, ""end"": 63}, {""label"": ""PERS"", ""text"": ""Сергію Воловику"", ""start"": 75, ""end"": 90}, {""label"": ""PERS"", ""text"": ""Дмитру Годованюку"", ""start"": 94, ""end"": 111}]"
a673a89cda0521f5ed78c39e5c1cad4e34e7da3efbb1709c4142902cbaf4d1a9,"Останній був керівником фірми ТОВ «Мостобуд» , яка також належить Володимиру Продівусу .","[{""label"": ""JOB"", ""text"": ""керівником""}, {""label"": ""ORG"", ""text"": ""ТОВ «Мостобуд»""}, {""label"": ""PERS"", ""text"": ""Володимиру Продівусу""}]","[{""label"": ""JOB"", ""text"": ""керівником"", ""start"": 13, ""end"": 23}, {""label"": ""ORG"", ""text"": ""ТОВ «Мостобуд»"", ""start"": 30, ""end"": 44}, {""label"": ""PERS"", ""text"": ""Володимиру Продівусу"", ""start"": 66, ""end"": 86}]"
5dbe8ff947184dd65f413d6968f95602153a456a91619616c93638dceb9ab5d6,А перший у минулому значився керівником ТОВ «Київмостобуд» у засновниках якої була та ж збанкрутіла ПАТ «Мостобуд» .,"[{""label"": ""JOB"", ""text"": ""керівником""}, {""label"": ""ORG"", ""text"": ""ТОВ «Київмостобуд»""}, {""label"": ""JOB"", ""text"": ""засновниках""}, {""label"": ""ORG"", ""text"": ""ПАТ «Мостобуд»""}]","[{""label"": ""JOB"", ""text"": ""керівником"", ""start"": 29, ""end"": 39}, {""label"": ""ORG"", ""text"": ""ТОВ «Київмостобуд»"", ""start"": 40, ""end"": 58}, {""label"": ""ORG"", ""text"": ""ПАТ «Мостобуд»"", ""start"": 100, ""end"": 114}]"
80907a52a6e2ddbf687cd22023adb85d9ddc795c5105dde5c3ab3636cc84b6d0,"За даними тендерної пропозиції, яку фірма « Мостобудівельний загін №112 » завантажила у систему « Прозоро » відомо, що компанія бере в оренду техніку та дорожню лабораторію у ТОВ «Спільне українсько-німецьке підприємство «Автострада» , а також залучає компанію в якості субпідрядника.","[{""label"": ""ORG"", ""text"": ""Мостобудівельний загін №112""}, {""label"": ""ART"", ""text"": ""Прозоро""}, {""label"": ""ORG"", ""text"": ""ТОВ «Спільне українсько-німецьке підприємство «Автострада»""}]","[{""label"": ""ORG"", ""text"": ""Мостобудівельний загін №112"", ""start"": 44, ""end"": 71}, {""label"": ""ART"", ""text"": ""техніку"", ""start"": 142, ""end"": 149}, {""label"": ""ART"", ""text"": ""дорожню лабораторію"", ""start"": 153, ""end"": 172}, {""label"": ""ORG"", ""text"": ""ТОВ «Спільне українсько-німецьке підприємство «Автострада»"", ""start"": 175, ""end"": 233}]"
4500187d8ddacba06878272728b6f08d74fb51a4f2118c564a567f52f0b225ef,Фірма « Автострада » належить Максиму Шкілю – екс-помічнику екснардепа від « Партії регіонів » Миколи Дем'янка .,"[{""label"": ""ORG"", ""text"": ""Автострада""}, {""label"": ""PERS"", ""text"": ""Максиму Шкілю""}, {""label"": ""JOB"", ""text"": ""екс-помічнику екснардепа""}, {""label"": ""ORG"", ""text"": ""Партії регіонів""}, {""label"": ""PERS"", ""text"": ""Миколи Дем'янка""}]","[{""label"": ""ORG"", ""text"": ""Фірма « Автострада »"", ""start"": 0, ""end"": 20}, {""label"": ""PERS"", ""text"": ""Максиму Шкілю"", ""start"": 30, ""end"": 43}, {""label"": ""PERS"", ""text"": ""Миколи Дем'янка"", ""start"": 95, ""end"": 110}]"
0ea4a21c11db8695adb2772af4f00f57bf5794ce617a5b73e849415ff0a81b2e,Компанія є абсолютним фаворитом саме серед підрядників Служби автодоріг у Вінницькій області .,"[{""label"": ""ORG"", ""text"": ""Служби автодоріг""}, {""label"": ""LOC"", ""text"": ""Вінницькій області""}]","[{""label"": ""ORG"", ""text"": ""Компанія"", ""start"": 0, ""end"": 8}, {""label"": ""ORG"", ""text"": ""Служби автодоріг"", ""start"": 55, ""end"": 71}, {""label"": ""LOC"", ""text"": ""Вінницькій області"", ""start"": 74, ""end"": 92}]"
7585fb543b9408b5ab2fc8fe4241206fdf8cb6129d50644d27e10ef19c7660a9,"Фірма виграла у вінницького САДу 32 тендери на загальну суму 3,03 мільярди гривень . Максим Шкіль нині є віце-президентом « Національної асоціації дорожників України », в яку входять найбільші підрядники Укравтодору Київрада відмовила ТОВ «Інвестиційно-будівельна група» у поновленні договору оренди ділянки площею 0,25 га по вул. Олеся Гончара, 17-23 у Києві .","[{""label"": ""ORG"", ""text"": ""САДу""}, {""label"": ""MON"", ""text"": ""3,03 мільярди гривень""}, {""label"": ""PERS"", ""text"": ""Максим Шкіль""}, {""label"": ""JOB"", ""text"": ""віце-президентом""}, {""label"": ""ORG"", ""text"": ""Національної асоціації дорожників України""}, {""label"": ""ORG"", ""text"": ""Укравтодору""}, {""label"": ""ORG"", ""text"": ""Київрада""}, {""label"": ""ORG"", ""text"": ""ТОВ «Інвестиційно-будівельна група»""}, {""label"": ""QUANT"", ""text"": ""0,25 га""}, {""label"": ""LOC"", ""text"": ""вул. Олеся Гончара, 17-23""}, {""label"": ""LOC"", ""text"": ""Києві""}]","[{""label"": ""ORG"", ""text"": ""Фірма"", ""start"": 0, ""end"": 5}, {""label"": ""QUANT"", ""text"": ""32"", ""start"": 33, ""end"": 35}, {""label"": ""MON"", ""text"": ""3,03 мільярди гривень"", ""start"": 61, ""end"": 82}, {""label"": ""PERS"", ""text"": ""Максим Шкіль"", ""start"": 85, ""end"": 97}, {""label"": ""JOB"", ""text"": ""віце-президентом"", ""start"": 105, ""end"": 121}, {""label"": ""ORG"", ""text"": ""Національної асоціації дорожників України"", ""start"": 124, ""end"": 165}, {""label"": ""ORG"", ""text"": ""Укравтодору Київрада"", ""start"": 204, ""end"": 224}, {""label"": ""ORG"", ""text"": ""ТОВ «Інвестиційно-будівельна група»"", ""start"": 235, ""end"": 270}]"
63d0c3d5a1c20cee5ebe409f8539de7ca16f219a2969a017db22e88dcee15929,За відповідне рішення 24 жовтня проголосувало 68 депутатів .,"[{""label"": ""DATE"", ""text"": ""24 жовтня""}, {""label"": ""JOB"", ""text"": ""депутатів""}]","[{""label"": ""DATE"", ""text"": ""24 жовтня"", ""start"": 22, ""end"": 31}, {""label"": ""QUANT"", ""text"": ""68 депутатів"", ""start"": 46, ""end"": 58}]"
4c52de347c5959b632d27c75c47928e2a60504621e379c7e8b8a9295737c7f3b,"Після прийнятого рішення Київради Департамент земельних ресурсів обов'язково має до 20 листопада надіслати компанії-забудовнику лист з інформацією про те, що договір оренди поновленим не буде.","[{""label"": ""ORG"", ""text"": ""Київради""}, {""label"": ""ORG"", ""text"": ""Департамент земельних ресурсів""}, {""label"": ""DATE"", ""text"": ""20 листопада""}]","[{""label"": ""ORG"", ""text"": ""Київради"", ""start"": 25, ""end"": 33}, {""label"": ""ORG"", ""text"": ""Департамент земельних ресурсів"", ""start"": 34, ""end"": 64}, {""label"": ""DATE"", ""text"": ""20 листопада"", ""start"": 84, ""end"": 96}, {""label"": ""MISC"", ""text"": ""договір оренди"", ""start"": 158, ""end"": 172}]"
8c5099248e6136aa5ae5d84827ecc3e5cb2fcfa9741603f711e17625eb024073,Вказану ділянку « Інвестиційно-будівельна група » отримала в оренду у 2004 році .,"[{""label"": ""ORG"", ""text"": ""Інвестиційно-будівельна група""}, {""label"": ""DATE"", ""text"": ""2004 році""}]","[{""label"": ""ORG"", ""text"": ""Інвестиційно-будівельна група"", ""start"": 18, ""end"": 47}, {""label"": ""DATE"", ""text"": ""2004 році"", ""start"": 70, ""end"": 79}]"
ed674a983e23ef4fd98156136bf4250b4013f05125bf4637cb2e81eb51a08701,"Фірма почала будівництво житлового комплексу Fresco Sofia , який по своїх параметрах, зокрема, висоті, суперечить законодавству України у сфері містобудівної діяльності та охорони культурної спадщини, а також Генплану .","[{""label"": ""ART"", ""text"": ""Fresco Sofia""}, {""label"": ""LOC"", ""text"": ""України""}, {""label"": ""DOC"", ""text"": ""Генплану""}]","[{""label"": ""ORG"", ""text"": ""Фірма"", ""start"": 0, ""end"": 5}, {""label"": ""ORG"", ""text"": ""Fresco Sofia"", ""start"": 45, ""end"": 57}, {""label"": ""MISC"", ""text"": ""містобудівної діяльності та охорони культурної спадщини"", ""start"": 144, ""end"": 199}, {""label"": ""DOC"", ""text"": ""Генплану"", ""start"": 209, ""end"": 217}]"
6bbed16ae7e84206783d23ce78875af3518715598e2cd14239dcf98c64d01088,"Більше того, у зв'язку із цією забудовою міжнародні інституції поставили питання про виключення « Софії Київської » з переліку об'єктів Всесвітньої спадщини ЮНЕСКО .","[{""label"": ""ART"", ""text"": ""Софії Київської""}, {""label"": ""ORG"", ""text"": ""Всесвітньої спадщини ЮНЕСКО""}]","[{""label"": ""ORG"", ""text"": ""міжнародні інституції"", ""start"": 41, ""end"": 62}, {""label"": ""ART"", ""text"": ""Софії Київської"", ""start"": 98, ""end"": 113}, {""label"": ""ORG"", ""text"": ""ЮНЕСКО"", ""start"": 157, ""end"": 163}]"
bf5339c7bb0c8dd0d36e259c4da96803fe387f60c05a0aa8848dc42316d9330d,"У 2016 році Київрада створила тимчасову контрольну комісію, яка повинна була перевірити режим використання ділянки, дотримання законодавства при будівництві, а також дослідити шляхи врегулювання ситуації.","[{""label"": ""DATE"", ""text"": ""2016 році""}, {""label"": ""ORG"", ""text"": ""Київрада""}]","[{""label"": ""DATE"", ""text"": ""2016 році"", ""start"": 2, ""end"": 11}, {""label"": ""ORG"", ""text"": ""Київрада"", ""start"": 12, ""end"": 20}]"
c9c6d196d1577ced2d1d278e344584953c1451231fb846dce75260f9107b419f,"У результаті Київрада звернулася до забудовника з вимогою демонтувати незаконні поверхи, щоб висота будівлі була не вище 25 м .","[{""label"": ""ORG"", ""text"": ""Київрада""}, {""label"": ""QUANT"", ""text"": ""25 м""}]","[{""label"": ""ORG"", ""text"": ""Київрада"", ""start"": 13, ""end"": 21}, {""label"": ""ART"", ""text"": ""незаконні поверхи"", ""start"": 70, ""end"": 87}]"
e662b02edf0d8d63bef0c272dc34ec16b229d70242912adfdc5f6b761e41bbc7,"Однак фірма цього так і не зробила. Засновниками ТОВ «Інвестиційно-будівельна група» є Олена Коноваленко ( 7,5% ), Олена Пасивенко ( 17,5% ), Олексій Долінко ( 20% ), Костянтин Дубров ( 14% ), ТОВ «КУА «Сіті Кепітал» ( 10% ) і кіпрська компанія « Мексамел Холдінгс Лтд » ( 31% ). Керівником компанії з 2015 року є Геннадій Ярош . Костянтин Дубров є сином Олександра Дуброва , який раніше разом із братом екс-нардепа Віталія Хомутинніка Юрієм входив до складу засновників пенсійного фонду « Брокбізнесінвест ». Олександр Дубров був помічником Хомутинніка у ВР двох скликань.","[{""label"": ""JOB"", ""text"": ""Засновниками""}, {""label"": ""ORG"", ""text"": ""ТОВ «Інвестиційно-будівельна група»""}, {""label"": ""PERS"", ""text"": ""Олена Коноваленко""}, {""label"": ""PCT"", ""text"": ""7,5%""}, {""label"": ""PERS"", ""text"": ""Олена Пасивенко""}, {""label"": ""PCT"", ""text"": ""17,5%""}, {""label"": ""PERS"", ""text"": ""Олексій Долінко""}, {""label"": ""PCT"", ""text"": ""20%""}, {""label"": ""PERS"", ""text"": ""Костянтин Дубров""}, {""label"": ""PCT"", ""text"": ""14%""}, {""label"": ""ORG"", ""text"": ""ТОВ «КУА «Сіті Кепітал»""}, {""label"": ""PCT"", ""text"": ""10%""}, {""label"": ""ORG"", ""text"": ""Мексамел Холдінгс Лтд""}, {""label"": ""PCT"", ""text"": ""31%""}, {""label"": ""JOB"", ""text"": ""Керівником""}, {""label"": ""DATE"", ""text"": ""2015 року""}, {""label"": ""PERS"", ""text"": ""Геннадій Ярош""}, {""label"": ""PERS"", ""text"": ""Костянтин Дубров""}, {""label"": ""PERS"", ""text"": ""Олександра Дуброва""}, {""label"": ""JOB"", ""text"": ""екс-нардепа""}, {""label"": ""PERS"", ""text"": ""Віталія Хомутинніка""}, {""label"": ""PERS"", ""text"": ""Юрієм""}, {""label"": ""JOB"", ""text"": ""засновників""}, {""label"": ""ORG"", ""text"": ""Брокбізнесінвест""}, {""label"": ""PERS"", ""text"": ""Олександр Дубров""}, {""label"": ""JOB"", ""text"": ""помічником""}, {""label"": ""PERS"", ""text"": ""Хомутинніка""}, {""label"": ""ORG"", ""text"": ""ВР""}]","[{""label"": ""ORG"", ""text"": ""ТОВ «Інвестиційно-будівельна група»"", ""start"": 49, ""end"": 84}, {""label"": ""PERS"", ""text"": ""Олена Коноваленко"", ""start"": 87, ""end"": 104}, {""label"": ""PCT"", ""text"": ""7,5%"", ""start"": 107, ""end"": 111}, {""label"": ""PERS"", ""text"": ""Олена Пасивенко"", ""start"": 115, ""end"": 130}, {""label"": ""PCT"", ""text"": ""17,5%"", ""start"": 133, ""end"": 138}, {""label"": ""PERS"", ""text"": ""Олексій Долінко"", ""start"": 142, ""end"": 157}, {""label"": ""PCT"", ""text"": ""20%"", ""start"": 160, ""end"": 163}, {""label"": ""PERS"", ""text"": ""Костянтин Дубров"", ""start"": 167, ""end"": 183}, {""label"": ""PCT"", ""text"": ""14%"", ""start"": 186, ""end"": 189}, {""label"": ""ORG"", ""text"": ""ТОВ «КУА «Сіті Кепітал»"", ""start"": 193, ""end"": 216}, {""label"": ""PCT"", ""text"": ""10%"", ""start"": 219, ""end"": 222}, {""label"": ""ORG"", ""text"": ""Мексамел Холдінгс Лтд"", ""start"": 247, ""end"": 268}, {""label"": ""PCT"", ""text"": ""31%"", ""start"": 273, ""end"": 276}, {""label"": ""DATE"", ""text"": ""2015 року"", ""start"": 302, ""end"": 311}, {""label"": ""PERS"", ""text"": ""Геннадій Ярош"", ""start"": 314, ""end"": 327}, {""label"": ""PERS"", ""text"": ""Костянтин Дубров"", ""start"": 330, ""end"": 346}, {""label"": ""PERS"", ""text"": ""Олександра Дуброва"", ""start"": 355, ""end"": 373}, {""label"": ""PERS"", ""text"": ""Віталія Хомутинніка"", ""start"": 416, ""end"": 435}, {""label"": ""PERS"", ""text"": ""Олександр Дубров"", ""start"": 510, ""end"": 526}]"
079bb7e16925e88861833ae70f3630a8cbb32d97eef4849e1f2af437362df8f0,"Нагадаємо, що Хомутиннік разом з колегами по фракції Партії регіонів Олександром Волковим і Єльбрусом Тадеєвим фізично захищали будівництво « Fresco Sofia ». Міністерство закордонних справ України 31 травня уклало угоду з консорціумом « ЄДАПС » на виготовлення паспортів громадянина України для виїзду за кордон.","[{""label"": ""PERS"", ""text"": ""Хомутиннік""}, {""label"": ""ORG"", ""text"": ""Партії регіонів""}, {""label"": ""PERS"", ""text"": ""Олександром Волковим""}, {""label"": ""PERS"", ""text"": ""Єльбрусом Тадеєвим""}, {""label"": ""ART"", ""text"": ""Fresco Sofia""}, {""label"": ""ORG"", ""text"": ""Міністерство закордонних справ України""}, {""label"": ""DATE"", ""text"": ""31 травня""}, {""label"": ""ORG"", ""text"": ""ЄДАПС""}, {""label"": ""LOC"", ""text"": ""України""}]","[{""label"": ""PERS"", ""text"": ""Хомутиннік"", ""start"": 14, ""end"": 24}, {""label"": ""ORG"", ""text"": ""Партії регіонів"", ""start"": 53, ""end"": 68}, {""label"": ""PERS"", ""text"": ""Олександром Волковим"", ""start"": 69, ""end"": 89}, {""label"": ""PERS"", ""text"": ""Єльбрусом Тадеєвим"", ""start"": 92, ""end"": 110}, {""label"": ""ORG"", ""text"": ""Міністерство закордонних справ України"", ""start"": 158, ""end"": 196}, {""label"": ""DATE"", ""text"": ""31 травня"", ""start"": 197, ""end"": 206}, {""label"": ""ORG"", ""text"": ""ЄДАПС"", ""start"": 237, ""end"": 242}, {""label"": ""ART"", ""text"": ""паспортів громадянина України"", ""start"": 261, ""end"": 290}]"
2c7e40df5036e8f948d19a8a57613b96932189a28405ae4a72952150d85f1cd7,"Вартість угоди склала 6,90 млн грн .","[{""label"": ""MON"", ""text"": ""6,90 млн грн""}]","[{""label"": ""MON"", ""text"": ""6,90 млн грн"", ""start"": 22, ""end"": 34}]"
f6caf9e1ec4735ee635225bea2855853399e4ff3d345ebd77a4cbc65b790e1d7,Про це повідомляється в « Віснику державних закупівель ».,"[{""label"": ""ART"", ""text"": ""Віснику державних закупівель""}]","[{""label"": ""ORG"", ""text"": ""« Віснику державних закупівель »"", ""start"": 24, ""end"": 56}]"
4d673c9749053d8b078fcaf430e0a52a4992b3f877607c7dabce90f8a3f6bb90,"Замовлено 20,9 тисяч паспортів з електронним носієм інформації (персоналізовані) по 330 грн .","[{""label"": ""MON"", ""text"": ""330 грн""}]","[{""label"": ""QUANT"", ""text"": ""20,9 тисяч"", ""start"": 10, ""end"": 20}, {""label"": ""MON"", ""text"": ""330 грн"", ""start"": 84, ""end"": 91}]"
b739cb7a66fe0cfddeaaa9000689fac9a37a9cf0ebd997858e7dbfd45e3e2004,"Торги проведено за неконкурентною процедурою закупівлі «в одного учасника», оскільки тільки представники консорціуму « ЄДАПС » підтвердили готовність забезпечити виготовлення нових бланків, у тому числі біометричних паспортів та надати усі підтверджуючі документи, які вимагаються законодавством України , та необхідні експертні висновки (у тому числі щодо використання захисного мікрометалодрукованого елементу, передбаченого технічним описом бланка паспорта зразка 2013 р. ). МЗС повідомило, що зверталось до державного поліграфкомбінату « Україна », однак представники підприємства відповіли, що на даному етапі підприємством готуються документи для отримання експертного висновку у Державній службі спеціального зв'язку та захисту інформації України ( ДСС ) про відповідність вимогам нормативно-правових актів системи технічного та криптографічного захисту безконтактних носіїв інформації, які будуть застосовуватись у електронних ідентифікаційних документах.","[{""label"": ""ORG"", ""text"": ""ЄДАПС""}, {""label"": ""LOC"", ""text"": ""України""}, {""label"": ""DATE"", ""text"": ""2013 р.""}, {""label"": ""ORG"", ""text"": ""МЗС""}, {""label"": ""ORG"", ""text"": ""Україна""}, {""label"": ""ORG"", ""text"": ""Державній службі спеціального зв'язку та захисту інформації України""}, {""label"": ""ORG"", ""text"": ""ДСС""}]","[{""label"": ""ORG"", ""text"": ""ЄДАПС"", ""start"": 119, ""end"": 124}, {""label"": ""ART"", ""text"": ""біометричних паспортів"", ""start"": 203, ""end"": 225}, {""label"": ""ORG"", ""text"": ""МЗС"", ""start"": 478, ""end"": 481}]"
bdc7a1abf8d6b49822a7b1a00fe6948570f8768f2f92c22cf9b4fb5c48166d45,Ними також не підтверджено готовність до виконання замовлення МЗС в частині персоналізації паспортів.,"[{""label"": ""ORG"", ""text"": ""МЗС""}]","[{""label"": ""PERS"", ""text"": ""Ними"", ""start"": 0, ""end"": 4}, {""label"": ""ORG"", ""text"": ""МЗС"", ""start"": 62, ""end"": 65}, {""label"": ""ART"", ""text"": ""паспортів"", ""start"": 91, ""end"": 100}]"
cc2d3e4dadc690140998fd1fc7b0f7f53629e195b3a6b6117162bd57e8b03290,"Нагадаємо, раніше ЗМІ з посиланням на джерела в уряді повідомили, що консорціум « ЄДАПС » позбавлений державного контракту на виготовлення біометричних паспортів.","[{""label"": ""ORG"", ""text"": ""ЄДАПС""}]","[{""label"": ""ORG"", ""text"": ""ЗМІ"", ""start"": 18, ""end"": 21}, {""label"": ""ORG"", ""text"": ""ЄДАПС"", ""start"": 82, ""end"": 87}, {""label"": ""ART"", ""text"": ""біометричних паспортів"", ""start"": 139, ""end"": 161}]"
ac4118a0f364760c9cd23d54bda00014b38d60af727fc033b71b512d9e3443f7,Відповідне рішення за скаргою полграфкомбінату «Україна» 7 червня прийняв Антимонопольний комітет .,"[{""label"": ""ORG"", ""text"": ""полграфкомбінату «Україна»""}, {""label"": ""DATE"", ""text"": ""7 червня""}, {""label"": ""ORG"", ""text"": ""Антимонопольний комітет""}]","[{""label"": ""DATE"", ""text"": ""7 червня"", ""start"": 57, ""end"": 65}, {""label"": ""ORG"", ""text"": ""Антимонопольний комітет"", ""start"": 74, ""end"": 97}]"
4f972df0b82ea9e2052ac5018f46ac88827a73ef94011dcef12a0e8db6699a4c,"Разом з тим, Міністерство закордонних справ рекламує послуги « ЄДАПСу ».","[{""label"": ""ORG"", ""text"": ""Міністерство закордонних справ""}, {""label"": ""ORG"", ""text"": ""ЄДАПСу""}]","[{""label"": ""ORG"", ""text"": ""Міністерство закордонних справ"", ""start"": 13, ""end"": 43}, {""label"": ""MISC"", ""text"": ""ЄДАПСу"", ""start"": 63, ""end"": 69}]"
c8811c71de036de1285b4a7e9574d81dea61c5f3a18b75a7e086f5f71521246d,"За даними « Дела », український посол в Кенії і Танзанії під час зустрічі з послом Руанди на початку червня ознайомив африканського колегу з «можливостями українського підприємства « ЄДАПС » для виготовлення руандійських документів».","[{""label"": ""ART"", ""text"": ""Дела""}, {""label"": ""JOB"", ""text"": ""посол""}, {""label"": ""LOC"", ""text"": ""Кенії""}, {""label"": ""LOC"", ""text"": ""Танзанії""}, {""label"": ""JOB"", ""text"": ""послом""}, {""label"": ""LOC"", ""text"": ""Руанди""}, {""label"": ""DATE"", ""text"": ""початку червня""}, {""label"": ""ORG"", ""text"": ""ЄДАПС""}]","[{""label"": ""ORG"", ""text"": ""Дела"", ""start"": 12, ""end"": 16}, {""label"": ""LOC"", ""text"": ""Кенії і Танзанії"", ""start"": 40, ""end"": 56}, {""label"": ""DATE"", ""text"": ""початку червня"", ""start"": 93, ""end"": 107}, {""label"": ""PERS"", ""text"": ""африканського колегу"", ""start"": 118, ""end"": 138}, {""label"": ""ORG"", ""text"": ""ЄДАПС"", ""start"": 183, ""end"": 188}, {""label"": ""DOC"", ""text"": ""руандійських документів"", ""start"": 208, ""end"": 231}]"
02ba838bf2d44249957a260a5890ce680b68415303f8f42d6f2fc9074e6c0990,"За п'ять років існування « ВДЗ » стало відомо про підряди ЄДАПСу на 2,15 млрд грн ДП «Український дитячий центр «Молода гвардія» ( Одеса ) у період хз 20 по 27 березня уклав низку угод на постачання продуктів харчування на загальну суму 6,20 млн грн .","[{""label"": ""PERIOD"", ""text"": ""п'ять років""}, {""label"": ""ORG"", ""text"": ""ВДЗ""}, {""label"": ""ORG"", ""text"": ""ЄДАПСу""}, {""label"": ""MON"", ""text"": ""2,15 млрд грн""}, {""label"": ""ORG"", ""text"": ""ДП «Український дитячий центр «Молода гвардія»""}, {""label"": ""LOC"", ""text"": ""Одеса""}, {""label"": ""PERIOD"", ""text"": ""20 по 27 березня""}, {""label"": ""MON"", ""text"": ""6,20 млн грн""}]","[{""label"": ""ORG"", ""text"": ""ВДЗ"", ""start"": 27, ""end"": 30}, {""label"": ""ORG"", ""text"": ""ЄДАПСу"", ""start"": 58, ""end"": 64}, {""label"": ""MON"", ""text"": ""2,15 млрд грн"", ""start"": 68, ""end"": 81}, {""label"": ""ORG"", ""text"": ""ДП «Український дитячий центр «Молода гвардія»"", ""start"": 82, ""end"": 128}, {""label"": ""LOC"", ""text"": ""Одеса"", ""start"": 131, ""end"": 136}, {""label"": ""MISC"", ""text"": ""продуктів харчування"", ""start"": 199, ""end"": 219}]"
a214e4e24bd6e2aae3a43180381b115a50a34c4c09990d72b6d5e0f812d2a043,Про це повідомляється у « Віснику державних закупівель ».,"[{""label"": ""ART"", ""text"": ""Віснику державних закупівель""}]","[{""label"": ""ORG"", ""text"": ""« Віснику державних закупівель »"", ""start"": 24, ""end"": 56}]"
dc91fecee0320ee002a50e8de8bd80ffff5b761b147266f6797eac89f7793351,"Ціни на деякі продукти суттєво перевищують середні роздрібні ціни, зафіксовані моніторингом Мінекономрозвитку .","[{""label"": ""ORG"", ""text"": ""Мінекономрозвитку""}]","[{""label"": ""MISC"", ""text"": ""деякі продукти"", ""start"": 8, ""end"": 22}, {""label"": ""MON"", ""text"": ""середні роздрібні ціни"", ""start"": 43, ""end"": 65}, {""label"": ""ORG"", ""text"": ""Мінекономрозвитку"", ""start"": 92, ""end"": 109}]"
fcd999acc28ce18c619863730cfd261db73d10a919b273ad11960ed77ccf63dd,Ціни ж на курятину перевищують роздрібні в супермаркетах:,[],"[{""label"": ""MON"", ""text"": ""Ціни"", ""start"": 0, ""end"": 4}, {""label"": ""ART"", ""text"": ""курятину"", ""start"": 10, ""end"": 18}, {""label"": ""ORG"", ""text"": ""супермаркетах"", ""start"": 43, ""end"": 56}]"
5df449da284ecdb876979212a77bec44a0c91d15a1e38ff23366366415e6587a,"Продукт | Ціна згідно з договором, грн. / кг або дес.",[],"[{""label"": ""ART"", ""text"": ""Продукт"", ""start"": 0, ""end"": 7}, {""label"": ""MON"", ""text"": ""грн."", ""start"": 35, ""end"": 39}]"
78ad844096c09950c43ff1be3ba1fdb18900d293c8d7393714673d85066b1152,| Роздрібна ціна згідно з моніторингом грн. / кг або дес.,[],"[{""label"": ""MON"", ""text"": ""грн."", ""start"": 39, ""end"": 43}]"
521fa69ebdcdfee685bd6c5857838e1c2e6aadd0559e835466bf5ab29cfb2f75,"| Роздрібна ціна у супермаркеті, грн. / кг --- | --- | --- | --- яловичина | 63,00 – 64,46 | 55,51 |","[{""label"": ""MON"", ""text"": ""63,00""}, {""label"": ""MON"", ""text"": ""64,46""}, {""label"": ""MON"", ""text"": ""55,51""}]","[{""label"": ""ORG"", ""text"": ""супермаркеті"", ""start"": 19, ""end"": 31}, {""label"": ""MON"", ""text"": ""грн."", ""start"": 33, ""end"": 37}, {""label"": ""MISC"", ""text"": ""яловичина"", ""start"": 65, ""end"": 74}]"
d4f85d36757c12f0c6dab57721287f327efbfc46ea8c0f820301067f8627fc0f,–,[],[]
7916cc82a0586aa232ea36e889176890aae7417b499b1e7c53b2dd440c48531f,"свинина | 61,75 | 43,50 |","[{""label"": ""MON"", ""text"": ""61,75""}, {""label"": ""MON"", ""text"": ""43,50""}]","[{""label"": ""MISC"", ""text"": ""свинина"", ""start"": 0, ""end"": 7}, {""label"": ""QUANT"", ""text"": ""61,75"", ""start"": 10, ""end"": 15}, {""label"": ""QUANT"", ""text"": ""43,50"", ""start"": 18, ""end"": 23}]"
d4f85d36757c12f0c6dab57721287f327efbfc46ea8c0f820301067f8627fc0f,–,[],[]
d91e3c11bd17117d5e3dae8ac44cf722caa960051fced4ca9d029448e65e90f4,"яйця | 10,50 | 7,38 |","[{""label"": ""MON"", ""text"": ""10,50""}, {""label"": ""MON"", ""text"": ""7,38""}]",[]
d4f85d36757c12f0c6dab57721287f327efbfc46ea8c0f820301067f8627fc0f,–,[],[]
123f57c1f2e7e66b2ad4d2914b1f20639b16141bceda95a5d602d6bb5d2292a7,"стегна курчат | 36,06 |","[{""label"": ""MON"", ""text"": ""36,06""}]","[{""label"": ""TIME"", ""text"": ""36,06"", ""start"": 16, ""end"": 21}]"
d4f85d36757c12f0c6dab57721287f327efbfc46ea8c0f820301067f8627fc0f,–,[],[]
db4da382f3641afc03595e3f4a834cba0b4d388f0bcca249db9425ebd5a7fb2d,"| 25,38 – 32,00 Підряд вартістю 520 тис грн. на постачання курятини отримало ТОВ «Проект Інвест ХХІ» , яке заснували у квітні 2011 р. Владислав Теслюк і Наталя Фоміна .","[{""label"": ""MON"", ""text"": ""25,38""}, {""label"": ""MON"", ""text"": ""32,00""}, {""label"": ""MON"", ""text"": ""520 тис грн.""}, {""label"": ""ORG"", ""text"": ""ТОВ «Проект Інвест ХХІ»""}, {""label"": ""DATE"", ""text"": ""квітні 2011 р.""}, {""label"": ""PERS"", ""text"": ""Владислав Теслюк""}, {""label"": ""PERS"", ""text"": ""Наталя Фоміна""}]","[{""label"": ""MON"", ""text"": ""520 тис грн."", ""start"": 32, ""end"": 44}, {""label"": ""ORG"", ""text"": ""ТОВ «Проект Інвест ХХІ»"", ""start"": 77, ""end"": 100}, {""label"": ""DATE"", ""text"": ""квітні 2011 р."", ""start"": 119, ""end"": 133}, {""label"": ""PERS"", ""text"": ""Владислав Теслюк"", ""start"": 134, ""end"": 150}, {""label"": ""PERS"", ""text"": ""Наталя Фоміна"", ""start"": 153, ""end"": 166}]"
1df879b6cd6178c245916aef13a4a767bb68ba80fb843206fe10f7397faafae2,"Остання відома як член Ліберально-гуманістичної партії «Товариш» , від неї Фомина в 2010 р. балотувалася до Одеської міськради , однак не пройшла.","[{""label"": ""JOB"", ""text"": ""член""}, {""label"": ""ORG"", ""text"": ""Ліберально-гуманістичної партії «Товариш»""}, {""label"": ""PERS"", ""text"": ""Фомина""}, {""label"": ""DATE"", ""text"": ""2010 р.""}, {""label"": ""ORG"", ""text"": ""Одеської міськради""}]","[{""label"": ""ORG"", ""text"": ""Ліберально-гуманістичної партії «Товариш»"", ""start"": 23, ""end"": 64}, {""label"": ""PERS"", ""text"": ""Фомина"", ""start"": 75, ""end"": 81}, {""label"": ""DATE"", ""text"": ""2010 р."", ""start"": 84, ""end"": 91}, {""label"": ""LOC"", ""text"": ""Одеської міськради"", ""start"": 108, ""end"": 126}]"
306f90f8889375222047e0ffe87f4e5f84b2d1e08a045a2602949c3007ced41b,М'ясо постачатиме ТОВ «Одеський м'ясопереробний завод» Володимира Кухарчика і Георгія Шведчикова .,"[{""label"": ""ORG"", ""text"": ""ТОВ «Одеський м'ясопереробний завод»""}, {""label"": ""PERS"", ""text"": ""Володимира Кухарчика""}, {""label"": ""PERS"", ""text"": ""Георгія Шведчикова""}]","[{""label"": ""MISC"", ""text"": ""М'ясо"", ""start"": 0, ""end"": 5}, {""label"": ""ORG"", ""text"": ""ТОВ «Одеський м'ясопереробний завод»"", ""start"": 18, ""end"": 54}, {""label"": ""PERS"", ""text"": ""Володимира Кухарчика"", ""start"": 55, ""end"": 75}, {""label"": ""PERS"", ""text"": ""Георгія Шведчикова"", ""start"": 78, ""end"": 96}]"
538c7a950ad25ee0ad5636116ab3a5adea39872a8115b2bec70365d4de16db55,За це фірма отримає 625 тис грн .,"[{""label"": ""MON"", ""text"": ""625 тис грн""}]","[{""label"": ""ORG"", ""text"": ""фірма"", ""start"": 6, ""end"": 11}, {""label"": ""MON"", ""text"": ""625 тис грн"", ""start"": 20, ""end"": 31}]"
1ca0dd15bbd0ad917641de27ceaef053a612351aba698ff56c2cda93e1de9b75,Яйця « Молода гвардія » замовила ТОВ «Біт-Юг» . Засновниками фірми є Ольга Костюкович та Геннадій Горностаєв .,"[{""label"": ""ORG"", ""text"": ""Молода гвардія""}, {""label"": ""ORG"", ""text"": ""ТОВ «Біт-Юг»""}, {""label"": ""JOB"", ""text"": ""Засновниками""}, {""label"": ""PERS"", ""text"": ""Ольга Костюкович""}, {""label"": ""PERS"", ""text"": ""Геннадій Горностаєв""}]","[{""label"": ""ORG"", ""text"": ""ТОВ «Біт-Юг»"", ""start"": 33, ""end"": 45}, {""label"": ""PERS"", ""text"": ""Ольга Костюкович"", ""start"": 69, ""end"": 85}, {""label"": ""PERS"", ""text"": ""Геннадій Горностаєв"", ""start"": 89, ""end"": 108}]"
47ff70d1051a66ba1826f75684fef792c63005100c08cc8fe903026e0cb2e9ff,Останній у 2009 році очолював комунальне підприємство « Харчування » і був звільнений після оприлюднення в міськвиконкомі результатів перевірки.,"[{""label"": ""DATE"", ""text"": ""2009 році""}, {""label"": ""ORG"", ""text"": ""Харчування""}]","[{""label"": ""PERS"", ""text"": ""Останній"", ""start"": 0, ""end"": 8}, {""label"": ""DATE"", ""text"": ""2009 році"", ""start"": 11, ""end"": 20}, {""label"": ""ORG"", ""text"": ""Харчування"", ""start"": 56, ""end"": 66}]"
744a95dc2701b90370eb8238b71f7b4a95354822d1d6ca28ce8df3b636b4c17d,"В тому числі Горностаєву було інкриміновано закупівлю продуктів за завищеними цінами, збиткове здавання в оренду комунальних складів, високу зарплату ( 4 тис грн. + 50% за ініціативність), роздуті штати підприємства.","[{""label"": ""PERS"", ""text"": ""Горностаєву""}, {""label"": ""MON"", ""text"": ""4 тис грн.""}, {""label"": ""PCT"", ""text"": ""50%""}]","[{""label"": ""PERS"", ""text"": ""Горностаєву"", ""start"": 13, ""end"": 24}, {""label"": ""MON"", ""text"": ""4 тис грн."", ""start"": 152, ""end"": 162}, {""label"": ""PCT"", ""text"": ""50%"", ""start"": 165, ""end"": 168}, {""label"": ""ORG"", ""text"": ""підприємства"", ""start"": 203, ""end"": 215}]"
c2671b713b226fb63780ff524c033af72953e1c39fd67d6165eb8fbbc5b60dc8,"В червні минулого року Управління освіти та науки Одеської міськради за 984 тис грн. придбало у цієї компанії цукор за завищеними цінами. Правоохоронці підозрюють посадових осіб управління капітального будівництва Херсонської міськради , Департаменту ЖКГ та ТОВ «Сервісбуд-Інвест» у протиправних діях під час освоєння бюджетних коштів, витрачених на ремонт будинків.","[{""label"": ""DATE"", ""text"": ""червні минулого року""}, {""label"": ""ORG"", ""text"": ""Управління освіти та науки Одеської міськради""}, {""label"": ""MON"", ""text"": ""984 тис грн.""}, {""label"": ""JOB"", ""text"": ""Правоохоронці""}, {""label"": ""ORG"", ""text"": ""Херсонської міськради""}, {""label"": ""ORG"", ""text"": ""Департаменту ЖКГ""}, {""label"": ""ORG"", ""text"": ""ТОВ «Сервісбуд-Інвест»""}]","[{""label"": ""ORG"", ""text"": ""Управління освіти та науки Одеської міськради"", ""start"": 23, ""end"": 68}, {""label"": ""MON"", ""text"": ""984 тис грн."", ""start"": 72, ""end"": 84}, {""label"": ""ART"", ""text"": ""цукор"", ""start"": 110, ""end"": 115}, {""label"": ""ORG"", ""text"": ""управління капітального будівництва Херсонської міськради"", ""start"": 178, ""end"": 235}, {""label"": ""ORG"", ""text"": ""Департаменту ЖКГ"", ""start"": 238, ""end"": 254}, {""label"": ""ORG"", ""text"": ""ТОВ «Сервісбуд-Інвест»"", ""start"": 258, ""end"": 280}]"
f89ba4ac41589877e4b9b9f5f2ab65978f1ddc2adf123902aa625fa1ec4adb03,Про це свідчить ухвала Херсонського міського суду від 28 жовтня .,"[{""label"": ""ORG"", ""text"": ""Херсонського міського суду""}, {""label"": ""DATE"", ""text"": ""28 жовтня""}]","[{""label"": ""ORG"", ""text"": ""Херсонського міського суду"", ""start"": 23, ""end"": 49}, {""label"": ""DATE"", ""text"": ""28 жовтня"", ""start"": 54, ""end"": 63}]"
a17b6fb276d1d9b312f3dc3605bb44b94b783d5255a0575106f0ad9d8131de03,Розслідування у кримінальному провадженні № 12016230000000366 від 21.07.2016 проводить слідче управління ГУ Нацполіції в Херсонській області .,"[{""label"": ""DOC"", ""text"": ""кримінальному провадженні № 12016230000000366 від 21.07.2016""}, {""label"": ""ORG"", ""text"": ""ГУ Нацполіції в Херсонській області""}]","[{""label"": ""DATE"", ""text"": ""21.07.2016"", ""start"": 66, ""end"": 76}, {""label"": ""ORG"", ""text"": ""ГУ Нацполіції"", ""start"": 105, ""end"": 118}, {""label"": ""LOC"", ""text"": ""Херсонській області"", ""start"": 121, ""end"": 140}]"
74c1141ff7f9d84b515b65a26cb3c783f57ba4e02a78ce1980d381ae94fc86da,"За даними слідства, у 2015 році Департамент ЖКГ Херсонської міської ради замовив у ТОВ «Сервісбуд-Інвест» капітальний ремонт систем водопостачання, опалення та станцій підкачки води 28 житлових будинків на загальну суму 4,40 млн грн .","[{""label"": ""DATE"", ""text"": ""2015 році""}, {""label"": ""ORG"", ""text"": ""Департамент ЖКГ Херсонської міської ради""}, {""label"": ""ORG"", ""text"": ""ТОВ «Сервісбуд-Інвест»""}, {""label"": ""MON"", ""text"": ""4,40 млн грн""}]","[{""label"": ""DATE"", ""text"": ""2015 році"", ""start"": 22, ""end"": 31}, {""label"": ""ORG"", ""text"": ""Департамент ЖКГ Херсонської міської ради"", ""start"": 32, ""end"": 72}, {""label"": ""ORG"", ""text"": ""ТОВ «Сервісбуд-Інвест»"", ""start"": 83, ""end"": 105}, {""label"": ""QUANT"", ""text"": ""28 житлових будинків"", ""start"": 182, ""end"": 202}, {""label"": ""MON"", ""text"": ""4,40 млн грн"", ""start"": 220, ""end"": 232}]"
b9bec6bebf7e9e640a24270c864a819a1019f6e8c0c2ec60e883540b8f7538d9,"В подальшому сторони за погодженням з представником технагляду управління капбудівництва міськради підписали акти виконаних робіт, а « Сервісбуд-Інвест » отримав усю суму бюджетних коштів.","[{""label"": ""ORG"", ""text"": ""Сервісбуд-Інвест""}]","[{""label"": ""ORG"", ""text"": ""управління капбудівництва міськради"", ""start"": 63, ""end"": 98}, {""label"": ""DOC"", ""text"": ""акти виконаних робіт"", ""start"": 109, ""end"": 129}, {""label"": ""ORG"", ""text"": ""Сервісбуд-Інвест"", ""start"": 135, ""end"": 151}, {""label"": ""MON"", ""text"": ""бюджетних коштів"", ""start"": 171, ""end"": 187}]"
221c952b2d5162327b801ed12b40015d379799bdd7cd6b8b73875de187a745b5,"Втім, як з'ясувало слідство, основний обсяг ремонтних робіт у будинках виконали робітники комунального підприємства « Дніпровський ».","[{""label"": ""ORG"", ""text"": ""Дніпровський""}]","[{""label"": ""JOB"", ""text"": ""робітники"", ""start"": 80, ""end"": 89}, {""label"": ""ORG"", ""text"": ""Дніпровський"", ""start"": 118, ""end"": 130}]"
670ae8ae1ba5e3f5a2a2708793445518c13aa63c80f0e9ab3cbcc894ba3bb6d5,"Крім того, 2,80 млн грн . з 4,40 млн « Сервісбуд-Інвест » перерахував на банківські рахунки підконтрольним трьом фізичним особам, які зняли їх готівкою. Слідчі звернулись до суду з клопотанням надати доступ до банківських рахунків « Сервісбуд-Інвест » та фізичних осіб, яким фірма перерахувала кошти.","[{""label"": ""MON"", ""text"": ""2,80 млн грн""}, {""label"": ""MON"", ""text"": ""4,40 млн""}, {""label"": ""ORG"", ""text"": ""Сервісбуд-Інвест""}, {""label"": ""JOB"", ""text"": ""Слідчі""}, {""label"": ""ORG"", ""text"": ""Сервісбуд-Інвест""}]","[{""label"": ""MON"", ""text"": ""2,80 млн грн"", ""start"": 11, ""end"": 23}, {""label"": ""MON"", ""text"": ""4,40 млн"", ""start"": 28, ""end"": 36}, {""label"": ""ORG"", ""text"": ""« Сервісбуд-Інвест »"", ""start"": 37, ""end"": 57}, {""label"": ""PERS"", ""text"": ""трьом фізичним особам"", ""start"": 107, ""end"": 128}, {""label"": ""ORG"", ""text"": ""« Сервісбуд-Інвест »"", ""start"": 231, ""end"": 251}, {""label"": ""PERS"", ""text"": ""фізичних осіб"", ""start"": 255, ""end"": 268}]"
2621f455ac8456466c1e9467055bee89c235c55bf17dbd7d87eb07456bc39b33,"Суд надав дозвіл. ТОВ «Сервісбуд-Інвест» зі статутним фондом у 1 тис грн. засновано у серпні 2015 року , напередодні отримання підрядів від міськради. Керівником є Віктор Гуцал , засновник Євгеній Кондратюк , який також є співвласником ТОВ «Юг спец профіль» та директором ТОВ «Херсон спец профіль» . Власницею останньої фірми є Олександра Путілова .","[{""label"": ""ORG"", ""text"": ""ТОВ «Сервісбуд-Інвест»""}, {""label"": ""MON"", ""text"": ""1 тис грн.""}, {""label"": ""DATE"", ""text"": ""серпні 2015 року""}, {""label"": ""JOB"", ""text"": ""Керівником""}, {""label"": ""PERS"", ""text"": ""Віктор Гуцал""}, {""label"": ""JOB"", ""text"": ""засновник""}, {""label"": ""PERS"", ""text"": ""Євгеній Кондратюк""}, {""label"": ""JOB"", ""text"": ""співвласником""}, {""label"": ""ORG"", ""text"": ""ТОВ «Юг спец профіль»""}, {""label"": ""JOB"", ""text"": ""директором""}, {""label"": ""ORG"", ""text"": ""ТОВ «Херсон спец профіль»""}, {""label"": ""JOB"", ""text"": ""Власницею""}, {""label"": ""PERS"", ""text"": ""Олександра Путілова""}]","[{""label"": ""ORG"", ""text"": ""ТОВ «Сервісбуд-Інвест»"", ""start"": 18, ""end"": 40}, {""label"": ""MON"", ""text"": ""1 тис грн."", ""start"": 63, ""end"": 73}, {""label"": ""DATE"", ""text"": ""серпні 2015 року"", ""start"": 86, ""end"": 102}, {""label"": ""PERS"", ""text"": ""Віктор Гуцал"", ""start"": 164, ""end"": 176}, {""label"": ""PERS"", ""text"": ""Євгеній Кондратюк"", ""start"": 189, ""end"": 206}, {""label"": ""ORG"", ""text"": ""ТОВ «Юг спец профіль»"", ""start"": 236, ""end"": 257}, {""label"": ""ORG"", ""text"": ""ТОВ «Херсон спец профіль»"", ""start"": 272, ""end"": 297}, {""label"": ""PERS"", ""text"": ""Олександра Путілова"", ""start"": 328, ""end"": 347}]"
cc4bb74e35218a81c9d5c8430882d1563483adcdefbf3ef6fb29bb1ccf3c45ca,Це двоюрідна сестра колишнього голови Херсонської облради Андрія Путілова .,"[{""label"": ""JOB"", ""text"": ""голови""}, {""label"": ""ORG"", ""text"": ""Херсонської облради""}, {""label"": ""PERS"", ""text"": ""Андрія Путілова""}]","[{""label"": ""ORG"", ""text"": ""Херсонської облради"", ""start"": 38, ""end"": 57}, {""label"": ""PERS"", ""text"": ""Андрія Путілова"", ""start"": 58, ""end"": 73}]"
78d122c109a89d39ce4641c6db5164dc560f6b8de12a99c22d7664ce0c8242ec,"Його було обрано у 2015 році , а у вересні 2016 року він пішов з посади після того, як депутати облради відправили його у відставку. Путілов представляє « БПП «Солідарність ».","[{""label"": ""DATE"", ""text"": ""2015 році""}, {""label"": ""DATE"", ""text"": ""вересні 2016 року""}, {""label"": ""JOB"", ""text"": ""депутати облради""}, {""label"": ""PERS"", ""text"": ""Путілов""}, {""label"": ""ORG"", ""text"": ""БПП «Солідарність""}]","[{""label"": ""DATE"", ""text"": ""2015 році"", ""start"": 19, ""end"": 28}, {""label"": ""DATE"", ""text"": ""вересні 2016 року"", ""start"": 35, ""end"": 52}, {""label"": ""PERS"", ""text"": ""Путілов"", ""start"": 133, ""end"": 140}]"
49bbc9ca2c1bf1a32e692f221847cfb0d064c62e38d1e1e102ff055758e95081,"За даними « ВДЗ », « Сервісбуд-Інвест » у 2015-2016 роках не виграв жодного тендеру. КП «Міжнародний аеропорт Донецьк» за результатами тендеру 14 вересня уклав угоду з ТОВ «Український авіаційний сервіс» на придбання 6000 т авіакеросину ТС-1 за 78,90 млн. грн .","[{""label"": ""ART"", ""text"": ""ВДЗ""}, {""label"": ""ORG"", ""text"": ""Сервісбуд-Інвест""}, {""label"": ""PERIOD"", ""text"": ""2015-2016 роках""}, {""label"": ""ORG"", ""text"": ""КП «Міжнародний аеропорт Донецьк»""}, {""label"": ""DATE"", ""text"": ""14 вересня""}, {""label"": ""ORG"", ""text"": ""ТОВ «Український авіаційний сервіс»""}, {""label"": ""QUANT"", ""text"": ""6000 т""}, {""label"": ""ART"", ""text"": ""ТС-1""}, {""label"": ""MON"", ""text"": ""78,90 млн. грн""}]","[{""label"": ""ORG"", ""text"": ""Сервісбуд-Інвест"", ""start"": 21, ""end"": 37}, {""label"": ""PERIOD"", ""text"": ""2015-2016 роках"", ""start"": 42, ""end"": 57}, {""label"": ""ORG"", ""text"": ""КП «Міжнародний аеропорт Донецьк»"", ""start"": 85, ""end"": 118}, {""label"": ""DATE"", ""text"": ""14 вересня"", ""start"": 143, ""end"": 153}, {""label"": ""ORG"", ""text"": ""ТОВ «Український авіаційний сервіс»"", ""start"": 168, ""end"": 203}, {""label"": ""QUANT"", ""text"": ""6000 т"", ""start"": 217, ""end"": 223}, {""label"": ""ART"", ""text"": ""авіакеросину ТС-1"", ""start"": 224, ""end"": 241}, {""label"": ""MON"", ""text"": ""78,90 млн. грн"", ""start"": 245, ""end"": 259}]"
f6caf9e1ec4735ee635225bea2855853399e4ff3d345ebd77a4cbc65b790e1d7,Про це повідомляється в « Віснику державних закупівель ».,"[{""label"": ""ART"", ""text"": ""Віснику державних закупівель""}]","[{""label"": ""ORG"", ""text"": ""« Віснику державних закупівель »"", ""start"": 24, ""end"": 56}]"
3d38d957367c780ef31118d3093444bd03ca45812d81e0ad1d549f89f1dd9fb0,"Керосин від « Українського авіаційного сервісу » коштуватиме 13,15 тис грн. / т .","[{""label"": ""ORG"", ""text"": ""Українського авіаційного сервісу""}, {""label"": ""MON"", ""text"": ""13,15 тис грн.""}, {""label"": ""QUANT"", ""text"": ""т""}]","[{""label"": ""ART"", ""text"": ""Керосин"", ""start"": 0, ""end"": 7}, {""label"": ""ORG"", ""text"": ""Українського авіаційного сервісу"", ""start"": 14, ""end"": 46}, {""label"": ""MON"", ""text"": ""13,15 тис грн. / т"", ""start"": 61, ""end"": 79}]"
bbf6dadc431919a6fdad74e00efbe7138a5ce656ea238daa16e80416440ad929,"Київська компанія зі статутним капіталом 63 тис грн. перемогла на тендері єдиного конкурента ТОВ «Укр-транс-аеро» ( Київ ), яке має капітал також у розмірі 63 тис грн. Обидві фірми створені в вересні 2009 року . Засновником ТОВ «Український авіаційний сервіс» є мешканець смт Глеваха Київської обл . Ігор Ткачук .","[{""label"": ""MON"", ""text"": ""63 тис грн.""}, {""label"": ""ORG"", ""text"": ""ТОВ «Укр-транс-аеро»""}, {""label"": ""LOC"", ""text"": ""Київ""}, {""label"": ""MON"", ""text"": ""63 тис грн.""}, {""label"": ""DATE"", ""text"": ""вересні 2009 року""}, {""label"": ""JOB"", ""text"": ""Засновником""}, {""label"": ""ORG"", ""text"": ""ТОВ «Український авіаційний сервіс»""}, {""label"": ""LOC"", ""text"": ""Глеваха""}, {""label"": ""LOC"", ""text"": ""Київської обл""}, {""label"": ""PERS"", ""text"": ""Ігор Ткачук""}]","[{""label"": ""ORG"", ""text"": ""Київська компанія"", ""start"": 0, ""end"": 17}, {""label"": ""MON"", ""text"": ""63 тис грн."", ""start"": 41, ""end"": 52}, {""label"": ""ORG"", ""text"": ""ТОВ «Укр-транс-аеро» ( Київ )"", ""start"": 93, ""end"": 122}, {""label"": ""MON"", ""text"": ""63 тис грн"", ""start"": 156, ""end"": 166}, {""label"": ""DATE"", ""text"": ""вересні 2009 року"", ""start"": 192, ""end"": 209}, {""label"": ""ORG"", ""text"": ""ТОВ «Український авіаційний сервіс»"", ""start"": 224, ""end"": 259}, {""label"": ""PERS"", ""text"": ""Ігор Ткачук"", ""start"": 300, ""end"": 311}]"
6e8d241437d55abc2cf8bfafa782970298d5d6796310ba09a38c2d4eeb337264,В травні ТОВ «Український авіаційний сервіс» подало заявку на участь у тендері кіровоградської військової частини №2269 внутрішніх військ МВС на постачання авіакеросину ТС-1 .,"[{""label"": ""DATE"", ""text"": ""травні""}, {""label"": ""ORG"", ""text"": ""ТОВ «Український авіаційний сервіс»""}, {""label"": ""ORG"", ""text"": ""кіровоградської військової частини №2269 внутрішніх військ МВС""}, {""label"": ""ART"", ""text"": ""ТС-1""}]","[{""label"": ""DATE"", ""text"": ""травні"", ""start"": 2, ""end"": 8}, {""label"": ""ORG"", ""text"": ""ТОВ «Український авіаційний сервіс»"", ""start"": 9, ""end"": 44}, {""label"": ""ORG"", ""text"": ""кіровоградської військової частини №2269 внутрішніх військ МВС"", ""start"": 79, ""end"": 141}, {""label"": ""ART"", ""text"": ""авіакеросину ТС-1"", ""start"": 156, ""end"": 173}]"
54cd9ed9c1aa03e7e6dbb3866f73cd71732b4949da55b0967c8b9e4ea0dad123,"Однак його пропозицію було відхилено, оскільки на тендер також заявилось ТОВ «Авірерурс» , засноване тим самим Ігорем Ткачуком .","[{""label"": ""ORG"", ""text"": ""ТОВ «Авірерурс»""}, {""label"": ""PERS"", ""text"": ""Ігорем Ткачуком""}]","[{""label"": ""ORG"", ""text"": ""ТОВ «Авірерурс»"", ""start"": 73, ""end"": 88}, {""label"": ""PERS"", ""text"": ""Ігорем Ткачуком"", ""start"": 111, ""end"": 126}]"
47b81f7f7685c348e06bc5d9b29bd59304ae34d156ad6d59ab725a7be40226a2,"«Пропозиція конкурсних торгів подана учасником процедури, який є пов'язаною особою з іншими учасниками процедури закупівлі.",[],"[{""label"": ""ART"", ""text"": ""Пропозиція конкурсних торгів"", ""start"": 1, ""end"": 29}, {""label"": ""PERS"", ""text"": ""учасником процедури"", ""start"": 37, ""end"": 56}]"
4d0e2ad696634bb8d3048eb9802db88bdb8cae1383c57e1b0f62c2010c49e2a1,"Уважно вивчивши надані документи …, засновником ТОВ «Український Авіаційний Сервіс» який володіє 100% статутного капіталу є громадянин України Ткачук Ігор Борисовичі , який також є одним з засновників ТОВ «Авіаресурс» , та володіє 50% статутного …, тобто є пов'язаною особою між ТОВ «авіаресурс» та ТОВ «Український Авіаційний Сервіс» , – констатував тендерний комітет міліцейської частини.","[{""label"": ""JOB"", ""text"": ""засновником""}, {""label"": ""ORG"", ""text"": ""ТОВ «Український Авіаційний Сервіс»""}, {""label"": ""PCT"", ""text"": ""100%""}, {""label"": ""LOC"", ""text"": ""України""}, {""label"": ""PERS"", ""text"": ""Ткачук Ігор Борисовичі""}, {""label"": ""JOB"", ""text"": ""засновників""}, {""label"": ""ORG"", ""text"": ""ТОВ «Авіаресурс»""}, {""label"": ""PCT"", ""text"": ""50%""}, {""label"": ""ORG"", ""text"": ""ТОВ «авіаресурс»""}, {""label"": ""ORG"", ""text"": ""ТОВ «Український Авіаційний Сервіс»""}]","[{""label"": ""ORG"", ""text"": ""ТОВ «Український Авіаційний Сервіс»"", ""start"": 48, ""end"": 83}, {""label"": ""PCT"", ""text"": ""100%"", ""start"": 97, ""end"": 101}, {""label"": ""PERS"", ""text"": ""Ткачук Ігор Борисовичі"", ""start"": 143, ""end"": 165}, {""label"": ""ORG"", ""text"": ""ТОВ «Авіаресурс»"", ""start"": 201, ""end"": 217}, {""label"": ""PCT"", ""text"": ""50%"", ""start"": 231, ""end"": 234}, {""label"": ""ORG"", ""text"": ""ТОВ «авіаресурс»"", ""start"": 279, ""end"": 295}, {""label"": ""ORG"", ""text"": ""ТОВ «Український Авіаційний Сервіс"", ""start"": 299, ""end"": 333}]"
d21ef5d72646f42bf0e6fd2e4aae4449e4761f7365c1b46e9f627081cda78152,"Раніше основним постачальником авіакеросину для Донецького аеропорту були компанії з групи ТНК-ВР , які контролюють Лисичанський нафтопереробний завод .","[{""label"": ""ORG"", ""text"": ""Донецького аеропорту""}, {""label"": ""ORG"", ""text"": ""ТНК-ВР""}, {""label"": ""ORG"", ""text"": ""Лисичанський нафтопереробний завод""}]","[{""label"": ""MISC"", ""text"": ""авіакеросину"", ""start"": 31, ""end"": 43}, {""label"": ""LOC"", ""text"": ""Донецького аеропорту"", ""start"": 48, ""end"": 68}, {""label"": ""ORG"", ""text"": ""компанії з групи ТНК-ВР"", ""start"": 74, ""end"": 97}, {""label"": ""ORG"", ""text"": ""Лисичанський нафтопереробний завод"", ""start"": 116, ""end"": 150}]"
9a527421bdbf20eca9a9a4a44d941a253e1cc26b9b5e4d4ef2a25f5879a0ed6b,"В квітні ТОВ «ПЗК «ТНК-Авіа» продало паливо по 13,40 тис грн. / т , піднявши ціну у порівнянні з лютим на 20% .","[{""label"": ""DATE"", ""text"": ""квітні""}, {""label"": ""ORG"", ""text"": ""ТОВ «ПЗК «ТНК-Авіа»""}, {""label"": ""MON"", ""text"": ""13,40 тис грн.""}, {""label"": ""QUANT"", ""text"": ""т""}, {""label"": ""DATE"", ""text"": ""лютим""}, {""label"": ""PCT"", ""text"": ""20%""}]","[{""label"": ""ORG"", ""text"": ""ТОВ «ПЗК «ТНК-Авіа»"", ""start"": 9, ""end"": 28}, {""label"": ""ART"", ""text"": ""паливо"", ""start"": 37, ""end"": 43}, {""label"": ""MON"", ""text"": ""13,40 тис грн. / т"", ""start"": 47, ""end"": 65}, {""label"": ""PERIOD"", ""text"": ""лютим"", ""start"": 97, ""end"": 102}, {""label"": ""PCT"", ""text"": ""20%"", ""start"": 106, ""end"": 109}]"
492b240f6696f2a3a52895bff90c22c5526d5d5679b22eb32c7c256bbe79e171,"Днями ТНК-ВР повідомило про намір збільшити ціну на авіапаливо ще на 15% Регіональні залізниці 27-29 грудня за результатами тендерів уклали низку угод з ТОВ «Седна С» на придбання апаратури та роботи з будівництва волоконно-оптичних ліній на загальну суму 82,24 млн грн .","[{""label"": ""ORG"", ""text"": ""ТНК-ВР""}, {""label"": ""PCT"", ""text"": ""15%""}, {""label"": ""PERIOD"", ""text"": ""27-29 грудня""}, {""label"": ""ORG"", ""text"": ""ТОВ «Седна С»""}, {""label"": ""MON"", ""text"": ""82,24 млн грн""}]","[{""label"": ""ORG"", ""text"": ""ТНК-ВР"", ""start"": 6, ""end"": 12}, {""label"": ""MISC"", ""text"": ""авіапаливо"", ""start"": 52, ""end"": 62}, {""label"": ""PCT"", ""text"": ""15%"", ""start"": 69, ""end"": 72}, {""label"": ""ORG"", ""text"": ""Регіональні залізниці"", ""start"": 73, ""end"": 94}, {""label"": ""DATE"", ""text"": ""27-29 грудня"", ""start"": 95, ""end"": 107}, {""label"": ""ORG"", ""text"": ""ТОВ «Седна С»"", ""start"": 153, ""end"": 166}, {""label"": ""ART"", ""text"": ""апаратури"", ""start"": 180, ""end"": 189}, {""label"": ""MON"", ""text"": ""82,24 млн грн"", ""start"": 256, ""end"": 269}]"
5d1ab5ee6c8d3bde086f1616d2e55a6986fc66f925134f8cbb2af9aaacafe881,"Про це повідомляється в « Віснику державних закупівель ». ДП «Донецька залізниця» за 14,12 млн грн. придбало 93 комплекти апаратури електрозв'язку (обладнання SDH). ДТГО «Південно-Західна залізниця» за 39,38 млн грн. замовило роботи з будівництва волоконно-оптичних ліній зв'язку на дільниці Гребінка – Дарниця – Київ – Петрівка – Київ - Волинський – ДН-1 , Коростень – Шепетівка .","[{""label"": ""ART"", ""text"": ""Віснику державних закупівель""}, {""label"": ""ORG"", ""text"": ""ДП «Донецька залізниця»""}, {""label"": ""MON"", ""text"": ""14,12 млн грн.""}, {""label"": ""ORG"", ""text"": ""ДТГО «Південно-Західна залізниця»""}, {""label"": ""MON"", ""text"": ""39,38 млн грн.""}, {""label"": ""LOC"", ""text"": ""Гребінка""}, {""label"": ""LOC"", ""text"": ""Дарниця""}, {""label"": ""LOC"", ""text"": ""Київ""}, {""label"": ""LOC"", ""text"": ""Петрівка""}, {""label"": ""LOC"", ""text"": ""Київ""}, {""label"": ""LOC"", ""text"": ""Волинський""}, {""label"": ""LOC"", ""text"": ""ДН-1""}, {""label"": ""LOC"", ""text"": ""Коростень""}, {""label"": ""LOC"", ""text"": ""Шепетівка""}]","[{""label"": ""ORG"", ""text"": ""ДП «Донецька залізниця»"", ""start"": 58, ""end"": 81}, {""label"": ""MON"", ""text"": ""14,12 млн грн"", ""start"": 85, ""end"": 98}, {""label"": ""QUANT"", ""text"": ""93 комплекти"", ""start"": 109, ""end"": 121}, {""label"": ""ORG"", ""text"": ""ДТГО «Південно-Західна залізниця»"", ""start"": 165, ""end"": 198}, {""label"": ""MON"", ""text"": ""39,38 млн грн"", ""start"": 202, ""end"": 215}]"
b7216ca020218583825ef47222bf95cd118b70775713070adc0a48e387b7c4af,"Ще 28,73 млн грн. коштуватиме обладнання транспортної мережі SDH Львів – Коростень – Київ – Полтава – Лозова – Донецьк на дільниці Південно-Західної залізниці .","[{""label"": ""MON"", ""text"": ""28,73 млн грн.""}, {""label"": ""LOC"", ""text"": ""Львів""}, {""label"": ""LOC"", ""text"": ""Коростень""}, {""label"": ""LOC"", ""text"": ""Київ""}, {""label"": ""LOC"", ""text"": ""Полтава""}, {""label"": ""LOC"", ""text"": ""Лозова""}, {""label"": ""LOC"", ""text"": ""Донецьк""}, {""label"": ""ORG"", ""text"": ""Південно-Західної залізниці""}]","[{""label"": ""MON"", ""text"": ""28,73 млн грн"", ""start"": 3, ""end"": 16}, {""label"": ""ORG"", ""text"": ""SDH Львів – Коростень – Київ – Полтава – Лозова – Донецьк"", ""start"": 61, ""end"": 118}, {""label"": ""ORG"", ""text"": ""Південно-Західної залізниці"", ""start"": 131, ""end"": 158}]"
0a4e9beb0948a70114d46928a75ac12675fc1d0a54144f7258e465381fd22c19,"З врахуванням цих закупівель « Седна-С » починаючи в 2011 році отримала підряди від залізниць на загальну суму 282,86 млн грн .","[{""label"": ""ORG"", ""text"": ""Седна-С""}, {""label"": ""DATE"", ""text"": ""2011 році""}, {""label"": ""MON"", ""text"": ""282,86 млн грн""}]","[{""label"": ""ORG"", ""text"": ""Седна-С"", ""start"": 31, ""end"": 38}, {""label"": ""DATE"", ""text"": ""2011 році"", ""start"": 53, ""end"": 62}, {""label"": ""MON"", ""text"": ""282,86 млн грн"", ""start"": 111, ""end"": 125}]"
b64ee0d8998cb141345a28e4ca2702cd79a34d4c0eeb94356f7196f84eb84d0d,Всі тендери фірма виграла починаючи з вересня .,"[{""label"": ""DATE"", ""text"": ""вересня""}]","[{""label"": ""ORG"", ""text"": ""фірма"", ""start"": 12, ""end"": 17}, {""label"": ""DATE"", ""text"": ""вересня"", ""start"": 38, ""end"": 45}]"
fb915f138d71393fad19fc905802b5f96aa90cac18fa5e92b6be59dfdba4cc1b,В абсолютній більшості цих тендерів конкурентами « Седни С » були ТОВ «ТТЦ «Марконі» (засновано чеською фірмою « ТТЦ Марконі ») та ТОВ «Стройінвест 2007» (засновано одеситкою Чернецькою Юлією Вадимівною ).,"[{""label"": ""ORG"", ""text"": ""Седни С""}, {""label"": ""ORG"", ""text"": ""ТОВ «ТТЦ «Марконі»""}, {""label"": ""ORG"", ""text"": ""ТТЦ Марконі""}, {""label"": ""ORG"", ""text"": ""ТОВ «Стройінвест 2007»""}, {""label"": ""PERS"", ""text"": ""Чернецькою Юлією Вадимівною""}]","[{""label"": ""ORG"", ""text"": ""ТОВ «ТТЦ «Марконі"", ""start"": 66, ""end"": 83}, {""label"": ""ORG"", ""text"": ""ТТЦ Марконі"", ""start"": 113, ""end"": 124}, {""label"": ""ORG"", ""text"": ""ТОВ «Стройінвест 2007»"", ""start"": 131, ""end"": 153}, {""label"": ""PERS"", ""text"": ""Чернецькою Юлією Вадимівною"", ""start"": 175, ""end"": 202}]"
09e491901b0db43a23a7b8783c827f8138f863b526b105b79e110cd7c043f454,"На кількох тендерах подавали заявки інші фірми, які були дешевші від пропозицій « Седни С ».","[{""label"": ""ORG"", ""text"": ""Седни С""}]","[{""label"": ""ORG"", ""text"": ""інші фірми"", ""start"": 36, ""end"": 46}, {""label"": ""ORG"", ""text"": ""Седни С"", ""start"": 82, ""end"": 89}]"
6852e67c3a7568f2fddd05c71b129dbc694a251cafd491f1dcc5091336735a06,Однак в усіх випадках ці пропозиції відхилялись через невідповідність кваліфікаційним критеріям.,[],[]
56e49212d3b177a68d9576016b78c537281b0fb978c63f72fb64830a0a20f946,Власниками одеського ТОВ «Седна С» є консорціум « Індустріальна группа » і багаторічний директор фірми Сергій Коломієць .,"[{""label"": ""ORG"", ""text"": ""ТОВ «Седна С»""}, {""label"": ""ORG"", ""text"": ""Індустріальна группа""}, {""label"": ""JOB"", ""text"": ""директор""}, {""label"": ""PERS"", ""text"": ""Сергій Коломієць""}]","[{""label"": ""ORG"", ""text"": ""ТОВ «Седна С»"", ""start"": 21, ""end"": 34}, {""label"": ""ORG"", ""text"": ""Індустріальна группа"", ""start"": 50, ""end"": 70}, {""label"": ""JOB"", ""text"": ""багаторічний директор"", ""start"": 75, ""end"": 96}, {""label"": ""PERS"", ""text"": ""Сергій Коломієць"", ""start"": 103, ""end"": 119}]"
7130776532e50a6418140637a28d401238f7b966a0549641a81a8ddbacfcc7bb,Раніше одним з засновників « Седни С » був безпосередньо Сергій Тарута – співвласник корпорації « Індустріальний союз Донбасу » ( ІСД ).,"[{""label"": ""JOB"", ""text"": ""засновників""}, {""label"": ""ORG"", ""text"": ""Седни С""}, {""label"": ""PERS"", ""text"": ""Сергій Тарута""}, {""label"": ""ORG"", ""text"": ""Індустріальний союз Донбасу""}, {""label"": ""ORG"", ""text"": ""ІСД""}]","[{""label"": ""ORG"", ""text"": ""Седни С"", ""start"": 29, ""end"": 36}, {""label"": ""PERS"", ""text"": ""Сергій Тарута"", ""start"": 57, ""end"": 70}, {""label"": ""ORG"", ""text"": ""Індустріальний союз Донбасу"", ""start"": 98, ""end"": 125}]"
b96b747b6dde2813383a5cd10afeda4ea303bb4711141a86c994c7ac421f457e,"Разом з Тарутою до складу засновників входив Андрій Адамовський , пов'язаний з групою « Oledo », що контролюється бізнес-угрупування народного депутата від Партії регіонів Юрія Іванющенко Суд скасував арешт готівки, вилученої під час обшуків у квартирах та службовому кабінеті судді Вищого адмінсуду України Олега Голяшкіна .","[{""label"": ""PERS"", ""text"": ""Тарутою""}, {""label"": ""PERS"", ""text"": ""Андрій Адамовський""}, {""label"": ""ORG"", ""text"": ""Oledo""}, {""label"": ""JOB"", ""text"": ""народного депутата""}, {""label"": ""ORG"", ""text"": ""Партії регіонів""}, {""label"": ""PERS"", ""text"": ""Юрія Іванющенко""}, {""label"": ""JOB"", ""text"": ""судді""}, {""label"": ""ORG"", ""text"": ""Вищого адмінсуду України""}, {""label"": ""PERS"", ""text"": ""Олега Голяшкіна""}]","[{""label"": ""PERS"", ""text"": ""Тарутою"", ""start"": 8, ""end"": 15}, {""label"": ""PERS"", ""text"": ""Андрій Адамовський"", ""start"": 45, ""end"": 63}, {""label"": ""ORG"", ""text"": ""Oledo"", ""start"": 88, ""end"": 93}, {""label"": ""PERS"", ""text"": ""Юрія Іванющенко"", ""start"": 172, ""end"": 187}, {""label"": ""MON"", ""text"": ""готівки"", ""start"": 207, ""end"": 214}, {""label"": ""ORG"", ""text"": ""Вищого адмінсуду України"", ""start"": 283, ""end"": 307}, {""label"": ""PERS"", ""text"": ""Олега Голяшкіна"", ""start"": 308, ""end"": 323}]"
ddf5a7f109012082360f817d10152e282fd1a58e1619184bac1efdad4236c200,Про це свідчить ухвала слідчого судді Галицького райсуду м. Львова Наталії Зубачик від 6 жовтня .,"[{""label"": ""JOB"", ""text"": ""слідчого судді""}, {""label"": ""ORG"", ""text"": ""Галицького райсуду м. Львова""}, {""label"": ""PERS"", ""text"": ""Наталії Зубачик""}, {""label"": ""DATE"", ""text"": ""6 жовтня""}]","[{""label"": ""JOB"", ""text"": ""слідчого судді"", ""start"": 23, ""end"": 37}, {""label"": ""ORG"", ""text"": ""Галицького райсуду м. Львова"", ""start"": 38, ""end"": 66}, {""label"": ""PERS"", ""text"": ""Наталії Зубачик"", ""start"": 67, ""end"": 82}, {""label"": ""DATE"", ""text"": ""6 жовтня"", ""start"": 87, ""end"": 95}]"
33f8b8dc3c8c819442fe3724633f60a7a03ad0df08ed77cd8c5b8565e9d5daa0,"Скасовано арешт, який був накладений 19 серпня , з готівкових коштів $98 тис , 5225 євро , 430 фунтів стерлінгів .","[{""label"": ""DATE"", ""text"": ""19 серпня""}, {""label"": ""MON"", ""text"": ""$98 тис""}, {""label"": ""MON"", ""text"": ""5225 євро""}, {""label"": ""MON"", ""text"": ""430 фунтів стерлінгів""}]","[{""label"": ""DATE"", ""text"": ""19 серпня"", ""start"": 37, ""end"": 46}, {""label"": ""MON"", ""text"": ""$98 тис , 5225 євро , 430 фунтів стерлінгів"", ""start"": 69, ""end"": 112}]"
1c3903c8ccc1f69fa52795bf2fd6e611640aaf2eb84443612c55f64479b3a04e,"Гроші були вилучені 09.08.2017 детективами НАБУ під час обшуку в об'єднаних між собою квартирах по вул. Лаврська у Києві , що оформлені на матір судді , а також $ 1 тис , які вилучені 09.08.2017 детективами НАБУ під час обшуку службового кабінету судді Голяшкіна у ВАСУ . Слідчий суддя вказала, що НАБУ не надало їй жодних доказів того, що вилучені кошти можуть містити на собі сліди злочину, а також того, що ці гроші використовувались для проведення слідчих дій.","[{""label"": ""DATE"", ""text"": ""09.08.2017""}, {""label"": ""JOB"", ""text"": ""детективами""}, {""label"": ""ORG"", ""text"": ""НАБУ""}, {""label"": ""LOC"", ""text"": ""вул. Лаврська""}, {""label"": ""LOC"", ""text"": ""Києві""}, {""label"": ""JOB"", ""text"": ""судді""}, {""label"": ""MON"", ""text"": ""$ 1 тис""}, {""label"": ""DATE"", ""text"": ""09.08.2017""}, {""label"": ""JOB"", ""text"": ""детективами""}, {""label"": ""ORG"", ""text"": ""НАБУ""}, {""label"": ""JOB"", ""text"": ""судді""}, {""label"": ""PERS"", ""text"": ""Голяшкіна""}, {""label"": ""ORG"", ""text"": ""ВАСУ""}, {""label"": ""JOB"", ""text"": ""Слідчий суддя""}, {""label"": ""ORG"", ""text"": ""НАБУ""}]","[{""label"": ""DATE"", ""text"": ""09.08.2017"", ""start"": 20, ""end"": 30}, {""label"": ""ORG"", ""text"": ""НАБУ"", ""start"": 43, ""end"": 47}, {""label"": ""LOC"", ""text"": ""Києві"", ""start"": 115, ""end"": 120}, {""label"": ""JOB"", ""text"": ""судді"", ""start"": 145, ""end"": 150}, {""label"": ""MON"", ""text"": ""$ 1 тис"", ""start"": 161, ""end"": 168}, {""label"": ""DATE"", ""text"": ""09.08.2017"", ""start"": 184, ""end"": 194}, {""label"": ""ORG"", ""text"": ""НАБУ"", ""start"": 207, ""end"": 211}, {""label"": ""PERS"", ""text"": ""судді Голяшкіна"", ""start"": 247, ""end"": 262}, {""label"": ""LOC"", ""text"": ""ВАСУ"", ""start"": 265, ""end"": 269}, {""label"": ""JOB"", ""text"": ""суддя"", ""start"": 280, ""end"": 285}, {""label"": ""ORG"", ""text"": ""НАБУ"", ""start"": 298, ""end"": 302}]"
ba5f11fd3332f924186a7f58f2140412e783c213f8dfa7e2da042c66ec2764f6,"Вона вказала, що не отримала підтвердження того, що Голяшкіну повідомлено про підозру по ст. 366-1 (декларування недостовірної інформації) та чи проведено будь-які слідчі дії у даному кримінальному провадженні.","[{""label"": ""PERS"", ""text"": ""Голяшкіну""}, {""label"": ""DOC"", ""text"": ""ст. 366-1""}]","[{""label"": ""PERS"", ""text"": ""Вона"", ""start"": 0, ""end"": 4}, {""label"": ""PERS"", ""text"": ""Голяшкіну"", ""start"": 52, ""end"": 61}, {""label"": ""MISC"", ""text"": ""ст. 366-1"", ""start"": 89, ""end"": 98}]"
49311f51750c7b27c1a4155f6eb3d5cb8189e8638eae48fb240e4b923c381696,"При цьому вона додала, що санкція вказаної статті не передбачає конфіскації майна або спеціальної конфіскації.",[],"[{""label"": ""PERS"", ""text"": ""вона"", ""start"": 10, ""end"": 14}]"
cb71ecb41b59b62b63b15f48325c559e6e98f6cb12aec9fbb04efe23711c89bc,"Також, слідчий суддя зазначила, що з часу вилучення грошей детективи мали достатньо часу для проведення будь-яких слідчих дій щодо з'ясування про те, чи мають вони значення у даному кримінальному провадженні.","[{""label"": ""JOB"", ""text"": ""слідчий суддя""}, {""label"": ""JOB"", ""text"": ""детективи""}]","[{""label"": ""PERS"", ""text"": ""слідчий суддя"", ""start"": 7, ""end"": 20}, {""label"": ""JOB"", ""text"": ""детективи"", ""start"": 59, ""end"": 68}]"
97784f5865fbe9a4cabb9d343edbd99b945664c0d3a70d0c09ea42402537b3a2,"Зауважимо, що детектив у судовому засіданні заперечував проти зняття арешту з вилучених коштів, оскільки ще тривають слідчі дії, встановлюються обставини провадження, а вилучені кошти є речовими доказами.","[{""label"": ""JOB"", ""text"": ""детектив""}]","[{""label"": ""PERS"", ""text"": ""детектив"", ""start"": 14, ""end"": 22}, {""label"": ""MON"", ""text"": ""вилучених коштів"", ""start"": 78, ""end"": 94}, {""label"": ""ART"", ""text"": ""речовими доказами"", ""start"": 186, ""end"": 203}]"
b24d069dc97147360e6b6b6c82bfce654269baa116c4a886dec41e54bf1854ae,"При цьому він наголосив, що дружина Голяшкіна підтверджувала, що всі ці гроші є їх власністю.","[{""label"": ""PERS"", ""text"": ""Голяшкіна""}]","[{""label"": ""PERS"", ""text"": ""дружина Голяшкіна"", ""start"": 28, ""end"": 45}, {""label"": ""MON"", ""text"": ""всі ці гроші"", ""start"": 65, ""end"": 77}]"
b279e4b60e7b8added0e5dd5ec364046e53de17bae8e853babea11f0727869db,Дана ухвала оскарженню не підлягає.,[],"[{""label"": ""ART"", ""text"": ""Дана ухвала"", ""start"": 0, ""end"": 11}]"
96aac260b1c23d657b2747a6e10fed949def88b74f61e27341f3002a73512982,"Нагадаємо, 19 серпня арешт на вказані кошти слідчий наклала слідчий суддя Наталія Зубачик .","[{""label"": ""DATE"", ""text"": ""19 серпня""}, {""label"": ""JOB"", ""text"": ""слідчий суддя""}, {""label"": ""PERS"", ""text"": ""Наталія Зубачик""}]","[{""label"": ""DATE"", ""text"": ""19 серпня"", ""start"": 11, ""end"": 20}, {""label"": ""JOB"", ""text"": ""слідчий"", ""start"": 44, ""end"": 51}, {""label"": ""JOB"", ""text"": ""слідчий суддя"", ""start"": 60, ""end"": 73}, {""label"": ""PERS"", ""text"": ""Наталія Зубачик"", ""start"": 74, ""end"": 89}]"
7c5e781e76261725b1df8239ce00a9c082afe4d4c43dc58eaec746c26438b4db,"При цьому вона спиралася на те, що ці гроші визнано речовими доказами та можуть містити на собі сліди злочину. Управління праці та соцзахисту населення виконкому Криворізької міськради Дніпропетровської області 27 травня уклало угоди з ПП «Курорти Приазов'я» на послуги санаторно-курортного лікування.","[{""label"": ""ORG"", ""text"": ""Управління праці та соцзахисту населення виконкому Криворізької міськради Дніпропетровської області""}, {""label"": ""DATE"", ""text"": ""27 травня""}, {""label"": ""ORG"", ""text"": ""ПП «Курорти Приазов'я»""}]","[{""label"": ""MON"", ""text"": ""ці гроші"", ""start"": 35, ""end"": 43}, {""label"": ""ART"", ""text"": ""речовими доказами"", ""start"": 52, ""end"": 69}, {""label"": ""LOC"", ""text"": ""Дніпропетровської області"", ""start"": 185, ""end"": 210}, {""label"": ""DATE"", ""text"": ""27 травня"", ""start"": 211, ""end"": 220}, {""label"": ""ORG"", ""text"": ""ПП «Курорти Приазов'я»"", ""start"": 236, ""end"": 258}]"
9aae7207e4b1bcb793d0526a46b092dc16a1e8d8bc3f923e36c593aec96956e2,"Вартість угод складає 0,46 млн грн .","[{""label"": ""MON"", ""text"": ""0,46 млн грн""}]","[{""label"": ""MON"", ""text"": ""0,46 млн грн"", ""start"": 22, ""end"": 34}]"
a214e4e24bd6e2aae3a43180381b115a50a34c4c09990d72b6d5e0f812d2a043,Про це повідомляється у « Віснику державних закупівель ».,"[{""label"": ""ART"", ""text"": ""Віснику державних закупівель""}]","[{""label"": ""ORG"", ""text"": ""« Віснику державних закупівель »"", ""start"": 24, ""end"": 56}]"
1152567697313b7684a0f3706dc779fe9c57a5800f810d55d3c5172dbac7529c,"Послуги замовлено на період травень-листопад ( травень – вересень – 90% , жовтень – листопад - 10% ).","[{""label"": ""PERIOD"", ""text"": ""травень-листопад""}, {""label"": ""PERIOD"", ""text"": ""травень – вересень""}, {""label"": ""PCT"", ""text"": ""90%""}, {""label"": ""PERIOD"", ""text"": ""жовтень – листопад""}, {""label"": ""PCT"", ""text"": ""10%""}]","[{""label"": ""MISC"", ""text"": ""Послуги"", ""start"": 0, ""end"": 7}, {""label"": ""PERIOD"", ""text"": ""травень-листопад"", ""start"": 28, ""end"": 44}, {""label"": ""PERIOD"", ""text"": ""травень – вересень"", ""start"": 47, ""end"": 65}, {""label"": ""PCT"", ""text"": ""90%"", ""start"": 68, ""end"": 71}, {""label"": ""PERIOD"", ""text"": ""жовтень – листопад"", ""start"": 74, ""end"": 92}, {""label"": ""PCT"", ""text"": ""10%"", ""start"": 95, ""end"": 98}]"
774fc5382e19056162c0f35634e02b1a7db1486211ece10315a17f322cf190c7,Передбачено лікування органів травлення та обміну речовин.,[],[]
91728078c1df59d400e70ba9239862e16ee30ac4bf823cdfaebfaff0d715ec90,Всього 93 путівки.,[],"[{""label"": ""QUANT"", ""text"": ""93"", ""start"": 7, ""end"": 9}, {""label"": ""ART"", ""text"": ""путівки"", ""start"": 10, ""end"": 17}]"
7c62a9aa20534e885d50262f9df2c725f0e5043ec830291d0f5b4a411d97bf0c,Тривалість однієї оздоровчої зміни невідома.,[],"[{""label"": ""PERIOD"", ""text"": ""Тривалість однієї оздоровчої зміни"", ""start"": 0, ""end"": 34}]"
956ded8aea801ee87caf2ddf3dd4e7ff4b43f1cf77cf8c3a46a4c99fb43cca4e,Вартість однієї путівки складає 5124 і 4263 грн. (частину придбано з ПДВ і частину без).,"[{""label"": ""MON"", ""text"": ""5124""}, {""label"": ""MON"", ""text"": ""4263 грн.""}]",[]
4a8eea938a7780de5696132442dd389cc48ba7e98bb1c09a448a9847ebf6a80c,"Фірму « Курорти Приазов'я » заснував у 2001 р. Олександр Пономарьов , народний депутат , який обрався до Верховної Ради по бердянському мажоритарному округу №78 як безпартійний самовисуванець, донедавна був членом фракції Партії регіонів , а тепер позафракційний.","[{""label"": ""ORG"", ""text"": ""Курорти Приазов'я""}, {""label"": ""DATE"", ""text"": ""2001 р.""}, {""label"": ""PERS"", ""text"": ""Олександр Пономарьов""}, {""label"": ""JOB"", ""text"": ""народний депутат""}, {""label"": ""ORG"", ""text"": ""Верховної Ради""}, {""label"": ""LOC"", ""text"": ""бердянському мажоритарному округу №78""}, {""label"": ""ORG"", ""text"": ""Партії регіонів""}]","[{""label"": ""ORG"", ""text"": ""Фірму « Курорти Приазов'я »"", ""start"": 0, ""end"": 27}, {""label"": ""DATE"", ""text"": ""2001 р."", ""start"": 39, ""end"": 46}, {""label"": ""PERS"", ""text"": ""Олександр Пономарьов"", ""start"": 47, ""end"": 67}, {""label"": ""JOB"", ""text"": ""народний депутат"", ""start"": 70, ""end"": 86}, {""label"": ""LOC"", ""text"": ""бердянському мажоритарному округу №78"", ""start"": 123, ""end"": 160}, {""label"": ""JOB"", ""text"": ""безпартійний самовисуванець"", ""start"": 164, ""end"": 191}, {""label"": ""ORG"", ""text"": ""Партії регіонів"", ""start"": 222, ""end"": 237}, {""label"": ""JOB"", ""text"": ""позафракційний"", ""start"": 248, ""end"": 262}]"
3c019859ba31c2fd3cfac427fc67acb1636265d6fd5620cc36acfb205076da37,"Наприкінці 2012 року фірму переоформили на фізосіб, серед яких Валерій Сергійович Пономарьов , Олена Добича і Дмитро Вакал .","[{""label"": ""DATE"", ""text"": ""2012 року""}, {""label"": ""PERS"", ""text"": ""Валерій Сергійович Пономарьов""}, {""label"": ""PERS"", ""text"": ""Олена Добича""}, {""label"": ""PERS"", ""text"": ""Дмитро Вакал""}]","[{""label"": ""DATE"", ""text"": ""2012 року"", ""start"": 11, ""end"": 20}, {""label"": ""ORG"", ""text"": ""фірму"", ""start"": 21, ""end"": 26}, {""label"": ""PERS"", ""text"": ""Валерій Сергійович Пономарьов"", ""start"": 63, ""end"": 92}, {""label"": ""PERS"", ""text"": ""Олена Добича"", ""start"": 95, ""end"": 107}, {""label"": ""PERS"", ""text"": ""Дмитро Вакал"", ""start"": 110, ""end"": 122}]"
16b40fa8448217df96b171d0eb2685f302a11690ac0c64efc0abba9179322a25,"Згодом Валерій Пономарьов вийшов зі складу засновників , а його частку переоформили на Ігоря Добичу . Олена Добича , згідно з останніми даними SMIDA , володіє 10,22% акцій ПрАТ «Бердянський райагропромпостач» , головою правління якого Олександр Пономарьов був до свого обрання народним депутатом .","[{""label"": ""PERS"", ""text"": ""Валерій Пономарьов""}, {""label"": ""JOB"", ""text"": ""засновників""}, {""label"": ""PERS"", ""text"": ""Ігоря Добичу""}, {""label"": ""PERS"", ""text"": ""Олена Добича""}, {""label"": ""ORG"", ""text"": ""SMIDA""}, {""label"": ""PCT"", ""text"": ""10,22%""}, {""label"": ""ORG"", ""text"": ""ПрАТ «Бердянський райагропромпостач»""}, {""label"": ""PERS"", ""text"": ""Олександр Пономарьов""}, {""label"": ""JOB"", ""text"": ""народним депутатом""}]","[{""label"": ""PERS"", ""text"": ""Валерій Пономарьов"", ""start"": 7, ""end"": 25}, {""label"": ""PERS"", ""text"": ""Ігоря Добичу"", ""start"": 87, ""end"": 99}, {""label"": ""PERS"", ""text"": ""Олена Добича"", ""start"": 102, ""end"": 114}, {""label"": ""PCT"", ""text"": ""10,22%"", ""start"": 159, ""end"": 165}, {""label"": ""ORG"", ""text"": ""ПрАТ «Бердянський райагропромпостач»"", ""start"": 172, ""end"": 208}, {""label"": ""PERS"", ""text"": ""Олександр Пономарьов"", ""start"": 235, ""end"": 255}, {""label"": ""JOB"", ""text"": ""народним депутатом"", ""start"": 277, ""end"": 295}]"
a3d0cd3fc639c9aebe67b71f960a232ae4a9412771bbd0037725a97f7a10d428,В свою чергу Валерій Пономарьов до 2011 року був членом ревізійної комісії цього підприємства.,"[{""label"": ""PERS"", ""text"": ""Валерій Пономарьов""}, {""label"": ""DATE"", ""text"": ""2011 року""}]","[{""label"": ""PERS"", ""text"": ""Валерій Пономарьов"", ""start"": 13, ""end"": 31}, {""label"": ""DATE"", ""text"": ""2011 року"", ""start"": 35, ""end"": 44}, {""label"": ""JOB"", ""text"": ""ревізійної комісії"", ""start"": 56, ""end"": 74}, {""label"": ""ORG"", ""text"": ""підприємства"", ""start"": 81, ""end"": 93}]"
6b48d2eece70e7f984e954d2cca71bae7470abcb349ad0eae95306a9e1c1c4e1,"Під загальною назвою « Курортів Приазов'я » об'єднані санаторій « Нафтохімік України », база відпочинку « Бригантина », дитячий оздоровчий табір « Факел », санаторій « Арктика » та база відпочинку « Прибой ».","[{""label"": ""ORG"", ""text"": ""Курортів Приазов'я""}, {""label"": ""ORG"", ""text"": ""Нафтохімік України""}, {""label"": ""ORG"", ""text"": ""Бригантина""}, {""label"": ""ORG"", ""text"": ""Факел""}, {""label"": ""ORG"", ""text"": ""Арктика""}, {""label"": ""ORG"", ""text"": ""Прибой""}]","[{""label"": ""ORG"", ""text"": ""Курортів Приазов'я"", ""start"": 23, ""end"": 41}, {""label"": ""ORG"", ""text"": ""санаторій « Нафтохімік України »"", ""start"": 54, ""end"": 86}, {""label"": ""ORG"", ""text"": ""база відпочинку « Бригантина"", ""start"": 88, ""end"": 116}, {""label"": ""ORG"", ""text"": ""дитячий оздоровчий табір « Факел »"", ""start"": 120, ""end"": 154}, {""label"": ""ORG"", ""text"": ""санаторій « Арктика »"", ""start"": 156, ""end"": 177}, {""label"": ""ORG"", ""text"": ""база відпочинку « Прибой »"", ""start"": 181, ""end"": 207}]"
adb0b873209963d6c2838dfefa5745a35d2643e1c630dbf7f290c5dbcf9a9ceb,"Відомо, що минулого року ПП «Курорти Приазов'я» отримало більший підряд – на 1,04 млн грн . Цього року значна частина цих замовлень відійшла санаторіям Укрпрофоздоровниці , 24 квітня Управління праці та соцзахисту населення виконкому Криворізької міськради уклало з ними угоди на 1,16 млн грн ТОВ «Імені газети «Ізвєстія» повинно повернути в державну власність земельну ділянку зі ставком площею 54,78 га у Самійлівці Харківської області .","[{""label"": ""DATE"", ""text"": ""минулого року""}, {""label"": ""ORG"", ""text"": ""ПП «Курорти Приазов'я»""}, {""label"": ""MON"", ""text"": ""1,04 млн грн""}, {""label"": ""DATE"", ""text"": ""Цього року""}, {""label"": ""ORG"", ""text"": ""Укрпрофоздоровниці""}, {""label"": ""DATE"", ""text"": ""24 квітня""}, {""label"": ""ORG"", ""text"": ""Управління праці та соцзахисту населення виконкому Криворізької міськради""}, {""label"": ""MON"", ""text"": ""1,16 млн грн""}, {""label"": ""ORG"", ""text"": ""ТОВ «Імені газети «Ізвєстія»""}, {""label"": ""QUANT"", ""text"": ""54,78 га""}, {""label"": ""LOC"", ""text"": ""Самійлівці""}, {""label"": ""LOC"", ""text"": ""Харківської області""}]","[{""label"": ""ORG"", ""text"": ""ПП «Курорти Приазов'я»"", ""start"": 25, ""end"": 47}, {""label"": ""MON"", ""text"": ""1,04 млн грн"", ""start"": 77, ""end"": 89}, {""label"": ""ORG"", ""text"": ""Укрпрофоздоровниці"", ""start"": 152, ""end"": 170}, {""label"": ""DATE"", ""text"": ""24 квітня"", ""start"": 173, ""end"": 182}, {""label"": ""ORG"", ""text"": ""Управління праці та соцзахисту населення виконкому Криворізької міськради"", ""start"": 183, ""end"": 256}, {""label"": ""MON"", ""text"": ""1,16 млн грн"", ""start"": 280, ""end"": 292}, {""label"": ""ORG"", ""text"": ""ТОВ «Імені газети «Ізвєстія»"", ""start"": 293, ""end"": 321}, {""label"": ""LOC"", ""text"": ""Самійлівці Харківської області"", ""start"": 407, ""end"": 437}]"
79f6dc3d97b0905ecf5a52dd58caef6944fa2e8c07a4e5233bd6913d507fc969,"Про це йдеться у рішенні Харківського апеляційного господарського суду від 15 червня . 1 грудня 2011 року Близнюківська райдержадміністрація уклала угоду з ТОВ «Ім. газети «Ізвестія» про оренду 54,78 га для рибогосподарських потреб.","[{""label"": ""DOC"", ""text"": ""рішенні Харківського апеляційного господарського суду від 15 червня""}, {""label"": ""DATE"", ""text"": ""1 грудня 2011 року""}, {""label"": ""ORG"", ""text"": ""Близнюківська райдержадміністрація""}, {""label"": ""ORG"", ""text"": ""ТОВ «Ім. газети «Ізвестія»""}, {""label"": ""QUANT"", ""text"": ""54,78 га""}]","[{""label"": ""ORG"", ""text"": ""Харківського апеляційного господарського суду"", ""start"": 25, ""end"": 70}, {""label"": ""DATE"", ""text"": ""15 червня"", ""start"": 75, ""end"": 84}, {""label"": ""DATE"", ""text"": ""1 грудня 2011"", ""start"": 87, ""end"": 100}, {""label"": ""ORG"", ""text"": ""Близнюківська райдержадміністрація"", ""start"": 106, ""end"": 140}, {""label"": ""ORG"", ""text"": ""ТОВ «Ім. газети «Ізвестія»"", ""start"": 156, ""end"": 182}, {""label"": ""QUANT"", ""text"": ""54,78 га"", ""start"": 194, ""end"": 202}]"
ef64da8e37f625c71e74a89858e697708f58ecb0128fc333becf14f8540272f1,"Перед цим фірма отримала рішення Господарського суду Харківської області , який зобов'язав РДА укласти три договіра з нею на оренду ставків.","[{""label"": ""ORG"", ""text"": ""Господарського суду Харківської області""}, {""label"": ""ORG"", ""text"": ""РДА""}]","[{""label"": ""ORG"", ""text"": ""фірма"", ""start"": 10, ""end"": 15}, {""label"": ""ORG"", ""text"": ""Господарського суду Харківської області"", ""start"": 33, ""end"": 72}, {""label"": ""ORG"", ""text"": ""РДА"", ""start"": 91, ""end"": 94}, {""label"": ""QUANT"", ""text"": ""три"", ""start"": 103, ""end"": 106}]"
101d68b7c59caae21e72755b49373d05873ff04d4166b3cdf00fbd4cada821b3,"В одному з них якраз йшла мова про земельну ділянку площею 54,78 га .","[{""label"": ""QUANT"", ""text"": ""54,78 га""}]","[{""label"": ""QUANT"", ""text"": ""54,78 га"", ""start"": 59, ""end"": 67}]"
a944dda6acec7d24ea02d0613257b96f7cc4b1e2a09ce9399349e971f4a64294,"В позові, який задовольнив суд, фірма вказала, що раніше отримала від чиновників райдержадміністрації дозвіл на розроблення проектів землеустрою по цим ділянкам і підготувала їх.",[],"[{""label"": ""ORG"", ""text"": ""суд"", ""start"": 27, ""end"": 30}, {""label"": ""ORG"", ""text"": ""фірма"", ""start"": 32, ""end"": 37}, {""label"": ""ORG"", ""text"": ""райдержадміністрації"", ""start"": 81, ""end"": 101}, {""label"": ""MISC"", ""text"": ""проектів землеустрою"", ""start"": 124, ""end"": 144}]"
50819bff1852504d776db945e53f76d4dbb4643e1816f5b961713d87018b61a1,"Але через дії РДА фірма не змогла подати їх на розгляд в строк, а тому вони не були затверджені.","[{""label"": ""ORG"", ""text"": ""РДА""}]","[{""label"": ""ORG"", ""text"": ""РДА"", ""start"": 14, ""end"": 17}, {""label"": ""ORG"", ""text"": ""фірма"", ""start"": 18, ""end"": 23}, {""label"": ""PERIOD"", ""text"": ""строк"", ""start"": 57, ""end"": 62}]"
96b2e598f86dba9335622cdb04a9a4a155b18e14cac5489f2d189ea9fcbbc5db,Суд тоді підтримав позов ТОВ «Імені газети «Ізвєстія» .,"[{""label"": ""ORG"", ""text"": ""ТОВ «Імені газети «Ізвєстія»""}]","[{""label"": ""ORG"", ""text"": ""Суд"", ""start"": 0, ""end"": 3}, {""label"": ""ORG"", ""text"": ""ТОВ «Імені газети «Ізвєстія»"", ""start"": 25, ""end"": 53}]"
df82685c79f90878744363041a3c35e2c8ad4e4fac4f90dd0d8d86139880361c,"Саме на основі цього судового рішення фірма отримала без земельного аукціону в користування на 49 років спірну ділянку, яка розташована на території Самійлівської сільсьради .","[{""label"": ""PERIOD"", ""text"": ""49 років""}, {""label"": ""ORG"", ""text"": ""Самійлівської сільсьради""}]","[{""label"": ""ORG"", ""text"": ""фірма"", ""start"": 38, ""end"": 43}, {""label"": ""PERIOD"", ""text"": ""49 років"", ""start"": 95, ""end"": 103}, {""label"": ""MISC"", ""text"": ""спірну ділянку"", ""start"": 104, ""end"": 118}, {""label"": ""LOC"", ""text"": ""Самійлівської сільсьради"", ""start"": 149, ""end"": 173}]"
8722a52e8cfc33f3fe1feadd89f10afe84fb42acb03d90bfeb765dace0c118a3,В 2012 році прокуратурі вдалося скасувати рішення Господарського суду Харківської області в апеляційному суд та Вищому господарському судді .,"[{""label"": ""DATE"", ""text"": ""2012 році""}, {""label"": ""ORG"", ""text"": ""Господарського суду Харківської області""}, {""label"": ""ORG"", ""text"": ""апеляційному суд""}, {""label"": ""ORG"", ""text"": ""Вищому господарському судді""}]","[{""label"": ""DATE"", ""text"": ""2012 році"", ""start"": 2, ""end"": 11}, {""label"": ""ORG"", ""text"": ""прокуратурі"", ""start"": 12, ""end"": 23}, {""label"": ""ORG"", ""text"": ""Господарського суду Харківської області"", ""start"": 50, ""end"": 89}, {""label"": ""ORG"", ""text"": ""апеляційному суд"", ""start"": 92, ""end"": 108}, {""label"": ""JOB"", ""text"": ""Вищому господарському судді"", ""start"": 112, ""end"": 139}]"
e67440dc991dbf09bbbe798f9cf40c7257499f626daf2475d56c4b30b4dd3a46,"Щоправда, ТОВ «Імені газети «Ізвєстія» розпочало нове коле судових слухань, в результаті яких в квітні 2014 року Вищий господарський суд направив справу на новий розгляд.","[{""label"": ""ORG"", ""text"": ""ТОВ «Імені газети «Ізвєстія»""}, {""label"": ""DATE"", ""text"": ""квітні 2014 року""}, {""label"": ""ORG"", ""text"": ""Вищий господарський суд""}]","[{""label"": ""ORG"", ""text"": ""ТОВ «Імені газети «Ізвєстія»"", ""start"": 10, ""end"": 38}, {""label"": ""DATE"", ""text"": ""квітні 2014"", ""start"": 96, ""end"": 107}, {""label"": ""ORG"", ""text"": ""Вищий господарський суд"", ""start"": 113, ""end"": 136}]"
ca9033517cd16a7f7c6f8817f28151b826e7420277aee0f8b7086a5eba211b34,В 2015 році прокуратура знову звернулася до суду з позовом про повернення земельної ділянки зі ставком у власність держави і виграла суд першої інстанції.,"[{""label"": ""DATE"", ""text"": ""2015 році""}]","[{""label"": ""ORG"", ""text"": ""прокуратура"", ""start"": 12, ""end"": 23}, {""label"": ""ART"", ""text"": ""земельної ділянки"", ""start"": 74, ""end"": 91}, {""label"": ""PCT"", ""text"": ""ставком"", ""start"": 95, ""end"": 102}, {""label"": ""ORG"", ""text"": ""суд першої інстанції"", ""start"": 133, ""end"": 153}]"
cdc2e17e35816afb607ea5959ed47569391b1102bfea26a2bd87bdacc24c87bb,"Тепер апеляція підтвердила, що фірма має повернути в державну власність орендований ставок.",[],"[{""label"": ""ORG"", ""text"": ""апеляція"", ""start"": 6, ""end"": 14}, {""label"": ""ORG"", ""text"": ""фірма"", ""start"": 31, ""end"": 36}]"
cdb4ee2aea69cc6a83331bbe96dc2caa9a299d21329efb0336fc02a82e1839a8,.,[],[]
eb83a8e23e04888286ecd9ae7d627a25f99e468f6f12e72e7adde92191edeebd,"Суд першої інстанції задовольнив цей позов, а апеляція підтвердила рішення першої інстанції. Засновником ТОВ «Імені газети «Ізвєстія» є депутат Харківської облради , член постійної комісії з питань з питань аграрної політики, земельних відносин та природокористування Сергій Глобенко .","[{""label"": ""JOB"", ""text"": ""Засновником""}, {""label"": ""ORG"", ""text"": ""ТОВ «Імені газети «Ізвєстія»""}, {""label"": ""JOB"", ""text"": ""депутат""}, {""label"": ""ORG"", ""text"": ""Харківської облради""}, {""label"": ""JOB"", ""text"": ""член постійної комісії з питань з питань аграрної політики, земельних відносин та природокористування""}, {""label"": ""PERS"", ""text"": ""Сергій Глобенко""}]","[{""label"": ""ORG"", ""text"": ""Суд першої інстанції"", ""start"": 0, ""end"": 20}, {""label"": ""ORG"", ""text"": ""ТОВ «Імені газети «Ізвєстія»"", ""start"": 105, ""end"": 133}, {""label"": ""LOC"", ""text"": ""Харківської облради"", ""start"": 144, ""end"": 163}, {""label"": ""PERS"", ""text"": ""Сергій Глобенко"", ""start"": 268, ""end"": 283}]"
f8682fd5369a0d79609e71b224e3d8b98f9a60c24c85f19bda298e85a52dc73a,"У облраду він потрапив за списком партії Сергія Тігіпка « Сильна Україна ». Міністерство економіки погодило управлінню « Укрспортзабезпечення » Мінсім'ї, молоді та спорту закупівлю послуг з організації чемпіонату світу серед юніорів по хокею з шайбою вартістю 998,80 тис грн .","[{""label"": ""PERS"", ""text"": ""Сергія Тігіпка""}, {""label"": ""ORG"", ""text"": ""Сильна Україна""}, {""label"": ""ORG"", ""text"": ""Міністерство економіки""}, {""label"": ""ORG"", ""text"": ""Укрспортзабезпечення""}, {""label"": ""ORG"", ""text"": ""Мінсім'ї, молоді та спорту""}, {""label"": ""MON"", ""text"": ""998,80 тис грн""}]","[{""label"": ""LOC"", ""text"": ""облраду"", ""start"": 2, ""end"": 9}, {""label"": ""PERS"", ""text"": ""Сергія Тігіпка"", ""start"": 41, ""end"": 55}, {""label"": ""ORG"", ""text"": ""Сильна Україна"", ""start"": 58, ""end"": 72}, {""label"": ""ORG"", ""text"": ""Міністерство економіки"", ""start"": 76, ""end"": 98}, {""label"": ""ORG"", ""text"": ""Укрспортзабезпечення"", ""start"": 121, ""end"": 141}, {""label"": ""ORG"", ""text"": ""Мінсім'ї, молоді та спорту"", ""start"": 144, ""end"": 170}, {""label"": ""MON"", ""text"": ""998,80 тис грн"", ""start"": 260, ""end"": 274}]"
f6caf9e1ec4735ee635225bea2855853399e4ff3d345ebd77a4cbc65b790e1d7,Про це повідомляється в « Віснику державних закупівель ».,"[{""label"": ""ART"", ""text"": ""Віснику державних закупівель""}]","[{""label"": ""ORG"", ""text"": ""« Віснику державних закупівель »"", ""start"": 24, ""end"": 56}]"
76d9eb7d96633d456e50cf6b1174e1b70e6fde87eb5b13be807ce1cd9461bd2e,"Закупівля послуг, які надасть Федерація хокею України , проведена за неконкурентною процедурою «закупівля у одного учасника». ФХУ очолює близький до прем'єра Миколи Азарова голова націоналізованого « Укргазбанку » Анатолій Брезвін .","[{""label"": ""ORG"", ""text"": ""Федерація хокею України""}, {""label"": ""ORG"", ""text"": ""ФХУ""}, {""label"": ""JOB"", ""text"": ""прем'єра""}, {""label"": ""PERS"", ""text"": ""Миколи Азарова""}, {""label"": ""JOB"", ""text"": ""голова""}, {""label"": ""ORG"", ""text"": ""Укргазбанку""}, {""label"": ""PERS"", ""text"": ""Анатолій Брезвін""}]","[{""label"": ""ORG"", ""text"": ""Федерація хокею України"", ""start"": 30, ""end"": 53}, {""label"": ""PERS"", ""text"": ""Миколи Азарова"", ""start"": 158, ""end"": 172}, {""label"": ""PERS"", ""text"": ""Анатолій Брезвін"", ""start"": 214, ""end"": 230}]"
cb958343d340d6a123a37657aee4c490c03ff08de7359ac43ea45ed43efccb3d,Чемпіонат світу серед юніорів (до 18 років) у другому дивізіоні (група В) пройде 27 березня-2 квітня 2011 року в Донецьку .,"[{""label"": ""PERIOD"", ""text"": ""27 березня-2 квітня 2011 року""}, {""label"": ""LOC"", ""text"": ""Донецьку""}]","[{""label"": ""DATE"", ""text"": ""27 березня-2 квітня 2011"", ""start"": 81, ""end"": 105}, {""label"": ""LOC"", ""text"": ""Донецьку"", ""start"": 113, ""end"": 121}]"
1fd714f010073094d908e815bc8948b840aece993735477f47944b1769138555,"Окрім збірної України в цій групі також грають збірні Литви , Іспанії , Нідерландів , Бельгії та Китаю .","[{""label"": ""LOC"", ""text"": ""України""}, {""label"": ""LOC"", ""text"": ""Литви""}, {""label"": ""LOC"", ""text"": ""Іспанії""}, {""label"": ""LOC"", ""text"": ""Нідерландів""}, {""label"": ""LOC"", ""text"": ""Бельгії""}, {""label"": ""LOC"", ""text"": ""Китаю""}]","[{""label"": ""ORG"", ""text"": ""збірної України"", ""start"": 6, ""end"": 21}, {""label"": ""ORG"", ""text"": ""збірні Литви"", ""start"": 47, ""end"": 59}]"
775bef3283fb31f183c30416f91ad569c89752bf628712685f404167b2996784,Всього буде зіграно 15 матчів.,[],"[{""label"": ""QUANT"", ""text"": ""15 матчів"", ""start"": 20, ""end"": 29}]"
9331c7f44a303932657d936f1ba9b4260b6e78a5830543d536dda255d928f0b6,"Розклад тут. http: / / donetsk- hockey2011. org. ua / index. php? option = com_content&view = article&id = 60&Itemid = 37&lang = uk Група А, в яку потрапили збірні Австрії , Румунії , Хорватії , Сербії , Естонії та Нової Зеландії , зіграє в румунському Брашові 19-25 березня .","[{""label"": ""MISC"", ""text"": ""http: / / donetsk- hockey2011. org. ua / index. php? option = com_content&view = article&id = 60&Itemid = 37&lang = uk""}, {""label"": ""LOC"", ""text"": ""Австрії""}, {""label"": ""LOC"", ""text"": ""Румунії""}, {""label"": ""LOC"", ""text"": ""Хорватії""}, {""label"": ""LOC"", ""text"": ""Сербії""}, {""label"": ""LOC"", ""text"": ""Естонії""}, {""label"": ""LOC"", ""text"": ""Нової Зеландії""}, {""label"": ""LOC"", ""text"": ""Брашові""}, {""label"": ""PERIOD"", ""text"": ""19-25 березня""}]","[{""label"": ""ORG"", ""text"": ""Група А"", ""start"": 132, ""end"": 139}, {""label"": ""DATE"", ""text"": ""19-25 березня"", ""start"": 261, ""end"": 274}]"
d205616db9f467de56ad9a89980222d055b5947f10b092626af8c8d540e41152,Другий дивізіон юніорського чемпіонату світу – це передостанній по силі дивізіон в ієрархії Міжнародної федерації хокею .,"[{""label"": ""ORG"", ""text"": ""Міжнародної федерації хокею""}]","[{""label"": ""MISC"", ""text"": ""Другий дивізіон юніорського чемпіонату світу"", ""start"": 0, ""end"": 44}, {""label"": ""ORG"", ""text"": ""Міжнародної федерації хокею"", ""start"": 92, ""end"": 119}]"
c695df3a73c335d02f8477e71be19b4644aac7e35a595bc4cefa507a4741ab8c,"Найгірші команди за результатами ігор в Румунії та Україні вилітають в третій дивізіон, куди входять найслабкіші збірні. Цього року це Австралія , Турція , Болгарія , Тайвань , Монголія , Ісландія , Мексика , ПАР , Ізраїль , Ірландія .","[{""label"": ""LOC"", ""text"": ""Румунії""}, {""label"": ""LOC"", ""text"": ""Україні""}, {""label"": ""DATE"", ""text"": ""Цього року""}, {""label"": ""LOC"", ""text"": ""Австралія""}, {""label"": ""LOC"", ""text"": ""Турція""}, {""label"": ""LOC"", ""text"": ""Болгарія""}, {""label"": ""LOC"", ""text"": ""Тайвань""}, {""label"": ""LOC"", ""text"": ""Монголія""}, {""label"": ""LOC"", ""text"": ""Ісландія""}, {""label"": ""LOC"", ""text"": ""Мексика""}, {""label"": ""LOC"", ""text"": ""ПАР""}, {""label"": ""LOC"", ""text"": ""Ізраїль""}, {""label"": ""LOC"", ""text"": ""Ірландія""}]","[{""label"": ""LOC"", ""text"": ""Румунії та Україні"", ""start"": 40, ""end"": 58}]"
34cc161f51439e0b457f386648483b438be9ee3b94fa266cc65d48576672ddb1,"Переможці україно-румунського турніру наступного року потраплять в більш сильний перший дивізіон, куди цього року входять Білорусь , Латвія , Угорщина , Японія , Казахстан , Великобританія , Італія , Данія , Польща , Франція , Корея , Словенія .","[{""label"": ""DATE"", ""text"": ""наступного року""}, {""label"": ""DATE"", ""text"": ""цього року""}, {""label"": ""LOC"", ""text"": ""Білорусь""}, {""label"": ""LOC"", ""text"": ""Латвія""}, {""label"": ""LOC"", ""text"": ""Угорщина""}, {""label"": ""LOC"", ""text"": ""Японія""}, {""label"": ""LOC"", ""text"": ""Казахстан""}, {""label"": ""LOC"", ""text"": ""Великобританія""}, {""label"": ""LOC"", ""text"": ""Італія""}, {""label"": ""LOC"", ""text"": ""Данія""}, {""label"": ""LOC"", ""text"": ""Польща""}, {""label"": ""LOC"", ""text"": ""Франція""}, {""label"": ""LOC"", ""text"": ""Корея""}, {""label"": ""LOC"", ""text"": ""Словенія""}]","[{""label"": ""DATE"", ""text"": ""наступного року"", ""start"": 38, ""end"": 53}]"
3067658b93b6c7bcd9ecba97174d7577d3d5b4d6bd51a0f551be475144df4af2,"Переможці першого дивізіону змагаються за право приймати участь в юніорському чемпіонаті світу серед найсильніших збірних, до числа яких цього року входять: США , Росія , Швейцарія , Словаччина , Германія , Швеція , Фінляндія , Чехія , Канада , Норвегія ДП «Укрзалізничпостач» 8-15 лютого за результатами тендерів уклало угоди на постачання товарів та послуг на 573,84 млн грн .","[{""label"": ""DATE"", ""text"": ""цього року""}, {""label"": ""LOC"", ""text"": ""США""}, {""label"": ""LOC"", ""text"": ""Росія""}, {""label"": ""LOC"", ""text"": ""Швейцарія""}, {""label"": ""LOC"", ""text"": ""Словаччина""}, {""label"": ""LOC"", ""text"": ""Германія""}, {""label"": ""LOC"", ""text"": ""Швеція""}, {""label"": ""LOC"", ""text"": ""Фінляндія""}, {""label"": ""LOC"", ""text"": ""Чехія""}, {""label"": ""LOC"", ""text"": ""Канада""}, {""label"": ""LOC"", ""text"": ""Норвегія""}, {""label"": ""ORG"", ""text"": ""ДП «Укрзалізничпостач»""}, {""label"": ""PERIOD"", ""text"": ""8-15 лютого""}, {""label"": ""MON"", ""text"": ""573,84 млн грн""}]","[{""label"": ""ORG"", ""text"": ""ДП «Укрзалізничпостач»"", ""start"": 254, ""end"": 276}, {""label"": ""DATE"", ""text"": ""8-15 лютого"", ""start"": 277, ""end"": 288}, {""label"": ""MON"", ""text"": ""573,84 млн грн"", ""start"": 362, ""end"": 376}]"
f6caf9e1ec4735ee635225bea2855853399e4ff3d345ebd77a4cbc65b790e1d7,Про це повідомляється в « Віснику державних закупівель ».,"[{""label"": ""ART"", ""text"": ""Віснику державних закупівель""}]","[{""label"": ""ORG"", ""text"": ""« Віснику державних закупівель »"", ""start"": 24, ""end"": 56}]"
0dd91409f70327743e512a920d224790ad987636172abcd96d068e6cb23bffd5,"Левова частка усіх закупівель припали на компанії з групи Ріната Ахметова . ТОВ «Метінвест-СМЦ» отримає 321,91 млн грн. за металопрокат. ТОВ «ДТЕК трейдінг» заробить 35,85 млн грн. за вугілля.","[{""label"": ""PERS"", ""text"": ""Ріната Ахметова""}, {""label"": ""ORG"", ""text"": ""ТОВ «Метінвест-СМЦ»""}, {""label"": ""MON"", ""text"": ""321,91 млн грн.""}, {""label"": ""ORG"", ""text"": ""ТОВ «ДТЕК трейдінг»""}, {""label"": ""MON"", ""text"": ""35,85 млн грн.""}]","[{""label"": ""PCT"", ""text"": ""Левова частка"", ""start"": 0, ""end"": 13}, {""label"": ""PERS"", ""text"": ""Ріната Ахметова"", ""start"": 58, ""end"": 73}, {""label"": ""ORG"", ""text"": ""ТОВ «Метінвест-СМЦ"", ""start"": 76, ""end"": 94}, {""label"": ""MISC"", ""text"": ""металопрокат"", ""start"": 123, ""end"": 135}, {""label"": ""ORG"", ""text"": ""ТОВ «ДТЕК трейдінг"", ""start"": 137, ""end"": 155}, {""label"": ""MON"", ""text"": ""35,85 млн грн."", ""start"": 166, ""end"": 180}]"
5383e62a02ab80c6bf0319e7f967edc2d1da931160464457b1f40cb10d9390e5,"Також значні підряди отримали ТОВ «Автономні джерела струму» (« АДС ») – 102,73 млн грн .","[{""label"": ""ORG"", ""text"": ""ТОВ «Автономні джерела струму»""}, {""label"": ""ORG"", ""text"": ""АДС""}, {""label"": ""MON"", ""text"": ""102,73 млн грн""}]","[{""label"": ""ORG"", ""text"": ""ТОВ «Автономні джерела струму»"", ""start"": 30, ""end"": 60}, {""label"": ""MON"", ""text"": ""102,73 млн грн"", ""start"": 73, ""end"": 87}]"
52aff2a22ce6cc49d92a973e58d8865978b0743adbd3cc09cda2ae08daad52fe,Фірмі належить завод у Львівській області .,"[{""label"": ""LOC"", ""text"": ""Львівській області""}]","[{""label"": ""ORG"", ""text"": ""Фірмі"", ""start"": 0, ""end"": 5}, {""label"": ""ORG"", ""text"": ""завод"", ""start"": 15, ""end"": 20}, {""label"": ""LOC"", ""text"": ""Львівській області"", ""start"": 23, ""end"": 41}]"
171f7338eaec918574dd4ca7f8db8012134444d086a016f1a6f8fd260887cce8,"До середини 2011 року фірму контролював львів'янин Валерій Крисько , тендерні здобутки « АДС » у 2008-2011 роках становили 72,09 млн грн .","[{""label"": ""DATE"", ""text"": ""середини 2011 року""}, {""label"": ""PERS"", ""text"": ""Валерій Крисько""}, {""label"": ""ORG"", ""text"": ""АДС""}, {""label"": ""PERIOD"", ""text"": ""2008-2011 роках""}, {""label"": ""MON"", ""text"": ""72,09 млн грн""}]","[{""label"": ""DATE"", ""text"": ""середини 2011 року"", ""start"": 3, ""end"": 21}, {""label"": ""JOB"", ""text"": ""львів'янин"", ""start"": 40, ""end"": 50}, {""label"": ""PERS"", ""text"": ""Валерій Крисько"", ""start"": 51, ""end"": 66}, {""label"": ""ORG"", ""text"": ""АДС"", ""start"": 89, ""end"": 92}, {""label"": ""PERIOD"", ""text"": ""2008-2011 роках"", ""start"": 97, ""end"": 112}, {""label"": ""MON"", ""text"": ""72,09 млн грн"", ""start"": 123, ""end"": 136}]"
61051f7430ca3306918bc44441854dc615c97afce7ac05d675c03cde8fc093fb,"Після зміни власників у 2011 році фірма отримала державні підряди вже на 148,01 млн грн . 25% статутного капіталу « АДС » перейшло до донецького ТОВ «Фріленд Україна» Івана Челпана та Олени Амітан , ще 25% – донецькому ТОВ «Велью ессет менеджмент» Катерини Амеліної . Олена Амітан відома як керівник ПАТ «Альтана Капітал» .","[{""label"": ""DATE"", ""text"": ""2011 році""}, {""label"": ""MON"", ""text"": ""148,01 млн грн""}, {""label"": ""PCT"", ""text"": ""25%""}, {""label"": ""ORG"", ""text"": ""АДС""}, {""label"": ""ORG"", ""text"": ""ТОВ «Фріленд Україна»""}, {""label"": ""PERS"", ""text"": ""Івана Челпана""}, {""label"": ""PERS"", ""text"": ""Олени Амітан""}, {""label"": ""PCT"", ""text"": ""25%""}, {""label"": ""ORG"", ""text"": ""ТОВ «Велью ессет менеджмент»""}, {""label"": ""PERS"", ""text"": ""Катерини Амеліної""}, {""label"": ""PERS"", ""text"": ""Олена Амітан""}, {""label"": ""JOB"", ""text"": ""керівник""}, {""label"": ""ORG"", ""text"": ""ПАТ «Альтана Капітал»""}]","[{""label"": ""DATE"", ""text"": ""2011 році"", ""start"": 24, ""end"": 33}, {""label"": ""MON"", ""text"": ""148,01 млн грн"", ""start"": 73, ""end"": 87}, {""label"": ""PCT"", ""text"": ""25%"", ""start"": 90, ""end"": 93}, {""label"": ""ORG"", ""text"": ""ТОВ «Фріленд Україна»"", ""start"": 145, ""end"": 166}, {""label"": ""PERS"", ""text"": ""Івана Челпана"", ""start"": 167, ""end"": 180}, {""label"": ""PERS"", ""text"": ""Олени Амітан"", ""start"": 184, ""end"": 196}, {""label"": ""PCT"", ""text"": ""25%"", ""start"": 202, ""end"": 205}, {""label"": ""ORG"", ""text"": ""Велью ессет менеджмент"", ""start"": 224, ""end"": 246}, {""label"": ""PERS"", ""text"": ""Катерини Амеліної"", ""start"": 248, ""end"": 265}, {""label"": ""PERS"", ""text"": ""Олена Амітан"", ""start"": 268, ""end"": 280}, {""label"": ""JOB"", ""text"": ""керівник"", ""start"": 291, ""end"": 299}]"
4705598dc7d1af17cce9e669a919e646cdf11cf3c1c0757bb9deecc7ce5017fa,Ця компанія до 2007 року називалась « Керамет інвест » і була відома як фактично інвестиційний підрозділ групи Ахметова .,"[{""label"": ""DATE"", ""text"": ""2007 року""}, {""label"": ""ORG"", ""text"": ""Керамет інвест""}, {""label"": ""PERS"", ""text"": ""Ахметова""}]","[{""label"": ""DATE"", ""text"": ""2007 року"", ""start"": 15, ""end"": 24}, {""label"": ""ORG"", ""text"": ""Керамет інвест"", ""start"": 38, ""end"": 52}, {""label"": ""PERS"", ""text"": ""групи Ахметова"", ""start"": 105, ""end"": 119}]"
6ae01235e3d2f36f0b780b6e3115758a810f97d1506375ae2609202737a2791b,В 2007 році власник і керівник фірми Ігор Прасолов (нинішній міністр економічного розвитку ) став народним депутатом від Партії регіонів .,"[{""label"": ""DATE"", ""text"": ""2007 році""}, {""label"": ""JOB"", ""text"": ""керівник""}, {""label"": ""PERS"", ""text"": ""Ігор Прасолов""}, {""label"": ""JOB"", ""text"": ""міністр економічного розвитку""}, {""label"": ""JOB"", ""text"": ""народним депутатом""}, {""label"": ""ORG"", ""text"": ""Партії регіонів""}]","[{""label"": ""DATE"", ""text"": ""2007 році"", ""start"": 2, ""end"": 11}, {""label"": ""PERS"", ""text"": ""Ігор Прасолов"", ""start"": 37, ""end"": 50}, {""label"": ""JOB"", ""text"": ""нинішній міністр економічного розвитку"", ""start"": 52, ""end"": 90}, {""label"": ""JOB"", ""text"": ""народним депутатом"", ""start"": 98, ""end"": 116}, {""label"": ""ORG"", ""text"": ""Партії регіонів"", ""start"": 121, ""end"": 136}]"
254c390ccd1a8e95d6bc6ce995578294315b5b0dc5208ed25bc597c8a251c6ce,"Компанію було продано Анатолію Амеліну , бізнес-партнеру Олександра Януковича по ТОВ «Столичний стиль» .","[{""label"": ""PERS"", ""text"": ""Анатолію Амеліну""}, {""label"": ""JOB"", ""text"": ""бізнес-партнеру""}, {""label"": ""PERS"", ""text"": ""Олександра Януковича""}, {""label"": ""ORG"", ""text"": ""ТОВ «Столичний стиль»""}]","[{""label"": ""ORG"", ""text"": ""Компанію"", ""start"": 0, ""end"": 8}, {""label"": ""PERS"", ""text"": ""Анатолію Амеліну"", ""start"": 22, ""end"": 38}, {""label"": ""PERS"", ""text"": ""Олександра Януковича"", ""start"": 57, ""end"": 77}, {""label"": ""ORG"", ""text"": ""ТОВ «Столичний стиль»"", ""start"": 81, ""end"": 102}]"
3057cf4d09a00c3f16add30c49635ad75cef3ea5562d30413404f8dea1be427c,"В 2010 році Амелін був призначений на роботу у НКЦБФР , за даними прес-служби нацкомісії він тоді ж вийшов із власності « Альтани ».","[{""label"": ""DATE"", ""text"": ""2010 році""}, {""label"": ""PERS"", ""text"": ""Амелін""}, {""label"": ""ORG"", ""text"": ""НКЦБФР""}, {""label"": ""ORG"", ""text"": ""нацкомісії""}, {""label"": ""ORG"", ""text"": ""Альтани""}]","[{""label"": ""DATE"", ""text"": ""2010 році"", ""start"": 2, ""end"": 11}, {""label"": ""PERS"", ""text"": ""Амелін"", ""start"": 12, ""end"": 18}, {""label"": ""ORG"", ""text"": ""НКЦБФР"", ""start"": 47, ""end"": 53}]"
1a72566bb90f6f4f7eb1413ed1ac8be9e51c5884d3db7b50503592a7bfc16b22,Наразі єдиним акціонером « Альтани-капітал » є віргінський офшор « Altana limited ».,"[{""label"": ""ORG"", ""text"": ""Альтани-капітал""}, {""label"": ""ORG"", ""text"": ""Altana limited""}]","[{""label"": ""ORG"", ""text"": ""Альтани-капітал"", ""start"": 27, ""end"": 42}, {""label"": ""ORG"", ""text"": ""Altana limited"", ""start"": 67, ""end"": 81}]"
d9cea795459d096424edd4835fb9c85948e0921904cc6b5851ff97930ff65f22,"Окрім цього значні підряди « Укрзалізничпостачу » отримали ТОВ «Електротехнічна компанія «Зеніт» – 35,47 млн грн. , ТОВ «ТД Сумський ЗГТВ , Лебединський МБДЕЗ «ТЕМП» – 23,24 млн грн. , ТОВ «Машбудресурс» – 15,71 млн грн. , ТОВ «ТД «Енергетичне Машинобудування» – 13,95 млн грн Суд відмовився задовольнити позов ТОВ «Фінансова компанія «Новий регіон» про стягнення з Київради 39,17 млн грн. збитків.","[{""label"": ""ORG"", ""text"": ""Укрзалізничпостачу""}, {""label"": ""ORG"", ""text"": ""ТОВ «Електротехнічна компанія «Зеніт»""}, {""label"": ""MON"", ""text"": ""35,47 млн грн.""}, {""label"": ""ORG"", ""text"": ""ТОВ «ТД Сумський ЗГТВ""}, {""label"": ""ORG"", ""text"": ""Лебединський МБДЕЗ «ТЕМП»""}, {""label"": ""MON"", ""text"": ""23,24 млн грн.""}, {""label"": ""ORG"", ""text"": ""ТОВ «Машбудресурс»""}, {""label"": ""MON"", ""text"": ""15,71 млн грн.""}, {""label"": ""ORG"", ""text"": ""ТОВ «ТД «Енергетичне Машинобудування»""}, {""label"": ""MON"", ""text"": ""13,95 млн грн""}, {""label"": ""ORG"", ""text"": ""ТОВ «Фінансова компанія «Новий регіон»""}, {""label"": ""ORG"", ""text"": ""Київради""}, {""label"": ""MON"", ""text"": ""39,17 млн грн.""}]","[{""label"": ""ORG"", ""text"": ""Укрзалізничпостачу"", ""start"": 29, ""end"": 47}, {""label"": ""ORG"", ""text"": ""ТОВ «Електротехнічна компанія «Зеніт»"", ""start"": 59, ""end"": 96}, {""label"": ""MON"", ""text"": ""35,47 млн грн"", ""start"": 99, ""end"": 112}, {""label"": ""ORG"", ""text"": ""ТОВ «ТД Сумський ЗГТВ , Лебединський МБДЕЗ «ТЕМП»"", ""start"": 116, ""end"": 165}, {""label"": ""MON"", ""text"": ""23,24 млн грн"", ""start"": 168, ""end"": 181}, {""label"": ""ORG"", ""text"": ""ТОВ «Машбудресурс»"", ""start"": 185, ""end"": 203}, {""label"": ""MON"", ""text"": ""15,71 млн грн."", ""start"": 206, ""end"": 220}, {""label"": ""ORG"", ""text"": ""ТОВ «ТД «Енергетичне Машинобудування"", ""start"": 223, ""end"": 259}, {""label"": ""MON"", ""text"": ""13,95 млн грн"", ""start"": 263, ""end"": 276}, {""label"": ""ORG"", ""text"": ""ТОВ «Фінансова компанія «Новий регіон»"", ""start"": 311, ""end"": 349}, {""label"": ""MON"", ""text"": ""39,17 млн грн"", ""start"": 375, ""end"": 388}]"
f0c96f84be7ad7117b59ffdfa7139287effcad40a61655681bc939248c5b37ba,"Про це свідчить постанова Вищого господарського суду від 20 січня . Навесні 2014 року компанія « Новий регіон » звернулася до суду з вимогою стягнути з Київради 32,17 млн грн. прямих збитків і 6,99 млн грн. упущеної вигоди.","[{""label"": ""ORG"", ""text"": ""Вищого господарського суду""}, {""label"": ""DATE"", ""text"": ""20 січня""}, {""label"": ""DATE"", ""text"": ""Навесні 2014 року""}, {""label"": ""ORG"", ""text"": ""Новий регіон""}, {""label"": ""ORG"", ""text"": ""Київради""}, {""label"": ""MON"", ""text"": ""32,17 млн грн.""}, {""label"": ""MON"", ""text"": ""6,99 млн грн.""}]","[{""label"": ""ORG"", ""text"": ""Вищого господарського суду"", ""start"": 26, ""end"": 52}, {""label"": ""DATE"", ""text"": ""20 січня"", ""start"": 57, ""end"": 65}, {""label"": ""ORG"", ""text"": ""компанія « Новий регіон »"", ""start"": 86, ""end"": 111}, {""label"": ""ORG"", ""text"": ""Київради"", ""start"": 152, ""end"": 160}, {""label"": ""MON"", ""text"": ""32,17 млн грн."", ""start"": 161, ""end"": 175}, {""label"": ""MON"", ""text"": ""6,99 млн грн."", ""start"": 193, ""end"": 206}]"
09b78522b586ab58ec637fd59aa203e4d5909963388ce929129570c0276f3e6d,"Свій позов фірма мотивувала тим, що Київрада не повернула їй гроші за куплені у 2010 році акції « Київводоканалу ».","[{""label"": ""ORG"", ""text"": ""Київрада""}, {""label"": ""DATE"", ""text"": ""2010 році""}, {""label"": ""ORG"", ""text"": ""Київводоканалу""}]","[{""label"": ""ORG"", ""text"": ""Київрада"", ""start"": 36, ""end"": 44}, {""label"": ""MON"", ""text"": ""гроші"", ""start"": 61, ""end"": 66}, {""label"": ""DATE"", ""text"": ""2010 році"", ""start"": 80, ""end"": 89}, {""label"": ""ORG"", ""text"": ""Київводоканалу"", ""start"": 98, ""end"": 112}]"
aa3f0a12c80a9bcf0968ebce20dba9908ef0bafec356df9bcb8ef8126e67aecb,"Якби фірма негайно отримала свої гроші назад, то протягом 2011-2014 рр. могла б розмістити кошти на депозит та отримати 6,99 млн грн. прибутку.","[{""label"": ""PERIOD"", ""text"": ""2011-2014 рр.""}, {""label"": ""MON"", ""text"": ""6,99 млн грн.""}]","[{""label"": ""ORG"", ""text"": ""фірма"", ""start"": 5, ""end"": 10}, {""label"": ""PERIOD"", ""text"": ""2011-2014 рр."", ""start"": 58, ""end"": 71}, {""label"": ""MON"", ""text"": ""6,99 млн грн"", ""start"": 120, ""end"": 132}]"
b795de958b876c976e4f8b31b99c07ab9e9b9d1b12a7a59d69b17d779c23cc29,Суди усіх трьох інстанцій у задоволенні позову фірмі відмовили.,[],"[{""label"": ""ORG"", ""text"": ""Суди усіх трьох інстанцій"", ""start"": 0, ""end"": 25}, {""label"": ""ORG"", ""text"": ""фірмі"", ""start"": 47, ""end"": 52}]"
8160045ad5e16b9adc085446c09b86b10e849a1d2802d3b04d9e4cd7ce44c849,"Було встановлено, що 18 березня 2010 року Головне управління комунальної власності Києва продало ТОВ «Фінансова компанія «Новий регіон» 178748 500 штук акцій компанії « Київводоканал », що становить 25,464 % статутного капіталу підприємства.","[{""label"": ""DATE"", ""text"": ""18 березня 2010 року""}, {""label"": ""ORG"", ""text"": ""Головне управління комунальної власності Києва""}, {""label"": ""ORG"", ""text"": ""ТОВ «Фінансова компанія «Новий регіон»""}, {""label"": ""ORG"", ""text"": ""Київводоканал""}, {""label"": ""PCT"", ""text"": ""25,464 %""}]","[{""label"": ""DATE"", ""text"": ""18 березня 2010"", ""start"": 21, ""end"": 36}, {""label"": ""ORG"", ""text"": ""Головне управління комунальної власності Києва"", ""start"": 42, ""end"": 88}, {""label"": ""ORG"", ""text"": ""ТОВ «Фінансова компанія «Новий регіон»"", ""start"": 97, ""end"": 135}, {""label"": ""QUANT"", ""text"": ""178748 500 штук"", ""start"": 136, ""end"": 151}, {""label"": ""ORG"", ""text"": ""Київводоканал"", ""start"": 169, ""end"": 182}, {""label"": ""PCT"", ""text"": ""25,464 %"", ""start"": 199, ""end"": 207}]"
709dc04e87c24333e023cbced897896765d1f49a6b84290681f29b5948e0c0ec,"Ціна продажу акцій становила 32,17 млн грн .","[{""label"": ""MON"", ""text"": ""32,17 млн грн""}]","[{""label"": ""MON"", ""text"": ""32,17 млн грн"", ""start"": 29, ""end"": 42}]"
3f4c670b050356c8a9623707b3f09dbd3372c26248b5b4547b5159532417ed95,« Новий регіон » сплатив вартість акцій у повному обсязі.,"[{""label"": ""ORG"", ""text"": ""Новий регіон""}]","[{""label"": ""ORG"", ""text"": ""Новий регіон"", ""start"": 2, ""end"": 14}, {""label"": ""PCT"", ""text"": ""повному обсязі"", ""start"": 42, ""end"": 56}]"
32096e1ccda8c60aed4252079663adfe066e47b493bc06b4bcbef473889b5679,"Та у жовтні 2010 року госпсуду Києва задовольнив позов заступника Генпрокурора і визнав недійсним договір про продаж акцій, зобов'язавши компанію « Новий регіон » повернути акції Головному управлінню комунальної власності Києва .","[{""label"": ""DATE"", ""text"": ""жовтні 2010 року""}, {""label"": ""ORG"", ""text"": ""госпсуду Києва""}, {""label"": ""JOB"", ""text"": ""заступника Генпрокурора""}, {""label"": ""ORG"", ""text"": ""Новий регіон""}, {""label"": ""ORG"", ""text"": ""Головному управлінню комунальної власності Києва""}]","[{""label"": ""DATE"", ""text"": ""жовтні 2010 року"", ""start"": 5, ""end"": 21}, {""label"": ""ORG"", ""text"": ""госпсуду Києва"", ""start"": 22, ""end"": 36}, {""label"": ""JOB"", ""text"": ""заступника Генпрокурора"", ""start"": 55, ""end"": 78}, {""label"": ""ART"", ""text"": ""договір про продаж акцій"", ""start"": 98, ""end"": 122}, {""label"": ""ORG"", ""text"": ""Новий регіон"", ""start"": 148, ""end"": 160}, {""label"": ""ART"", ""text"": ""акції"", ""start"": 173, ""end"": 178}, {""label"": ""ORG"", ""text"": ""Головному управлінню комунальної власності Києва"", ""start"": 179, ""end"": 227}]"
51526a7f3e58060ca05541e55de6caf873da3008f409512cb0bec7bfaa14ae1f,"Суди визнали безпідставними вимоги компанії « Новий регіон » про стягнення збитків з Київради , адже у матеріалах справи відсутні докази про заподіяння фірмі саме збитків з боку Київради на вказану у позові суму.","[{""label"": ""ORG"", ""text"": ""Новий регіон""}, {""label"": ""ORG"", ""text"": ""Київради""}, {""label"": ""ORG"", ""text"": ""Київради""}]","[{""label"": ""ORG"", ""text"": ""Суди"", ""start"": 0, ""end"": 4}, {""label"": ""ORG"", ""text"": ""Новий регіон"", ""start"": 46, ""end"": 58}, {""label"": ""ORG"", ""text"": ""Київради"", ""start"": 85, ""end"": 93}, {""label"": ""DOC"", ""text"": ""матеріалах справи"", ""start"": 103, ""end"": 120}, {""label"": ""ART"", ""text"": ""докази"", ""start"": 130, ""end"": 136}, {""label"": ""ORG"", ""text"": ""Київради"", ""start"": 178, ""end"": 186}, {""label"": ""MON"", ""text"": ""суму"", ""start"": 207, ""end"": 211}]"
5fc0784cf711edb137e4db6e9641e772f234903612c4b88f2b284ab5780c107a,"Нинішнім засновником ТОВ «ФК «Новий регіон» є компанія « Аспра Трейд Лімітед » ( Беліз ). Директор фірми – Михайло Піроцький з оточення колишнього керівника Головуправління комунальної власності Києва Анатолія Чуба та екс-зятя Леоніда Черновецького Вячеслава Супруненка , який у 2011 році був оголошений в міжнародний розшук.","[{""label"": ""ORG"", ""text"": ""ТОВ «ФК «Новий регіон»""}, {""label"": ""ORG"", ""text"": ""Аспра Трейд Лімітед""}, {""label"": ""LOC"", ""text"": ""Беліз""}, {""label"": ""JOB"", ""text"": ""Директор""}, {""label"": ""PERS"", ""text"": ""Михайло Піроцький""}, {""label"": ""JOB"", ""text"": ""керівника""}, {""label"": ""ORG"", ""text"": ""Головуправління комунальної власності Києва""}, {""label"": ""PERS"", ""text"": ""Анатолія Чуба""}, {""label"": ""PERS"", ""text"": ""Леоніда Черновецького""}, {""label"": ""PERS"", ""text"": ""Вячеслава Супруненка""}, {""label"": ""DATE"", ""text"": ""2011 році""}]","[{""label"": ""ORG"", ""text"": ""ТОВ «ФК «Новий регіон»"", ""start"": 21, ""end"": 43}, {""label"": ""ORG"", ""text"": ""Аспра Трейд Лімітед"", ""start"": 57, ""end"": 76}, {""label"": ""LOC"", ""text"": ""Беліз"", ""start"": 81, ""end"": 86}, {""label"": ""PERS"", ""text"": ""Михайло Піроцький"", ""start"": 107, ""end"": 124}, {""label"": ""ORG"", ""text"": ""Головуправління комунальної власності Києва"", ""start"": 157, ""end"": 200}, {""label"": ""PERS"", ""text"": ""Анатолія Чуба"", ""start"": 201, ""end"": 214}, {""label"": ""PERS"", ""text"": ""Леоніда Черновецького"", ""start"": 227, ""end"": 248}, {""label"": ""PERS"", ""text"": ""Вячеслава Супруненка"", ""start"": 249, ""end"": 269}, {""label"": ""DATE"", ""text"": ""2011 році"", ""start"": 279, ""end"": 288}]"
bcd69745538fe1aab0045b28b3f6dc3b469af6eee003a7795aeed6612da36f2d,Брат Вячеслава Супруненка Олександр торік став народним депутатом Черкаське обласне територіальне відділення АМКУ наклало сумарно 170 тис. грн штрафу на десять лісових господарств за узгоджені дії при встановленні цін на дрова протягом 2016-2017 років .,"[{""label"": ""PERS"", ""text"": ""Вячеслава Супруненка""}, {""label"": ""PERS"", ""text"": ""Олександр""}, {""label"": ""JOB"", ""text"": ""народним депутатом""}, {""label"": ""ORG"", ""text"": ""Черкаське обласне територіальне відділення АМКУ""}, {""label"": ""MON"", ""text"": ""170 тис. грн""}, {""label"": ""PERIOD"", ""text"": ""2016-2017 років""}]","[{""label"": ""PERS"", ""text"": ""Вячеслава Супруненка"", ""start"": 5, ""end"": 25}, {""label"": ""PERS"", ""text"": ""Олександр"", ""start"": 26, ""end"": 35}, {""label"": ""JOB"", ""text"": ""народним депутатом"", ""start"": 47, ""end"": 65}, {""label"": ""ORG"", ""text"": ""АМКУ"", ""start"": 109, ""end"": 113}, {""label"": ""MON"", ""text"": ""170 тис. грн"", ""start"": 130, ""end"": 142}, {""label"": ""ORG"", ""text"": ""лісових господарств"", ""start"": 160, ""end"": 179}, {""label"": ""PERIOD"", ""text"": ""2016-2017 років"", ""start"": 236, ""end"": 251}]"
06f35f38c8d74905736e99abb553fe6aa58837cb40709eac471215f0f681ced4,Про це свідчить рішення відділення від 15 серпня .,"[{""label"": ""DATE"", ""text"": ""15 серпня""}]","[{""label"": ""ORG"", ""text"": ""відділення"", ""start"": 24, ""end"": 34}, {""label"": ""DATE"", ""text"": ""15 серпня"", ""start"": 39, ""end"": 48}]"
f8e873235710799adac810550597c86dd8bdd2d87c63a40cc739652c01fcc296,"Попри різну собівартість виробництва, усі десять лісових господарств протягом двох років встановлювали однакові ціни продажу дров для населення.","[{""label"": ""PERIOD"", ""text"": ""двох років""}]","[{""label"": ""MON"", ""text"": ""собівартість виробництва"", ""start"": 12, ""end"": 36}, {""label"": ""ORG"", ""text"": ""десять лісових господарств"", ""start"": 42, ""end"": 68}, {""label"": ""PERIOD"", ""text"": ""двох років"", ""start"": 78, ""end"": 88}, {""label"": ""PERS"", ""text"": ""населення"", ""start"": 134, ""end"": 143}]"
f20ec466c8e1d9ebdc95f9a995d08fca4c40d5097288e8d91b60bce2b74fd2d3,"Як встановили антимонопольники , це стало можливим через різні значення по двох показниках вартості дров – цінових коефіцієнтів та рівня рентабельності.","[{""label"": ""JOB"", ""text"": ""антимонопольники""}]","[{""label"": ""ORG"", ""text"": ""антимонопольники"", ""start"": 14, ""end"": 30}, {""label"": ""ART"", ""text"": ""дров"", ""start"": 100, ""end"": 104}, {""label"": ""MON"", ""text"": ""цінових коефіцієнтів"", ""start"": 107, ""end"": 127}, {""label"": ""MON"", ""text"": ""рівня рентабельності"", ""start"": 131, ""end"": 151}]"
c11a29464a47de02c2fe78af812d985e81aaf903c39c0491fce2127e6cdfcd2e,"Вони були підібрані таким чином, щоб формували виробничу собівартість та оптово-відпускну ціну на дрова на завчасно обумовленому рівні (дрова твердолистяних порід – 240 грн / м3 (з ПДВ), дрова м'ягколистяних порід та хвойних порід 204 грн / м3 ).","[{""label"": ""MON"", ""text"": ""240 грн""}, {""label"": ""QUANT"", ""text"": ""м3""}, {""label"": ""MON"", ""text"": ""204 грн""}, {""label"": ""QUANT"", ""text"": ""м3""}]","[{""label"": ""ART"", ""text"": ""дрова"", ""start"": 98, ""end"": 103}, {""label"": ""ART"", ""text"": ""дрова твердолистяних порід"", ""start"": 136, ""end"": 162}, {""label"": ""MISC"", ""text"": ""хвойних порід"", ""start"": 217, ""end"": 230}]"
0cfed10a205bf3c91f8e0a4d2324cb2056cd86e3b60416379a091ede5459a326,"На основі цих даних антимонопольники дійшли до висновку, що упродовж аналізованого періоду лісгоспи неодноразово вчиняли узгоджені дії щодо встановлення і підтримання на одному рівні ціни на дрова твердолистяних, хвойних та м'ягколистяних порід.","[{""label"": ""JOB"", ""text"": ""антимонопольники""}]","[{""label"": ""PERIOD"", ""text"": ""аналізованого періоду"", ""start"": 69, ""end"": 90}, {""label"": ""ORG"", ""text"": ""лісгоспи"", ""start"": 91, ""end"": 99}]"
3efe6d9d81336e7d035152c7ec8c43418e3e627035ab7994f327c95edb7737a1,"Крім того, як встановило Черкаське ОТВ АМКУ , уже з січня 2018 року вартість дров для населення у лісгоспів зросла і стала різною, що підтверджує антиконкурентну синхронність дій між ними у 2016-2017 роках .","[{""label"": ""ORG"", ""text"": ""Черкаське ОТВ АМКУ""}, {""label"": ""DATE"", ""text"": ""січня 2018 року""}, {""label"": ""PERIOD"", ""text"": ""2016-2017 роках""}]","[{""label"": ""ORG"", ""text"": ""Черкаське ОТВ АМКУ"", ""start"": 25, ""end"": 43}, {""label"": ""DATE"", ""text"": ""січня 2018 року"", ""start"": 52, ""end"": 67}, {""label"": ""MISC"", ""text"": ""дров"", ""start"": 77, ""end"": 81}, {""label"": ""PERS"", ""text"": ""населення"", ""start"": 86, ""end"": 95}, {""label"": ""ORG"", ""text"": ""лісгоспів"", ""start"": 98, ""end"": 107}, {""label"": ""PERIOD"", ""text"": ""2016-2017 роках"", ""start"": 190, ""end"": 205}]"
48963ba81ec6b8bc42e8bd642b354a4b747e6b72b9a2eb4d6b993f51dda21c76,"Штрафи отримали: « Звенигородське лісове господарство », « Золотоніське лісове господарство », « Кам'янське лісове господарство », « Канівське лісове господарство », « Корсунь-Шевченківське лісове господарство », « Лисянське ЛГ », « Смілянське ЛГ », « Уманське ЛГ », « Черкаське ЛГ », « Чигиринське ЛГ ».","[{""label"": ""ORG"", ""text"": ""Звенигородське лісове господарство""}, {""label"": ""ORG"", ""text"": ""Золотоніське лісове господарство""}, {""label"": ""ORG"", ""text"": ""Кам'янське лісове господарство""}, {""label"": ""ORG"", ""text"": ""Канівське лісове господарство""}, {""label"": ""ORG"", ""text"": ""Корсунь-Шевченківське лісове господарство""}, {""label"": ""ORG"", ""text"": ""Лисянське ЛГ""}, {""label"": ""ORG"", ""text"": ""Смілянське ЛГ""}, {""label"": ""ORG"", ""text"": ""Уманське ЛГ""}, {""label"": ""ORG"", ""text"": ""Черкаське ЛГ""}, {""label"": ""ORG"", ""text"": ""Чигиринське ЛГ""}]","[{""label"": ""ORG"", ""text"": ""Звенигородське лісове господарство"", ""start"": 19, ""end"": 53}, {""label"": ""ORG"", ""text"": ""Золотоніське лісове господарство"", ""start"": 59, ""end"": 91}, {""label"": ""ORG"", ""text"": ""Кам'янське лісове господарство"", ""start"": 97, ""end"": 127}, {""label"": ""ORG"", ""text"": ""Канівське лісове господарство"", ""start"": 133, ""end"": 162}, {""label"": ""ORG"", ""text"": ""Корсунь-Шевченківське лісове господарство"", ""start"": 168, ""end"": 209}, {""label"": ""ORG"", ""text"": ""Лисянське ЛГ"", ""start"": 215, ""end"": 227}, {""label"": ""ORG"", ""text"": ""Смілянське ЛГ"", ""start"": 233, ""end"": 246}, {""label"": ""ORG"", ""text"": ""Уманське ЛГ"", ""start"": 252, ""end"": 263}, {""label"": ""ORG"", ""text"": ""Черкаське ЛГ"", ""start"": 269, ""end"": 281}, {""label"": ""ORG"", ""text"": ""Чигиринське ЛГ"", ""start"": 287, ""end"": 301}]"
202b6cfbd0985e1d70dc1fa4b677eba1f2b0a15690c0029e45999351ac76b068,"При визначенні розміру штрафу відділення виходило з даних про отриманий лісгоспами дохід у 2017 році (від 30 млн грн « Канівського лісгоспу » до 119 млн грн « Смілянського ЛГ »), а також врахувало обставини стосовно того, що ті вчинили порушення вперше, визнали провину і припинили узгоджені дії у ході розгляду справи. ПАТ «Київенерго» 8 травня за результатами тендеру уклало угоду з ДП «Енергоремонт» на ремонт і техобслуговування машин загального призначення вартістю 18,15 млн грн .","[{""label"": ""DATE"", ""text"": ""2017 році""}, {""label"": ""MON"", ""text"": ""30 млн грн""}, {""label"": ""ORG"", ""text"": ""Канівського лісгоспу""}, {""label"": ""MON"", ""text"": ""119 млн грн""}, {""label"": ""ORG"", ""text"": ""Смілянського ЛГ""}, {""label"": ""ORG"", ""text"": ""ПАТ «Київенерго»""}, {""label"": ""DATE"", ""text"": ""8 травня""}, {""label"": ""ORG"", ""text"": ""ДП «Енергоремонт»""}, {""label"": ""MON"", ""text"": ""18,15 млн грн""}]","[{""label"": ""PERIOD"", ""text"": ""2017 році"", ""start"": 91, ""end"": 100}, {""label"": ""MON"", ""text"": ""30 млн грн"", ""start"": 106, ""end"": 116}, {""label"": ""ORG"", ""text"": ""Канівського лісгоспу"", ""start"": 119, ""end"": 139}, {""label"": ""MON"", ""text"": ""119 млн грн"", ""start"": 145, ""end"": 156}, {""label"": ""ORG"", ""text"": ""Смілянського ЛГ"", ""start"": 159, ""end"": 174}, {""label"": ""ORG"", ""text"": ""ПАТ «Київенерго»"", ""start"": 320, ""end"": 336}, {""label"": ""DATE"", ""text"": ""8 травня"", ""start"": 337, ""end"": 345}, {""label"": ""ORG"", ""text"": ""ДП «Енергоремонт»"", ""start"": 385, ""end"": 402}, {""label"": ""MON"", ""text"": ""18,15 млн грн"", ""start"": 471, ""end"": 484}]"
151d98299ea0a06e47cf737cca03de5d57bf6e7afbf6533d116d249d98c8d15d,"Про це повідомляється у « Віснику державних закупівель ». Упродовж року фірма має надавати послуги з ремонту обладнання теплофікаційних енергоблоків №1,2 і ТФУ в складі енергоблоків, а також загальностанційного обладнання ТЕЦ-6 СВП «Київські ТЕЦ» .","[{""label"": ""ART"", ""text"": ""Віснику державних закупівель""}, {""label"": ""PERIOD"", ""text"": ""Упродовж року""}, {""label"": ""ORG"", ""text"": ""ТЕЦ-6""}, {""label"": ""ORG"", ""text"": ""СВП «Київські ТЕЦ»""}]","[{""label"": ""DOC"", ""text"": ""« Віснику державних закупівель »"", ""start"": 24, ""end"": 56}, {""label"": ""PERIOD"", ""text"": ""року"", ""start"": 67, ""end"": 71}, {""label"": ""ORG"", ""text"": ""фірма"", ""start"": 72, ""end"": 77}, {""label"": ""ART"", ""text"": ""ТФУ"", ""start"": 156, ""end"": 159}, {""label"": ""ORG"", ""text"": ""Київські ТЕЦ"", ""start"": 233, ""end"": 245}]"
f441d1f927c585e85aeed0b8b998b988169a809043fde4860b828bdcbc647189,"Оплачувати послуги будуть з коштів самого ПАТ «Київенерго» , яке належить групі Ріната Ахметова .","[{""label"": ""ORG"", ""text"": ""ПАТ «Київенерго»""}, {""label"": ""PERS"", ""text"": ""Ріната Ахметова""}]","[{""label"": ""ORG"", ""text"": ""ПАТ «Київенерго»"", ""start"": 42, ""end"": 58}, {""label"": ""PERS"", ""text"": ""Ріната Ахметова"", ""start"": 80, ""end"": 95}]"
f12571fbab1dc5b755393e189dc27b21314fd9b72ba11cbfd0cd617fcc28abfd,"« Енергоремонт » є дочірньою фірмою ПАТ «Київенергоремонт» , яка на 57% належить ТОВ «Ресет» .","[{""label"": ""ORG"", ""text"": ""Енергоремонт""}, {""label"": ""ORG"", ""text"": ""ПАТ «Київенергоремонт»""}, {""label"": ""PCT"", ""text"": ""57%""}, {""label"": ""ORG"", ""text"": ""ТОВ «Ресет»""}]","[{""label"": ""ORG"", ""text"": ""Енергоремонт"", ""start"": 2, ""end"": 14}, {""label"": ""ORG"", ""text"": ""ПАТ «Київенергоремонт»"", ""start"": 36, ""end"": 58}, {""label"": ""PCT"", ""text"": ""57%"", ""start"": 68, ""end"": 71}, {""label"": ""ORG"", ""text"": ""ТОВ «Ресет»"", ""start"": 81, ""end"": 92}]"
bdeb5fac86a551db41e719a02c67bc6bed3b4e366f2600722e75cedf3f342eab,"Співвласником цієї компанії у свою чергу з часткою в 75% є Іван Плачков , голова наглядової ради ПАТ «Київенерго» , яке і проводило тендер.","[{""label"": ""PCT"", ""text"": ""75%""}, {""label"": ""PERS"", ""text"": ""Іван Плачков""}, {""label"": ""JOB"", ""text"": ""голова наглядової ради""}, {""label"": ""ORG"", ""text"": ""ПАТ «Київенерго»""}]","[{""label"": ""PCT"", ""text"": ""75%"", ""start"": 53, ""end"": 56}, {""label"": ""PERS"", ""text"": ""Іван Плачков"", ""start"": 59, ""end"": 71}, {""label"": ""JOB"", ""text"": ""голова наглядової ради"", ""start"": 74, ""end"": 96}, {""label"": ""ORG"", ""text"": ""ПАТ «Київенерго»"", ""start"": 97, ""end"": 113}, {""label"": ""MISC"", ""text"": ""тендер"", ""start"": 132, ""end"": 138}]"
b6a607d21e294ba2ad304b5c415f96d4104717ea2cdb3d442329dc370fff4ef3,"Одесит Іван Плачков почав працювати в компанії понад 20 років тому , з середини 90-х займає у ній керівні посади, у 1995-99 вперше стає головою правління « Київенерго ».","[{""label"": ""PERS"", ""text"": ""Іван Плачков""}, {""label"": ""DATE"", ""text"": ""20 років тому""}, {""label"": ""DATE"", ""text"": ""середини 90-х""}, {""label"": ""PERIOD"", ""text"": ""1995-99""}, {""label"": ""JOB"", ""text"": ""головою правління""}, {""label"": ""ORG"", ""text"": ""Київенерго""}]","[{""label"": ""PERS"", ""text"": ""Іван Плачков"", ""start"": 7, ""end"": 19}, {""label"": ""PERIOD"", ""text"": ""середини 90-х"", ""start"": 71, ""end"": 84}, {""label"": ""JOB"", ""text"": ""керівні посади"", ""start"": 98, ""end"": 112}, {""label"": ""TIME"", ""text"": ""1995-99"", ""start"": 116, ""end"": 123}, {""label"": ""JOB"", ""text"": ""головою правління"", ""start"": 136, ""end"": 153}, {""label"": ""ORG"", ""text"": ""Київенерго"", ""start"": 156, ""end"": 166}]"
91cba23e13b61b80301014cca20752f1cd989b16eaf730cc7613d9180d45ff8a,"У 1999 очолив Міністерство енергетики України , потім – знову « Київенерго » у 2000-2005 р. р. ; у 2005-2006 міністр палива та енергетики України ; багаторазовий депутат Київської міськради , з 2008 – у фракції Кличка .","[{""label"": ""DATE"", ""text"": ""1999""}, {""label"": ""ORG"", ""text"": ""Міністерство енергетики України""}, {""label"": ""ORG"", ""text"": ""Київенерго""}, {""label"": ""PERIOD"", ""text"": ""2000-2005 р. р.""}, {""label"": ""PERIOD"", ""text"": ""2005-2006""}, {""label"": ""JOB"", ""text"": ""міністр палива та енергетики України""}, {""label"": ""JOB"", ""text"": ""депутат""}, {""label"": ""ORG"", ""text"": ""Київської міськради""}, {""label"": ""DATE"", ""text"": ""2008""}, {""label"": ""PERS"", ""text"": ""Кличка""}]","[{""label"": ""ORG"", ""text"": ""Міністерство енергетики України"", ""start"": 14, ""end"": 45}, {""label"": ""ORG"", ""text"": ""Київенерго"", ""start"": 64, ""end"": 74}, {""label"": ""PERIOD"", ""text"": ""2000-2005 р. р."", ""start"": 79, ""end"": 94}, {""label"": ""JOB"", ""text"": ""міністр палива та енергетики України"", ""start"": 109, ""end"": 145}, {""label"": ""LOC"", ""text"": ""Київської міськради"", ""start"": 170, ""end"": 189}, {""label"": ""PERIOD"", ""text"": ""2008"", ""start"": 194, ""end"": 198}, {""label"": ""PERS"", ""text"": ""Кличка"", ""start"": 211, ""end"": 217}]"
9de1c918a0d7042668e0ad2f80828dc087b20193b59c6a35e95e4efe7ad9a74f,"У січні 2012 р. знову очолив наглядову раду « Київенерго », після чого склав повноваження у Київраді .","[{""label"": ""DATE"", ""text"": ""січні 2012 р.""}, {""label"": ""ORG"", ""text"": ""Київенерго""}, {""label"": ""ORG"", ""text"": ""Київраді""}]","[{""label"": ""DATE"", ""text"": ""січні 2012 р."", ""start"": 2, ""end"": 15}, {""label"": ""ORG"", ""text"": ""Київенерго"", ""start"": 46, ""end"": 56}, {""label"": ""JOB"", ""text"": ""Київраді"", ""start"": 92, ""end"": 100}]"
9fd45b42c5a4e162121d72a9c3985f3ce916e0b3c53d20d7d6f58218be63f1ad,"Його син, Плачков Григорій Іванович , з серпня 2012 р. указом Президента призначений начальником відділу Департаменту стратегічної політики, інвестицій та ядерно-енергетичного комплексу Міністерства енергетики та вугільної промисловості України .","[{""label"": ""PERS"", ""text"": ""Плачков Григорій Іванович""}, {""label"": ""DATE"", ""text"": ""серпня 2012 р.""}, {""label"": ""JOB"", ""text"": ""Президента""}, {""label"": ""JOB"", ""text"": ""начальником відділу""}, {""label"": ""ORG"", ""text"": ""Департаменту стратегічної політики, інвестицій та ядерно-енергетичного комплексу""}, {""label"": ""ORG"", ""text"": ""Міністерства енергетики та вугільної промисловості України""}]","[{""label"": ""PERS"", ""text"": ""Плачков Григорій Іванович"", ""start"": 10, ""end"": 35}, {""label"": ""DATE"", ""text"": ""серпня 2012 р."", ""start"": 40, ""end"": 54}, {""label"": ""ORG"", ""text"": ""Міністерства енергетики та вугільної промисловості України"", ""start"": 186, ""end"": 244}]"
602d145717eeb96318c00b42ca6a8c50519a6346aadf18256c6c303158fbecbf,"За даними « ВДЗ », за останні п'ять років ДП «Енергоремонт» виграло тендерів на 144,66 млн грн. , з них 62,11 – за останній рік , після того, як Плачков знову очолив « Київенерго ».","[{""label"": ""ART"", ""text"": ""ВДЗ""}, {""label"": ""PERIOD"", ""text"": ""останні п'ять років""}, {""label"": ""ORG"", ""text"": ""ДП «Енергоремонт»""}, {""label"": ""MON"", ""text"": ""144,66 млн грн.""}, {""label"": ""MON"", ""text"": ""62,11""}, {""label"": ""DATE"", ""text"": ""останній рік""}, {""label"": ""PERS"", ""text"": ""Плачков""}, {""label"": ""ORG"", ""text"": ""Київенерго""}]","[{""label"": ""ORG"", ""text"": ""ВДЗ"", ""start"": 12, ""end"": 15}, {""label"": ""PERIOD"", ""text"": ""останні п'ять років"", ""start"": 22, ""end"": 41}, {""label"": ""ORG"", ""text"": ""ДП «Енергоремонт»"", ""start"": 42, ""end"": 59}, {""label"": ""MON"", ""text"": ""144,66 млн грн."", ""start"": 80, ""end"": 95}, {""label"": ""QUANT"", ""text"": ""62,11"", ""start"": 104, ""end"": 109}, {""label"": ""PERIOD"", ""text"": ""останній рік"", ""start"": 115, ""end"": 127}, {""label"": ""PERS"", ""text"": ""Плачков"", ""start"": 145, ""end"": 152}, {""label"": ""ORG"", ""text"": ""« Київенерго »"", ""start"": 166, ""end"": 180}]"
031d9c8bf42f2b63f24a9e2bbbc6933a701814c60b209275eb66d06f25bc98fa,Єдиним конкурентом « Енергоремонта » було харківське ТОВ «Втеріс» Михайла Письменного .,"[{""label"": ""ORG"", ""text"": ""Енергоремонта""}, {""label"": ""ORG"", ""text"": ""ТОВ «Втеріс»""}, {""label"": ""PERS"", ""text"": ""Михайла Письменного""}]","[{""label"": ""ORG"", ""text"": ""Енергоремонта"", ""start"": 21, ""end"": 34}, {""label"": ""PERS"", ""text"": ""Михайла Письменного"", ""start"": 66, ""end"": 85}]"
e1c2e2178a51c1883628b0ab30c645630a144815fb62c82a5b11ca78a75a3a88,"Різниця пропозицій двох фірм на тендері склала 0,6% У середині квітня парламент скасував норму про обов'язкову сертифікацію зерна, на якій заробляли нечисті на руку чиновники . Аграрії раділи недовго, пише Марія Попова у « ЛІГАБізнесІнформ ». Чиновники тут же знайшли спосіб компенсувати доходи від сертифікації.","[{""label"": ""PCT"", ""text"": ""0,6%""}, {""label"": ""DATE"", ""text"": ""середині квітня""}, {""label"": ""JOB"", ""text"": ""чиновники""}, {""label"": ""JOB"", ""text"": ""Аграрії""}, {""label"": ""PERS"", ""text"": ""Марія Попова""}, {""label"": ""ART"", ""text"": ""ЛІГАБізнесІнформ""}, {""label"": ""JOB"", ""text"": ""Чиновники""}]","[{""label"": ""PCT"", ""text"": ""0,6%"", ""start"": 47, ""end"": 51}, {""label"": ""ORG"", ""text"": ""парламент"", ""start"": 70, ""end"": 79}, {""label"": ""JOB"", ""text"": ""чиновники"", ""start"": 165, ""end"": 174}, {""label"": ""JOB"", ""text"": ""Аграрії"", ""start"": 177, ""end"": 184}, {""label"": ""PERS"", ""text"": ""Марія Попова"", ""start"": 206, ""end"": 218}, {""label"": ""ORG"", ""text"": ""ЛІГАБізнесІнформ"", ""start"": 223, ""end"": 239}, {""label"": ""JOB"", ""text"": ""Чиновники"", ""start"": 243, ""end"": 252}]"
f702a2045870cb6ededda10f669dbed66eef9e39ed071d5ca6f448811a8b21f9,«Розмір поборів з тонни зерна зберігся на колишньому рівні – сумарно близько $10 .,"[{""label"": ""QUANT"", ""text"": ""тонни""}, {""label"": ""MON"", ""text"": ""$10""}]","[{""label"": ""QUANT"", ""text"": ""тонни зерна"", ""start"": 18, ""end"": 29}, {""label"": ""MON"", ""text"": ""$10"", ""start"": 77, ""end"": 80}]"
1dc7c6e4d596badf2bf043602ed6524d5361f538a77632b33e3ed123b16ad4d3,"Але якщо раніше чиновники Сельхозінспекція наживалися на сертифікації кожної партії зерна і зерносховищ, то зараз потрібно платити, якщо хочеш, щоб корабель випустили з порту», – розповідає один з зернотрейдерів на умовах анонімності.","[{""label"": ""JOB"", ""text"": ""чиновники""}, {""label"": ""ORG"", ""text"": ""Сельхозінспекція""}, {""label"": ""JOB"", ""text"": ""зернотрейдерів""}]","[{""label"": ""JOB"", ""text"": ""чиновники"", ""start"": 16, ""end"": 25}, {""label"": ""ORG"", ""text"": ""Сельхозінспекція"", ""start"": 26, ""end"": 42}, {""label"": ""ART"", ""text"": ""корабель"", ""start"": 148, ""end"": 156}, {""label"": ""LOC"", ""text"": ""порту"", ""start"": 169, ""end"": 174}, {""label"": ""PERS"", ""text"": ""один з зернотрейдерів"", ""start"": 190, ""end"": 211}]"
7f3f598f26b27cf85009eb277aa5ae5c986cb0020f899f75e3a536038f4599a8,"Якщо трейдери платити відмовляються, то починаються дрібні виснажливі причіпки – то не так накладна оформлена, то у команди порушення з документами, то ще щось.","[{""label"": ""JOB"", ""text"": ""трейдери""}]","[{""label"": ""ORG"", ""text"": ""трейдери"", ""start"": 5, ""end"": 13}, {""label"": ""MISC"", ""text"": ""дрібні виснажливі причіпки"", ""start"": 52, ""end"": 78}, {""label"": ""ART"", ""text"": ""накладна оформлена"", ""start"": 91, ""end"": 109}, {""label"": ""ORG"", ""text"": ""команди"", ""start"": 116, ""end"": 123}, {""label"": ""MISC"", ""text"": ""ще щось"", ""start"": 152, ""end"": 159}]"
2baf54164d6ae0d9f922db59c0ffe0a30373859f57dc54ad1c70864afc2e8e4b,"«У підсумку вантаж простоює, а трейдер втрачає гроші», – говорить зернотрейдер .","[{""label"": ""JOB"", ""text"": ""трейдер""}, {""label"": ""JOB"", ""text"": ""зернотрейдер""}]","[{""label"": ""ART"", ""text"": ""вантаж"", ""start"": 12, ""end"": 18}, {""label"": ""JOB"", ""text"": ""трейдер"", ""start"": 31, ""end"": 38}, {""label"": ""MON"", ""text"": ""гроші"", ""start"": 47, ""end"": 52}, {""label"": ""JOB"", ""text"": ""зернотрейдер"", ""start"": 66, ""end"": 78}]"
aa17a967e16b130cf9f7d93ca30ed55774039e843acef4ff3a50abe4acca2e57,"Залишилася і схема, що дозволяє чиновникам наживатися на сертифікації сільгосптехніки.","[{""label"": ""JOB"", ""text"": ""чиновникам""}]","[{""label"": ""JOB"", ""text"": ""чиновникам"", ""start"": 32, ""end"": 42}, {""label"": ""MISC"", ""text"": ""сільгосптехніки"", ""start"": 70, ""end"": 85}]"
58f0d2a533f2df0cbd44f5bb479e0dca770ac27bc997bb766a3cdbae53f82430,"Сертифікат видає спеціальна фірма, його вартість – кілька тисяч гривень , в залежності від ціни ввезеної техніки, розповідає Микола Миркевич , президент Асоціації фермерів і приватних землевласників України .","[{""label"": ""MON"", ""text"": ""кілька тисяч гривень""}, {""label"": ""PERS"", ""text"": ""Микола Миркевич""}, {""label"": ""JOB"", ""text"": ""президент""}, {""label"": ""ORG"", ""text"": ""Асоціації фермерів і приватних землевласників України""}]","[{""label"": ""DOC"", ""text"": ""Сертифікат"", ""start"": 0, ""end"": 10}, {""label"": ""MON"", ""text"": ""кілька тисяч гривень"", ""start"": 51, ""end"": 71}, {""label"": ""ART"", ""text"": ""техніки"", ""start"": 105, ""end"": 112}, {""label"": ""PERS"", ""text"": ""Микола Миркевич"", ""start"": 125, ""end"": 140}, {""label"": ""JOB"", ""text"": ""президент"", ""start"": 143, ""end"": 152}, {""label"": ""ORG"", ""text"": ""Асоціації фермерів і приватних землевласників України"", ""start"": 153, ""end"": 206}]"
7c8b5f19355dad42a572760bf9adb6778816e2f23354ca8bad4a4236bbb18781,"Вартість послуг «цих фірм помітно зросла після падіння гривні», – додає він.",[],"[{""label"": ""MON"", ""text"": ""Вартість послуг"", ""start"": 0, ""end"": 15}, {""label"": ""ORG"", ""text"": ""цих фірм"", ""start"": 17, ""end"": 25}, {""label"": ""PERS"", ""text"": ""він"", ""start"": 72, ""end"": 75}]"
4a6cc78746bd1c8682e0e0fc00a82bb9dff74c92073c0e064a7c02dacf0e1678,"Після отриманнясертифікатанатехніку, власникповинен їїзареєструватив МВС .","[{""label"": ""ORG"", ""text"": ""МВС""}]","[{""label"": ""PERS"", ""text"": ""власникповинен"", ""start"": 37, ""end"": 51}, {""label"": ""ORG"", ""text"": ""МВС"", ""start"": 69, ""end"": 72}]"
decd2c29b9476c5d329cee6b186c8c2c323a2a203512653b3423b4823b33d60b,"«Щоб це зробити, необхідно представити «висновок експерта», який видає ліцензована фірма.",[],"[{""label"": ""DOC"", ""text"": ""висновок експерта"", ""start"": 40, ""end"": 57}, {""label"": ""ORG"", ""text"": ""ліцензована фірма"", ""start"": 71, ""end"": 88}]"
98f166b1781a25a0e22e1faf2a71058ffefbcf299f411beed27ab13683383c75,"Вартість цього документу – від 100 гривень і вище, при тому, що він взагалі більше ніколи і ніяк не використовується – за роботу техніки всю відповідальність несе власник», – розповідає Миркевич .","[{""label"": ""MON"", ""text"": ""100 гривень""}, {""label"": ""PERS"", ""text"": ""Миркевич""}]","[{""label"": ""ART"", ""text"": ""документу"", ""start"": 15, ""end"": 24}, {""label"": ""MON"", ""text"": ""100 гривень"", ""start"": 31, ""end"": 42}, {""label"": ""ART"", ""text"": ""техніки"", ""start"": 129, ""end"": 136}, {""label"": ""JOB"", ""text"": ""власник"", ""start"": 163, ""end"": 170}, {""label"": ""PERS"", ""text"": ""Миркевич"", ""start"": 186, ""end"": 194}]"
2509c372cb7457a972767b2827e5fe8bf21b8964860b5ce4dfcc1cb21f2a89dc,У процесі експлуатації сільгосптехніки з'являється ще одна лазівка ​ ​ для корупції – обов'язковий техогляд.,[],"[{""label"": ""MISC"", ""text"": ""сільгосптехніки"", ""start"": 23, ""end"": 38}]"
946f0d2479f95e77af13053ddd6d848a2830d1a7df760e76bff711d774df7465,"«Довідка про технічний стан транспортного засобу від ліцензованої фірми – від 100 гривень і вище», – говорить Миркевич .","[{""label"": ""MON"", ""text"": ""100 гривень""}, {""label"": ""PERS"", ""text"": ""Миркевич""}]","[{""label"": ""ART"", ""text"": ""Довідка про технічний стан транспортного засобу"", ""start"": 1, ""end"": 48}, {""label"": ""ORG"", ""text"": ""ліцензованої фірми"", ""start"": 53, ""end"": 71}, {""label"": ""MON"", ""text"": ""100 гривень"", ""start"": 78, ""end"": 89}, {""label"": ""PERS"", ""text"": ""Миркевич"", ""start"": 110, ""end"": 118}]"
418634ea1ace8b14c417fef044375a570fd5199bbb7b52da46ea1716327c9921,Всі ці фірми-посередники в часи правління Віктора Януковича були пов'язані з Сім'єю .,"[{""label"": ""PERS"", ""text"": ""Віктора Януковича""}, {""label"": ""MISC"", ""text"": ""Сім'єю""}]","[{""label"": ""MISC"", ""text"": ""фірми-посередники"", ""start"": 7, ""end"": 24}, {""label"": ""PERIOD"", ""text"": ""часи правління"", ""start"": 27, ""end"": 41}, {""label"": ""PERS"", ""text"": ""Віктора Януковича"", ""start"": 42, ""end"": 59}, {""label"": ""ORG"", ""text"": ""Сім'єю"", ""start"": 77, ""end"": 83}]"
c245343d0af5cd3de9390ffc8a2f67675c6a9127d5f5dd5b3fe752d4aa71ad4a,"«Ми поки не з'ясували хто новий бенефіціар цієї схеми», – говорить один з зернотрейдерів Західне територіальне квартирно-експлуатаційне управління ( Львів ) 18 жовтня підписало договір з ТОВ «Будівельно-інвестиційна компанія «Галицький будівельник» на будівництво військового гуртожитку за 42,5 млн грн .","[{""label"": ""JOB"", ""text"": ""зернотрейдерів""}, {""label"": ""ORG"", ""text"": ""Західне територіальне квартирно-експлуатаційне управління""}, {""label"": ""LOC"", ""text"": ""Львів""}, {""label"": ""DATE"", ""text"": ""18 жовтня""}, {""label"": ""ORG"", ""text"": ""ТОВ «Будівельно-інвестиційна компанія «Галицький будівельник»""}, {""label"": ""MON"", ""text"": ""42,5 млн грн""}]","[{""label"": ""ORG"", ""text"": ""Західне територіальне квартирно-експлуатаційне управління ( Львів )"", ""start"": 89, ""end"": 156}, {""label"": ""DATE"", ""text"": ""18 жовтня"", ""start"": 157, ""end"": 166}, {""label"": ""ORG"", ""text"": ""ТОВ «Будівельно-інвестиційна компанія «Галицький будівельник»"", ""start"": 187, ""end"": 248}, {""label"": ""ART"", ""text"": ""військового гуртожитку"", ""start"": 264, ""end"": 286}, {""label"": ""MON"", ""text"": ""42,5 млн грн"", ""start"": 290, ""end"": 302}]"
79ca6df7e296ea2a3eadd1251f554ead7ae162c430517e9bf01302d854dc87aa,Про це пишуть « Наші гроші. Львів » з посиланням на « Prozorro ».,"[{""label"": ""ART"", ""text"": ""Наші гроші. Львів""}, {""label"": ""ORG"", ""text"": ""Prozorro""}]","[{""label"": ""ORG"", ""text"": ""Наші гроші. Львів"", ""start"": 16, ""end"": 33}, {""label"": ""ORG"", ""text"": ""Prozorro"", ""start"": 54, ""end"": 62}]"
d7e119783735a9198ea2dd6951cc7186deaeb7b42a16a3139ae3e0fdd5adf9a8,Чотириповерховий гуртожиток побудують у військовому містечку № 6 в селі Липники Пустомитівського району Львівської області .,"[{""label"": ""LOC"", ""text"": ""військовому містечку № 6""}, {""label"": ""LOC"", ""text"": ""Липники""}, {""label"": ""LOC"", ""text"": ""Пустомитівського району Львівської області""}]","[{""label"": ""ART"", ""text"": ""Чотириповерховий гуртожиток"", ""start"": 0, ""end"": 27}, {""label"": ""LOC"", ""text"": ""Липники Пустомитівського району Львівської області"", ""start"": 72, ""end"": 122}]"
53417fed14cc2b44ba07ae70c7c995e0dbabd7726c43e8bbeb43bc14e2f26df0,"Підрядник отримає 1,6 млн грн. прибутку, а на зарплати працівникам піде 4,9 млн грн .","[{""label"": ""MON"", ""text"": ""1,6 млн грн.""}, {""label"": ""MON"", ""text"": ""4,9 млн грн""}]","[{""label"": ""ORG"", ""text"": ""Підрядник"", ""start"": 0, ""end"": 9}, {""label"": ""MON"", ""text"": ""1,6 млн грн"", ""start"": 18, ""end"": 29}, {""label"": ""PERS"", ""text"": ""працівникам"", ""start"": 55, ""end"": 66}, {""label"": ""MON"", ""text"": ""4,9 млн грн"", ""start"": 72, ""end"": 83}]"
a344a0195ba3dde19085ca393e85780f73d2e58c65a7f5008d7be00e95768793,Роботи планують завершити до кінця 2020 року .,"[{""label"": ""DATE"", ""text"": ""кінця 2020 року""}]","[{""label"": ""MISC"", ""text"": ""Роботи"", ""start"": 0, ""end"": 6}]"
26f8f06481b38a0dcb1de09ec5fd12f8603bc8671a9ebc71138ee155bae2c610,"Участь тендері, окрім переможця, взяли також ПП «Ремтехбуд» , ТОВ «Будспец монтаж» та підприємець Мар'ян Боляк .","[{""label"": ""ORG"", ""text"": ""ПП «Ремтехбуд»""}, {""label"": ""ORG"", ""text"": ""ТОВ «Будспец монтаж»""}, {""label"": ""JOB"", ""text"": ""підприємець""}, {""label"": ""PERS"", ""text"": ""Мар'ян Боляк""}]","[{""label"": ""ORG"", ""text"": ""ПП «Ремтехбуд»"", ""start"": 45, ""end"": 59}, {""label"": ""ORG"", ""text"": ""ТОВ «Будспец монтаж"", ""start"": 62, ""end"": 81}, {""label"": ""PERS"", ""text"": ""Мар'ян Боляк"", ""start"": 98, ""end"": 110}]"
43220e7be1abcbe53221797038d49ac9c05d52394bef4d21129d74d24efe829f,Під час аукціону конкуренти не знижували своїх пропозицій.,[],"[{""label"": ""ORG"", ""text"": ""конкуренти"", ""start"": 17, ""end"": 27}]"
4888d1600dbf00c33fd4bcc9a91087696a9f5b56ddfbebc48c134c7bd1ab2632,"Найдешевші ціни запропонували фірми « Ремтехбуд » та « Будспец монтаж », однак їх відхилили через відсутність більшості потрібних документів.","[{""label"": ""ORG"", ""text"": ""Ремтехбуд""}, {""label"": ""ORG"", ""text"": ""Будспец монтаж""}]","[{""label"": ""MON"", ""text"": ""Найдешевші ціни"", ""start"": 0, ""end"": 15}, {""label"": ""ORG"", ""text"": ""Ремтехбуд"", ""start"": 38, ""end"": 47}, {""label"": ""ORG"", ""text"": ""Будспец монтаж"", ""start"": 55, ""end"": 69}]"
4467e6103dde9f8a0e1e569d052f6ea8cef646a89a84f37a8992b1579a1ceeee,Фірма « Будівельно-інвестиційна компанія «Галицький будівельник» зареєстрована у 2016 році Олександром Овчаренком .,"[{""label"": ""ORG"", ""text"": ""Будівельно-інвестиційна компанія «Галицький будівельник»""}, {""label"": ""DATE"", ""text"": ""2016 році""}, {""label"": ""PERS"", ""text"": ""Олександром Овчаренком""}]","[{""label"": ""ORG"", ""text"": ""Будівельно-інвестиційна компанія «Галицький будівельник"", ""start"": 8, ""end"": 63}, {""label"": ""DATE"", ""text"": ""2016 році"", ""start"": 81, ""end"": 90}, {""label"": ""PERS"", ""text"": ""Олександром Овчаренком"", ""start"": 91, ""end"": 113}]"
56a910939865d4d195a76f632aaaa351c3103703f583b1c562dd4ac2672303e3,"Як раніше повідомляли « НГ. Львів », він колишній начальник управління капітального будівництва Львівської облдержадміністрації .","[{""label"": ""ART"", ""text"": ""НГ. Львів""}, {""label"": ""JOB"", ""text"": ""начальник управління""}, {""label"": ""ORG"", ""text"": ""Львівської облдержадміністрації""}]","[{""label"": ""ORG"", ""text"": ""НГ. Львів"", ""start"": 24, ""end"": 33}, {""label"": ""ORG"", ""text"": ""Львівської облдержадміністрації"", ""start"": 96, ""end"": 127}]"
47f3ef828c8b0f242fc0b2d5ea64e8c765b59d76579a2ef82cda3d08253392fd,"Також Овчаренко працював начальником управління (квартирно-експлуатаційного) Західного оперативного командування , головою Шевченківської райадміністрації Львівської міськради та директором ДП Міноборони України «Західвійськбуд» .","[{""label"": ""PERS"", ""text"": ""Овчаренко""}, {""label"": ""JOB"", ""text"": ""начальником управління""}, {""label"": ""ORG"", ""text"": ""Західного оперативного командування""}, {""label"": ""JOB"", ""text"": ""головою""}, {""label"": ""ORG"", ""text"": ""Шевченківської райадміністрації Львівської міськради""}, {""label"": ""JOB"", ""text"": ""директором""}, {""label"": ""ORG"", ""text"": ""ДП Міноборони України «Західвійськбуд»""}]","[{""label"": ""PERS"", ""text"": ""Овчаренко"", ""start"": 6, ""end"": 15}, {""label"": ""JOB"", ""text"": ""начальником управління (квартирно-експлуатаційного)"", ""start"": 25, ""end"": 76}, {""label"": ""ORG"", ""text"": ""Західного оперативного командування"", ""start"": 77, ""end"": 112}, {""label"": ""ORG"", ""text"": ""Шевченківської райадміністрації Львівської міськради"", ""start"": 123, ""end"": 175}, {""label"": ""JOB"", ""text"": ""директором ДП Міноборони України «Західвійськбуд»"", ""start"": 179, ""end"": 228}]"
59ca80c62103d6268e78e5b1513a14cde4cecaca63add95f2b1297a0e768b495,Найбільшим замовником « Галицького будівельника » є Західне територіальне квартирно-експлуатаційне управління .,"[{""label"": ""ORG"", ""text"": ""Галицького будівельника""}, {""label"": ""ORG"", ""text"": ""Західне територіальне квартирно-експлуатаційне управління""}]","[{""label"": ""ORG"", ""text"": ""Галицького будівельника"", ""start"": 24, ""end"": 47}, {""label"": ""ORG"", ""text"": ""Західне територіальне квартирно-експлуатаційне управління"", ""start"": 52, ""end"": 109}]"
7789cc5e67771129b23b57cb76514ae522315b017b967102f1bb23c82a05360a,Лише протягом 2018-2019 рр. воно підписало договорів з компанією на 214 млн грн .,"[{""label"": ""PERIOD"", ""text"": ""2018-2019 рр.""}, {""label"": ""MON"", ""text"": ""214 млн грн""}]","[{""label"": ""PERIOD"", ""text"": ""2018-2019 рр."", ""start"": 14, ""end"": 27}, {""label"": ""ORG"", ""text"": ""компанією"", ""start"": 55, ""end"": 64}, {""label"": ""MON"", ""text"": ""214 млн грн"", ""start"": 68, ""end"": 79}]"
1af159f85c832cfa8064fdab00f7a3bef587079e46aa8d9dc7f2f000bc114003,Компанія « Галицький будівельник » фігурує в кримінальному провадженні щодо привласнення / розтрати майна шляхом зловживання службовим становищем (ст. 191 ККУ ).,"[{""label"": ""ORG"", ""text"": ""Галицький будівельник""}, {""label"": ""DOC"", ""text"": ""ККУ""}]","[{""label"": ""ORG"", ""text"": ""Галицький будівельник"", ""start"": 11, ""end"": 32}, {""label"": ""JOB"", ""text"": ""службовим становищем"", ""start"": 125, ""end"": 145}]"
f63392869edcc1bacb31f70b1165e9818f61fe378f714caa1da86f59084a86cf,"Згідно з ухвалами, підприємство звинувачують в розкраданні бюджетних коштів через укладання додаткових угод.",[],"[{""label"": ""ORG"", ""text"": ""підприємство"", ""start"": 19, ""end"": 31}, {""label"": ""MON"", ""text"": ""бюджетних коштів"", ""start"": 59, ""end"": 75}]"
fc05b351686cafeffe821ed10bb530ef1d23d2be2c4bf342f24ab582f8d34cfc,Йдеться про капремонт їдальні та будівництва казарм у військовому містечку в м. Яворові .,"[{""label"": ""LOC"", ""text"": ""Яворові""}]","[{""label"": ""LOC"", ""text"": ""м. Яворові"", ""start"": 77, ""end"": 87}]"
daeb64b4da6cf4dc6ababcf4f5fac7ef0ae5b80455cebfb028a3e6d99eadc0b9,Ці роботи в компанії замовило Західне територіальне квартирно-експлуатаційне управління .,"[{""label"": ""ORG"", ""text"": ""Західне територіальне квартирно-експлуатаційне управління""}]","[{""label"": ""ORG"", ""text"": ""Західне територіальне квартирно-експлуатаційне управління"", ""start"": 30, ""end"": 87}]"
bb1e3e8f44a591c19f8e19f9e8a82d339f68dec24ab38b286d298751147af693,Наразі суд призначив будівельно-технічну експертизу. ДП «Дирекція з капітального будівництва і реконструкції Міжнародного аеропорту «Донецьк» 26 липня уклало угоду з ТОВ «Шляхове будівництво «Альтком» на комплекс будівельно-монтажних робіт з урахуванням вартості обладнання за об'єктом: « Комплекс централізованої заправки літаків ».,"[{""label"": ""ORG"", ""text"": ""ДП «Дирекція з капітального будівництва і реконструкції Міжнародного аеропорту «Донецьк»""}, {""label"": ""DATE"", ""text"": ""26 липня""}, {""label"": ""ORG"", ""text"": ""ТОВ «Шляхове будівництво «Альтком»""}, {""label"": ""MISC"", ""text"": ""Комплекс централізованої заправки літаків""}]","[{""label"": ""DATE"", ""text"": ""26 липня"", ""start"": 142, ""end"": 150}, {""label"": ""ORG"", ""text"": ""ТОВ «Шляхове будівництво «Альтком»"", ""start"": 166, ""end"": 200}, {""label"": ""ART"", ""text"": ""Комплекс централізованої заправки літаків"", ""start"": 289, ""end"": 330}]"
a3e643d7b27ee797ace3ddd4ef13d111b1adfba6eadcdffa51d9034516c2009a,"Вартість угоди склала 139,65 млн грн .","[{""label"": ""MON"", ""text"": ""139,65 млн грн""}]","[{""label"": ""MON"", ""text"": ""139,65 млн грн"", ""start"": 22, ""end"": 36}]"
f6caf9e1ec4735ee635225bea2855853399e4ff3d345ebd77a4cbc65b790e1d7,Про це повідомляється в « Віснику державних закупівель ».,"[{""label"": ""ART"", ""text"": ""Віснику державних закупівель""}]","[{""label"": ""ORG"", ""text"": ""« Віснику державних закупівель »"", ""start"": 24, ""end"": 56}]"
54d6e72ace57996b1ac4ba3717107197cdfc2e6fb98c5b26ea528d56b3b492b7,"До кінця 2012 року потрібно виконати «додаткові роботи, які не було включено в початковий проект, але які через непередбачувані обставини стали необхідними за умови, що договір буде укладено з попереднім виконавцем робіт».","[{""label"": ""DATE"", ""text"": ""кінця 2012 року""}]","[{""label"": ""PERIOD"", ""text"": ""До кінця 2012 року"", ""start"": 0, ""end"": 18}, {""label"": ""MISC"", ""text"": ""додаткові роботи"", ""start"": 38, ""end"": 54}, {""label"": ""ORG"", ""text"": ""початковий проект"", ""start"": 79, ""end"": 96}, {""label"": ""JOB"", ""text"": ""попереднім виконавцем робіт"", ""start"": 193, ""end"": 220}]"
4cf066032368a9378bd02d4178f649a45f5e71d7c8cafc7cf6635215d110a1e7,"Про це повідомляється в обґрунтуванні закупівлі, проведеної за неконкурентною процедурою «в одного учасника».",[],"[{""label"": ""PERS"", ""text"": ""в одного учасника"", ""start"": 90, ""end"": 107}]"
8f7c9c1cf5c2ff1a095d907362eb36132f2f72fefa40416d3570635803835a2f,"Нагадаємо, в середині червня уряд виділив на добудову донецького аеропорту додатково 693 млн грн. , однак в аеропорту і в « Альткомі » не змогли пояснити на що саме будуть спрямовані ці кошти.","[{""label"": ""DATE"", ""text"": ""середині червня""}, {""label"": ""MON"", ""text"": ""693 млн грн.""}, {""label"": ""ORG"", ""text"": ""Альткомі""}]","[{""label"": ""PERIOD"", ""text"": ""середині червня"", ""start"": 13, ""end"": 28}, {""label"": ""ORG"", ""text"": ""уряд"", ""start"": 29, ""end"": 33}, {""label"": ""LOC"", ""text"": ""донецького аеропорту"", ""start"": 54, ""end"": 74}, {""label"": ""MON"", ""text"": ""693 млн грн."", ""start"": 85, ""end"": 97}, {""label"": ""ORG"", ""text"": ""Альткомі"", ""start"": 124, ""end"": 132}]"
8076489b1c68686dc1222690a660bba0448f571cefd81d26036754ef03c62de5,"Загальна вартість розвитку Донецького аеропорту тепер становить 6,97 млрд грн .","[{""label"": ""ORG"", ""text"": ""Донецького аеропорту""}, {""label"": ""MON"", ""text"": ""6,97 млрд грн""}]","[{""label"": ""ORG"", ""text"": ""Донецького аеропорту"", ""start"": 27, ""end"": 47}, {""label"": ""MON"", ""text"": ""6,97 млрд грн"", ""start"": 64, ""end"": 77}]"
b0506fd053221abfd78d02e3dd2bb203c3218f3aed858d3c5de8b34c5d4e6b98,"Компанія « Альтком » є генпідрядником реконструкції Донецького аеропорту , проведеної до Євро-2012 , яке пройшло в Україні та Польщі в червні .","[{""label"": ""ORG"", ""text"": ""Альтком""}, {""label"": ""JOB"", ""text"": ""генпідрядником""}, {""label"": ""ORG"", ""text"": ""Донецького аеропорту""}, {""label"": ""MISC"", ""text"": ""Євро-2012""}, {""label"": ""LOC"", ""text"": ""Україні""}, {""label"": ""LOC"", ""text"": ""Польщі""}, {""label"": ""DATE"", ""text"": ""червні""}]","[{""label"": ""ORG"", ""text"": ""Компанія « Альтком »"", ""start"": 0, ""end"": 20}, {""label"": ""LOC"", ""text"": ""Донецького аеропорту"", ""start"": 52, ""end"": 72}, {""label"": ""LOC"", ""text"": ""Україні та Польщі"", ""start"": 115, ""end"": 132}, {""label"": ""DATE"", ""text"": ""червні"", ""start"": 135, ""end"": 141}]"
9cdbc4a2c1be0eed7d0511708c90b85e520825b11735130484cacf610a094fa5,"Після початку футбольного турніру « Альтком » без конкурсу отримав підряди на будівництво дороги під Донецьком вартістю 255,64 млн грн. , ділянки траси Київ- Харків в Полтавській області вартістю 471,34 млн грн .","[{""label"": ""ORG"", ""text"": ""Альтком""}, {""label"": ""LOC"", ""text"": ""Донецьком""}, {""label"": ""MON"", ""text"": ""255,64 млн грн.""}, {""label"": ""LOC"", ""text"": ""Київ-""}, {""label"": ""LOC"", ""text"": ""Харків""}, {""label"": ""LOC"", ""text"": ""Полтавській області""}, {""label"": ""MON"", ""text"": ""471,34 млн грн""}]","[{""label"": ""ORG"", ""text"": ""Альтком"", ""start"": 36, ""end"": 43}, {""label"": ""MON"", ""text"": ""255,64 млн грн"", ""start"": 120, ""end"": 134}, {""label"": ""LOC"", ""text"": ""Київ- Харків"", ""start"": 152, ""end"": 164}, {""label"": ""LOC"", ""text"": ""Полтавській області"", ""start"": 167, ""end"": 186}, {""label"": ""MON"", ""text"": ""471,34 млн грн"", ""start"": 196, ""end"": 210}]"
433304bc6e5092fb40e476dd61e725c36733d91637b71437e446e5fd83a72b39,"За час дії урядової програми з підготовки до Євро-2012 з 2008 року група компаній « Альтком » отримала підряди на загальну суму 12,09 млрд грн .","[{""label"": ""MISC"", ""text"": ""Євро-2012""}, {""label"": ""DATE"", ""text"": ""2008 року""}, {""label"": ""ORG"", ""text"": ""Альтком""}, {""label"": ""MON"", ""text"": ""12,09 млрд грн""}]","[{""label"": ""DATE"", ""text"": ""2008 року"", ""start"": 57, ""end"": 66}, {""label"": ""ORG"", ""text"": ""Альтком"", ""start"": 84, ""end"": 91}, {""label"": ""MON"", ""text"": ""12,09 млрд грн"", ""start"": 128, ""end"": 142}]"
daaf50dcb03bc7da34f89a90334e9f485435e216c21688d57f8055cac3f5d8f7,Власниками корпорації представляються донецькі бізнесмени Олександр Тисленко та Сергій Павлічев .,"[{""label"": ""JOB"", ""text"": ""бізнесмени""}, {""label"": ""PERS"", ""text"": ""Олександр Тисленко""}, {""label"": ""PERS"", ""text"": ""Сергій Павлічев""}]","[{""label"": ""ORG"", ""text"": ""корпорації"", ""start"": 11, ""end"": 21}, {""label"": ""PERS"", ""text"": ""Олександр Тисленко"", ""start"": 58, ""end"": 76}, {""label"": ""PERS"", ""text"": ""Сергій Павлічев"", ""start"": 80, ""end"": 95}]"
0275de2c6e033327d32d7480463a755b73153b7c85211979f49b98d03a08d68a,Неофіційно « Альтком » приписують до сфери впливу віце-прем'єра з питань Євро-2012 Бориса Колеснікова .,"[{""label"": ""ORG"", ""text"": ""Альтком""}, {""label"": ""JOB"", ""text"": ""віце-прем'єра""}, {""label"": ""MISC"", ""text"": ""Євро-2012""}, {""label"": ""PERS"", ""text"": ""Бориса Колеснікова""}]","[{""label"": ""ORG"", ""text"": ""Альтком"", ""start"": 13, ""end"": 20}, {""label"": ""JOB"", ""text"": ""віце-прем'єра з питань Євро-2012"", ""start"": 50, ""end"": 82}, {""label"": ""PERS"", ""text"": ""Бориса Колеснікова"", ""start"": 83, ""end"": 101}]"
56a65dcb25e153673ba69708aae6a7c740eb8424a8fd592d9934e74bfd4a3b47,"У 2010 році « Forbes-Україна » оцінював статки Бориса Колеснікова у $230 млн , поставивши його на 42-е місце в списку найбагатших українців.","[{""label"": ""DATE"", ""text"": ""2010 році""}, {""label"": ""ART"", ""text"": ""Forbes-Україна""}, {""label"": ""PERS"", ""text"": ""Бориса Колеснікова""}, {""label"": ""MON"", ""text"": ""$230 млн""}]","[{""label"": ""DATE"", ""text"": ""2010 році"", ""start"": 2, ""end"": 11}, {""label"": ""ORG"", ""text"": ""Forbes-Україна"", ""start"": 14, ""end"": 28}, {""label"": ""PERS"", ""text"": ""Бориса Колеснікова"", ""start"": 47, ""end"": 65}, {""label"": ""MON"", ""text"": ""$230 млн"", ""start"": 68, ""end"": 76}]"
87a51126cfa256e66f4ae4918a234183fa56778a52289b629e5a84e948b96fd3,В 2011 році Колесніков піднявся в рейтингу до $430 мільйонів і 19-го місця. Суд відмовився визнати ТОВ «Агентство безпеки «Легіон» переможцем закупівлі послуг з охорони об'єктів Головного управління юстиції в Луганській області через неправильно обраний фірмою спосіб захисту своїх прав.,"[{""label"": ""DATE"", ""text"": ""2011 році""}, {""label"": ""PERS"", ""text"": ""Колесніков""}, {""label"": ""MON"", ""text"": ""$430 мільйонів""}, {""label"": ""ORG"", ""text"": ""ТОВ «Агентство безпеки «Легіон»""}, {""label"": ""ORG"", ""text"": ""Головного управління юстиції в Луганській області""}]","[{""label"": ""DATE"", ""text"": ""2011 році"", ""start"": 2, ""end"": 11}, {""label"": ""PERS"", ""text"": ""Колесніков"", ""start"": 12, ""end"": 22}, {""label"": ""MON"", ""text"": ""$430 мільйонів"", ""start"": 46, ""end"": 60}, {""label"": ""ORG"", ""text"": ""ТОВ «Агентство безпеки «Легіон»"", ""start"": 99, ""end"": 130}, {""label"": ""ORG"", ""text"": ""Головного управління юстиції"", ""start"": 178, ""end"": 206}, {""label"": ""LOC"", ""text"": ""Луганській області"", ""start"": 209, ""end"": 227}]"
61e68e575c4fb165b87e46f68360c01e9fd91b4162a547ef0681307d4d0b8cba,Про це свідчить постанова Донецького апеляційного господарського суду від 14 жовтня .,"[{""label"": ""ORG"", ""text"": ""Донецького апеляційного господарського суду""}, {""label"": ""DATE"", ""text"": ""14 жовтня""}]","[{""label"": ""ORG"", ""text"": ""Донецького апеляційного господарського суду"", ""start"": 26, ""end"": 69}, {""label"": ""DATE"", ""text"": ""14 жовтня"", ""start"": 74, ""end"": 83}]"
5162ce8f89bd6259600a477d90f9a917816b025b37873c35208207884a36466c,У червні цього року Головне управління юстиції у Луганській області провело відкриті торги із закупівлі послуг з охорони.,"[{""label"": ""DATE"", ""text"": ""червні цього року""}, {""label"": ""ORG"", ""text"": ""Головне управління юстиції у Луганській області""}]","[{""label"": ""DATE"", ""text"": ""червні цього року"", ""start"": 2, ""end"": 19}, {""label"": ""LOC"", ""text"": ""Луганській області"", ""start"": 49, ""end"": 67}, {""label"": ""MISC"", ""text"": ""послуг з охорони"", ""start"": 104, ""end"": 120}]"
c97e28e55fc82c50021e25d3e5e0370cb420f0a1bb134c8f76c1945164932737,"На конкурс прийшло три учасники: ПП «ОА «Фенікс-Луганськ» з пропозицією у 483,20 тис грн. , Управління Державної служби охорони з пропозицією у 478,19 тис грн. і ТОВ «АБ «Легіон» , яке запропонувало 105,60 тис грн .","[{""label"": ""ORG"", ""text"": ""ПП «ОА «Фенікс-Луганськ»""}, {""label"": ""MON"", ""text"": ""483,20 тис грн.""}, {""label"": ""ORG"", ""text"": ""Управління Державної служби охорони""}, {""label"": ""MON"", ""text"": ""478,19 тис грн.""}, {""label"": ""ORG"", ""text"": ""ТОВ «АБ «Легіон»""}, {""label"": ""MON"", ""text"": ""105,60 тис грн""}]","[{""label"": ""ORG"", ""text"": ""ПП «ОА «Фенікс-Луганськ»"", ""start"": 33, ""end"": 57}, {""label"": ""MON"", ""text"": ""483,20 тис грн."", ""start"": 74, ""end"": 89}, {""label"": ""ORG"", ""text"": ""Управління Державної служби охорони"", ""start"": 92, ""end"": 127}, {""label"": ""MON"", ""text"": ""478,19 тис грн."", ""start"": 144, ""end"": 159}, {""label"": ""ORG"", ""text"": ""ТОВ «АБ «Легіон»"", ""start"": 162, ""end"": 178}, {""label"": ""MON"", ""text"": ""105,60 тис грн"", ""start"": 199, ""end"": 213}]"
dfa517f52011098d066eb87cf0f2921735e559b57b702b7d3739f4965362a25a,"Пропозиція « АБ «Легіон » була відхилена конкурсним комітетом через те, що фірма у формі цінової пропозиції, яка складалася з трьох колонок, в одній з колонок не зазначила вартість послуг, а лише проставила плюси.","[{""label"": ""ORG"", ""text"": ""АБ «Легіон""}]","[{""label"": ""ORG"", ""text"": ""АБ «Легіон"", ""start"": 13, ""end"": 23}, {""label"": ""QUANT"", ""text"": ""трьох колонок"", ""start"": 126, ""end"": 139}, {""label"": ""MON"", ""text"": ""вартість послуг"", ""start"": 172, ""end"": 187}]"
ff3de03a2748ccd011bcea3e09d7203a368bb4c8b8cace9afd00f18ff18035e1,"У результаті перемогло Управління ДСО за критерієм – ціна. ТОВ «АБ «Легіон» звернулося до суду з вимогою визнати його переможцем торгів, оскільки його цінова пропозиція була найменшою.","[{""label"": ""ORG"", ""text"": ""Управління ДСО""}, {""label"": ""ORG"", ""text"": ""ТОВ «АБ «Легіон»""}]","[{""label"": ""ORG"", ""text"": ""Управління ДСО"", ""start"": 23, ""end"": 37}, {""label"": ""MON"", ""text"": ""ціна"", ""start"": 53, ""end"": 57}, {""label"": ""ORG"", ""text"": ""ТОВ «АБ «Легіон»"", ""start"": 59, ""end"": 75}, {""label"": ""MON"", ""text"": ""цінова пропозиція"", ""start"": 151, ""end"": 168}]"
0f70d119023aa39189866810102967d64dcc34ec8cf27cb4d7ef0ad34d7d0b72,"Фірма пояснила, що у формі цінової пропозиції дві різні колонки містили опис однієї й тієї ж послуги.",[],"[{""label"": ""ORG"", ""text"": ""Фірма"", ""start"": 0, ""end"": 5}, {""label"": ""ART"", ""text"": ""опис однієї й тієї ж послуги"", ""start"": 72, ""end"": 100}]"
3ebda7d9ba6bc2ced85f320bd1e3569cb4ea609c6fec7d14b7763b578452d9fe,"І, «щоб уникнути задвоювання ціни, фірма заповнила лише одну колонку».",[],"[{""label"": ""MON"", ""text"": ""ціни"", ""start"": 29, ""end"": 33}, {""label"": ""ORG"", ""text"": ""фірма"", ""start"": 35, ""end"": 40}]"
2bf348c76566320e7832bd24a4c6101122effef913997c51d291b0ff3b7a2cf0,"Таким чином, «АБ «Легіон» доводить, що облуправління юстиції «неуважно поставилося до розроблення форми цінової пропозиції, що відобразилося у дублюванні послуг у різних колонках».","[{""label"": ""ORG"", ""text"": ""«АБ «Легіон»""}, {""label"": ""ORG"", ""text"": ""облуправління юстиції""}]","[{""label"": ""ORG"", ""text"": ""АБ «Легіон"", ""start"": 14, ""end"": 24}, {""label"": ""ART"", ""text"": ""форми цінової пропозиції"", ""start"": 98, ""end"": 122}, {""label"": ""MISC"", ""text"": ""різних колонках"", ""start"": 163, ""end"": 178}]"
350de2007a2c430c7ec580f293a0007f467c59baa0df45509fac2ea2f1f252c4,А пропозиція фірми відповідала всім вимогам документації конкурсних торгів і була найнижчою.,[],"[{""label"": ""ORG"", ""text"": ""фірми"", ""start"": 13, ""end"": 18}, {""label"": ""ART"", ""text"": ""документації конкурсних торгів"", ""start"": 44, ""end"": 74}]"
6994624ab02fced154166447fa111565ad701661c528958ccbc801f1cbb39369,"Суд погодився з доводами фірми, однак вказав, що обраний нею спосіб захисту не відповідає вимогам закону, тому у задоволенні позову їй відмовлено.",[],"[{""label"": ""ORG"", ""text"": ""Суд"", ""start"": 0, ""end"": 3}, {""label"": ""ORG"", ""text"": ""фірми"", ""start"": 25, ""end"": 30}]"
faa1585b39196d293470cbf64c81dac16119a3c56ac1a1192d6309e381d2fc5a,"Фірма мала би оскаржити результати торгів, натомість у позові вона вимагає визнати її переможцем.",[],"[{""label"": ""ORG"", ""text"": ""Фірма"", ""start"": 0, ""end"": 5}]"
6bb9240fe50f597d8762ec8a9a65630527058a8297ebf6675b7fc3620c0835ef,"Засновником донецького ТОВ «Агентство безпеки «Легіон» є ТОВ «Донецька управляюча компанія» , засновниками якої є Віктор Кленін і Домніка Кленіна Суд поновив частку НАК «Надра України» у договорі про спільну діяльність на Сахалінському родовищі .","[{""label"": ""ORG"", ""text"": ""ТОВ «Агентство безпеки «Легіон»""}, {""label"": ""ORG"", ""text"": ""ТОВ «Донецька управляюча компанія»""}, {""label"": ""JOB"", ""text"": ""засновниками""}, {""label"": ""PERS"", ""text"": ""Віктор Кленін""}, {""label"": ""PERS"", ""text"": ""Домніка Кленіна""}, {""label"": ""ORG"", ""text"": ""НАК «Надра України»""}, {""label"": ""LOC"", ""text"": ""Сахалінському родовищі""}]","[{""label"": ""ORG"", ""text"": ""ТОВ «Агентство безпеки «Легіон»"", ""start"": 23, ""end"": 54}, {""label"": ""ORG"", ""text"": ""ТОВ «Донецька управляюча компанія»"", ""start"": 57, ""end"": 91}, {""label"": ""PERS"", ""text"": ""Віктор Кленін"", ""start"": 114, ""end"": 127}, {""label"": ""PERS"", ""text"": ""Домніка Кленіна"", ""start"": 130, ""end"": 145}, {""label"": ""ORG"", ""text"": ""НАК «Надра України»"", ""start"": 165, ""end"": 184}, {""label"": ""LOC"", ""text"": ""Сахалінському родовищі"", ""start"": 222, ""end"": 244}]"
1fdf34f5ffaa55f7f65d4a6c052a37d82371a021d6e265111e57e1cb451efcde,Про це свідчить рішення Господарського суду м. Києва від 18 січня .,"[{""label"": ""ORG"", ""text"": ""Господарського суду м. Києва""}, {""label"": ""DATE"", ""text"": ""18 січня""}]","[{""label"": ""ORG"", ""text"": ""Господарського суду м. Києва"", ""start"": 24, ""end"": 52}, {""label"": ""DATE"", ""text"": ""18 січня"", ""start"": 57, ""end"": 65}]"
e69ac6691d4c8c8ced787d5d978f1b95cff6278f1fec5ad64d15405e940f3d46,У жовтні 2014 р. Госпсуд м. Києва розірвав договір купівлі-продажу у НАК «Надра України» 24% у проекті спільної діяльності на Сахалінському родовищі .,"[{""label"": ""DATE"", ""text"": ""жовтні 2014 р.""}, {""label"": ""ORG"", ""text"": ""Госпсуд м. Києва""}, {""label"": ""ORG"", ""text"": ""НАК «Надра України»""}, {""label"": ""PCT"", ""text"": ""24%""}, {""label"": ""LOC"", ""text"": ""Сахалінському родовищі""}]","[{""label"": ""DATE"", ""text"": ""жовтні 2014 р."", ""start"": 2, ""end"": 16}, {""label"": ""ORG"", ""text"": ""Госпсуд м. Києва"", ""start"": 17, ""end"": 33}, {""label"": ""ORG"", ""text"": ""НАК «Надра України»"", ""start"": 69, ""end"": 88}, {""label"": ""PCT"", ""text"": ""24%"", ""start"": 89, ""end"": 92}, {""label"": ""LOC"", ""text"": ""Сахалінському родовищі"", ""start"": 126, ""end"": 148}]"
0c4b9c8a968031cda539ab90087f6f0e53ee364e0d9ac0ba4aa3ac4bd0b85942,"Договір розірвали, оскільки « Голден Деррік » не оплатив придбану частку вартістю 6,36 млн грн .","[{""label"": ""ORG"", ""text"": ""Голден Деррік""}, {""label"": ""MON"", ""text"": ""6,36 млн грн""}]","[{""label"": ""DOC"", ""text"": ""Договір"", ""start"": 0, ""end"": 7}, {""label"": ""ORG"", ""text"": ""Голден Деррік"", ""start"": 30, ""end"": 43}, {""label"": ""MON"", ""text"": ""6,36 млн грн"", ""start"": 82, ""end"": 94}]"
3479fd583bdd7d5831e0ebc13d4fd9c04223994950076585cfec07dc43f12891,У подальшому це рішення підтвердили апеляційний та вищий суди.,[],"[{""label"": ""ORG"", ""text"": ""апеляційний та вищий суди"", ""start"": 36, ""end"": 61}]"
1988390fdffccfee31f97de7d9d08ca430665690e165c08f645ff5dc33ab8b95,"У грудні 2014 р. НАК «Надра України» направила листа іншим учасникам проекту ЗАТ «ВК «Укрнафтобуріння» , ТОВ «Сахалінське» та ТОВ «Голден Деррік» . Нацкомпанія пропонувала внести зміни договору і включити її до складу учасників з часткою 24% замість « Голден Деррік ».","[{""label"": ""DATE"", ""text"": ""грудні 2014 р.""}, {""label"": ""ORG"", ""text"": ""НАК «Надра України»""}, {""label"": ""ORG"", ""text"": ""ЗАТ «ВК «Укрнафтобуріння»""}, {""label"": ""ORG"", ""text"": ""ТОВ «Сахалінське»""}, {""label"": ""ORG"", ""text"": ""ТОВ «Голден Деррік»""}, {""label"": ""ORG"", ""text"": ""Нацкомпанія""}, {""label"": ""PCT"", ""text"": ""24%""}, {""label"": ""ORG"", ""text"": ""Голден Деррік""}]","[{""label"": ""DATE"", ""text"": ""грудні 2014 р."", ""start"": 2, ""end"": 16}, {""label"": ""ORG"", ""text"": ""НАК «Надра України»"", ""start"": 17, ""end"": 36}, {""label"": ""ORG"", ""text"": ""ЗАТ «ВК «Укрнафтобуріння»"", ""start"": 77, ""end"": 102}, {""label"": ""ORG"", ""text"": ""ТОВ «Сахалінське»"", ""start"": 105, ""end"": 122}, {""label"": ""ORG"", ""text"": ""ТОВ «Голден Деррік»"", ""start"": 126, ""end"": 145}, {""label"": ""PCT"", ""text"": ""24%"", ""start"": 238, ""end"": 241}, {""label"": ""ORG"", ""text"": ""Голден Деррік"", ""start"": 252, ""end"": 265}]"
7f577ea35703194cfaa78f55c58135fe74cfbf81ba6410917808b614a9122866,"Але, оскільки НАК «Надра України» не отримала «позитивних пропозицій», то була змушена звернутися до суду.","[{""label"": ""ORG"", ""text"": ""НАК «Надра України»""}]","[{""label"": ""ORG"", ""text"": ""НАК «Надра України»"", ""start"": 14, ""end"": 33}]"
f2ead1da43f282780aa1ab40f1fc5530f2c689387cca5f5bac88a05c734e437c,Суд вимоги НАК «Надра України» задовольнив і ухвалив замінити в договорі « Голден Деррік » на НАК «Надра України» .,"[{""label"": ""ORG"", ""text"": ""НАК «Надра України»""}, {""label"": ""ORG"", ""text"": ""Голден Деррік""}, {""label"": ""ORG"", ""text"": ""НАК «Надра України»""}]","[{""label"": ""ORG"", ""text"": ""НАК «Надра України»"", ""start"": 11, ""end"": 30}, {""label"": ""DOC"", ""text"": ""Голден Деррік"", ""start"": 75, ""end"": 88}, {""label"": ""ORG"", ""text"": ""НАК «Надра України»"", ""start"": 94, ""end"": 113}]"
52bf52fe621e77457b01386fb739cdebd308918726726e4e36eeba5ffd79a6f9,"Суд зазначив, що ці зміни набувають чинності з 10.12.2014 р. , тобто з моменту, коли судове рішення про розірвання договору вступило в дію після апеляції. Засновниками ТОВ «Голден Деррік» є НАК «Надра України» ( 33% ) і кіпрська компанія « Хартлог Лімітед » ( 67% ).","[{""label"": ""DATE"", ""text"": ""10.12.2014 р.""}, {""label"": ""JOB"", ""text"": ""Засновниками""}, {""label"": ""ORG"", ""text"": ""ТОВ «Голден Деррік»""}, {""label"": ""ORG"", ""text"": ""НАК «Надра України»""}, {""label"": ""PCT"", ""text"": ""33%""}, {""label"": ""ORG"", ""text"": ""Хартлог Лімітед""}, {""label"": ""PCT"", ""text"": ""67%""}]","[{""label"": ""DATE"", ""text"": ""10.12.2014 р."", ""start"": 47, ""end"": 60}, {""label"": ""ORG"", ""text"": ""ТОВ «Голден Деррік»"", ""start"": 168, ""end"": 187}, {""label"": ""ORG"", ""text"": ""НАК «Надра України»"", ""start"": 190, ""end"": 209}, {""label"": ""PCT"", ""text"": ""33%"", ""start"": 212, ""end"": 215}, {""label"": ""ORG"", ""text"": ""Хартлог Лімітед"", ""start"": 240, ""end"": 255}, {""label"": ""PCT"", ""text"": ""67%"", ""start"": 260, ""end"": 263}]"
477ea559bc37e7f56a77d236e8bb2a3294fba9ae4fed165ab5fbc8c8c4a2592f,"За часів Януковича фірму контролювало бізнес-середовище екс-міністрів Миколи Присяжнюка , Едуарда Ставицького і колишнього народного депутата Юрія Іванющенка .","[{""label"": ""PERS"", ""text"": ""Януковича""}, {""label"": ""JOB"", ""text"": ""екс-міністрів""}, {""label"": ""PERS"", ""text"": ""Миколи Присяжнюка""}, {""label"": ""PERS"", ""text"": ""Едуарда Ставицького""}, {""label"": ""JOB"", ""text"": ""народного депутата""}, {""label"": ""PERS"", ""text"": ""Юрія Іванющенка""}]","[{""label"": ""ORG"", ""text"": ""фірму"", ""start"": 19, ""end"": 24}, {""label"": ""MISC"", ""text"": ""бізнес-середовище"", ""start"": 38, ""end"": 55}, {""label"": ""PERS"", ""text"": ""Миколи Присяжнюка"", ""start"": 70, ""end"": 87}, {""label"": ""PERS"", ""text"": ""Едуарда Ставицького"", ""start"": 90, ""end"": 109}, {""label"": ""JOB"", ""text"": ""колишнього народного депутата"", ""start"": 112, ""end"": 141}, {""label"": ""PERS"", ""text"": ""Юрія Іванющенка"", ""start"": 142, ""end"": 157}]"
c0c66d8c1ff6f1de6af010106969173ba3b860624eecb0fd3ff81564dca38047,"У серпні цього року молдовський мільярдер Анатол Статі заявив, що тепер він контролює « Голден Деррік » і готовий вкладати в нього гроші.","[{""label"": ""DATE"", ""text"": ""серпні цього року""}, {""label"": ""PERS"", ""text"": ""Анатол Статі""}, {""label"": ""ORG"", ""text"": ""Голден Деррік""}]","[{""label"": ""DATE"", ""text"": ""серпні цього року"", ""start"": 2, ""end"": 19}, {""label"": ""JOB"", ""text"": ""молдовський мільярдер"", ""start"": 20, ""end"": 41}, {""label"": ""PERS"", ""text"": ""Анатол Статі"", ""start"": 42, ""end"": 54}, {""label"": ""ORG"", ""text"": ""Голден Деррік"", ""start"": 88, ""end"": 101}, {""label"": ""MON"", ""text"": ""гроші"", ""start"": 131, ""end"": 136}]"
2b6e0a07a62ad546a780e0c62879bf5042394035addf6e2baaba71878907eb06,Фірма через суд доводить свою непричетність до Ставицького та інших екс-чиновників часів Януковича .,"[{""label"": ""PERS"", ""text"": ""Ставицького""}, {""label"": ""JOB"", ""text"": ""екс-чиновників""}, {""label"": ""PERS"", ""text"": ""Януковича""}]","[{""label"": ""ORG"", ""text"": ""Фірма"", ""start"": 0, ""end"": 5}, {""label"": ""PERS"", ""text"": ""Ставицького"", ""start"": 47, ""end"": 58}, {""label"": ""PERS"", ""text"": ""Януковича"", ""start"": 89, ""end"": 98}]"
9f4857bf99b59e8faa2c0187b25bf15225d1726b29978d6c56865efad65af134,"Бенефіціарами ТОВ «Сахалінське» є нардеп від « Народного фронту », бізнес-партнер міністра МВС Арсена Авакова Ігор Котвіцький та екс-нардеп від « Блоку Юлії Тимошенко » Віталій Данилов Харківське територіальне відділення АМКУ оштрафувало комунальне СП «Харківгорліфт» на 55 тис. грн за зловживання монопольним становищем в результаті застосування різної вартості обслуговування ліфтів у багатоквартирних будинках Харкова .","[{""label"": ""ORG"", ""text"": ""ТОВ «Сахалінське»""}, {""label"": ""JOB"", ""text"": ""нардеп""}, {""label"": ""ORG"", ""text"": ""Народного фронту""}, {""label"": ""JOB"", ""text"": ""бізнес-партнер""}, {""label"": ""JOB"", ""text"": ""міністра""}, {""label"": ""ORG"", ""text"": ""МВС""}, {""label"": ""PERS"", ""text"": ""Арсена Авакова""}, {""label"": ""PERS"", ""text"": ""Ігор Котвіцький""}, {""label"": ""JOB"", ""text"": ""екс-нардеп""}, {""label"": ""ORG"", ""text"": ""Блоку Юлії Тимошенко""}, {""label"": ""PERS"", ""text"": ""Віталій Данилов""}, {""label"": ""ORG"", ""text"": ""Харківське територіальне відділення АМКУ""}, {""label"": ""ORG"", ""text"": ""СП «Харківгорліфт»""}, {""label"": ""MON"", ""text"": ""55 тис. грн""}, {""label"": ""LOC"", ""text"": ""Харкова""}]","[{""label"": ""ORG"", ""text"": ""ТОВ «Сахалінське»"", ""start"": 14, ""end"": 31}, {""label"": ""JOB"", ""text"": ""нардеп"", ""start"": 34, ""end"": 40}, {""label"": ""PERS"", ""text"": ""Ігор Котвіцький"", ""start"": 110, ""end"": 125}, {""label"": ""PERS"", ""text"": ""Віталій Данилов"", ""start"": 169, ""end"": 184}, {""label"": ""ORG"", ""text"": ""Харківське територіальне відділення АМКУ"", ""start"": 185, ""end"": 225}, {""label"": ""ORG"", ""text"": ""комунальне СП «Харківгорліфт»"", ""start"": 238, ""end"": 267}, {""label"": ""MON"", ""text"": ""55 тис. грн"", ""start"": 271, ""end"": 282}, {""label"": ""LOC"", ""text"": ""багатоквартирних будинках Харкова"", ""start"": 387, ""end"": 420}]"
0eed96800d3a423e9602f8c8b1ea2ea024a6d2d4e4bfa267dbb7d8f7fb9be00b,Про це свідчить рішення відділення від 21 травня .,"[{""label"": ""DATE"", ""text"": ""21 травня""}]","[{""label"": ""ORG"", ""text"": ""відділення"", ""start"": 24, ""end"": 34}, {""label"": ""DATE"", ""text"": ""21 травня"", ""start"": 39, ""end"": 48}]"
66b1ead89a90589fb4174a32999266e737fc9e4d55ea5d54c2a45ad6030dd6bd,"Відділення встановило, що у період з 2018-го по травень поточного року КСП «Харківгорліфт» займало монопольне становище на ринку послуг з технічного обслуговування ліфтів в межах багатоквартирних будинків Харкова із часткою 100% .","[{""label"": ""PERIOD"", ""text"": ""2018-го по травень поточного року""}, {""label"": ""ORG"", ""text"": ""КСП «Харківгорліфт»""}, {""label"": ""LOC"", ""text"": ""Харкова""}, {""label"": ""PCT"", ""text"": ""100%""}]","[{""label"": ""DATE"", ""text"": ""2018-го по травень поточного року"", ""start"": 37, ""end"": 70}, {""label"": ""ORG"", ""text"": ""КСП «Харківгорліфт»"", ""start"": 71, ""end"": 90}, {""label"": ""LOC"", ""text"": ""багатоквартирних будинків Харкова"", ""start"": 179, ""end"": 212}, {""label"": ""PCT"", ""text"": ""100%"", ""start"": 224, ""end"": 228}]"
94d061bfd07190e26e14200a66808d9e73f1d4576d09402ab3ebc92dd54ade86,"При цьому, комунальне підприємство застосовувало різну вартість технічного обслуговування базового ліфта в залежності від групи споживачів.",[],"[{""label"": ""ORG"", ""text"": ""комунальне підприємство"", ""start"": 11, ""end"": 34}, {""label"": ""ART"", ""text"": ""базового ліфта"", ""start"": 90, ""end"": 104}]"
dd00db8bbbd6dacc5594a80f396d3c69eb7a8dd6ac7f317d6b227670c1182a3b,"Антимонопольники встановили, що вартість технічного обслуговування базового ліфта встановлюється з урахуванням витрат, пов'язаних безпосередньо з наданням послуг і не залежить групи споживачів.",[],"[{""label"": ""ORG"", ""text"": ""Антимонопольники"", ""start"": 0, ""end"": 16}, {""label"": ""MON"", ""text"": ""вартість технічного обслуговування базового ліфта"", ""start"": 32, ""end"": 81}]"
7430b567a5f1988434b5075506b0b5d54f6746c084aef8839b488299890094f7,"Однак наприкінці 2017 року директор « Харківгорліфту » затвердив, що вартість обслуговування базового ліфта відомчого житла є більшою, ніж аналогічне обслуговування для ЖК, ОСББ на 43,20 грн ( 8% ):","[{""label"": ""DATE"", ""text"": ""2017 року""}, {""label"": ""JOB"", ""text"": ""директор""}, {""label"": ""ORG"", ""text"": ""Харківгорліфту""}, {""label"": ""MON"", ""text"": ""43,20 грн""}, {""label"": ""PCT"", ""text"": ""8%""}]","[{""label"": ""PERIOD"", ""text"": ""2017 року"", ""start"": 17, ""end"": 26}, {""label"": ""PERS"", ""text"": ""директор"", ""start"": 27, ""end"": 35}, {""label"": ""ORG"", ""text"": ""Харківгорліфту"", ""start"": 38, ""end"": 52}, {""label"": ""MON"", ""text"": ""43,20 грн"", ""start"": 181, ""end"": 190}, {""label"": ""PCT"", ""text"": ""8%"", ""start"": 193, ""end"": 195}]"
c75e54b049dd07eff255b537e65b8b45f0eae3a1af0a8ce4bed6f43849333b27,"* Для ЖК, ОСББ та інших замовників – 545,21 грн / міс ; * Для відомчого житла – 588,41 грн / міс.","[{""label"": ""MON"", ""text"": ""545,21 грн""}, {""label"": ""MON"", ""text"": ""588,41 грн""}]","[{""label"": ""ORG"", ""text"": ""ЖК"", ""start"": 6, ""end"": 8}, {""label"": ""ORG"", ""text"": ""ОСББ"", ""start"": 10, ""end"": 14}, {""label"": ""MON"", ""text"": ""545,21 грн / міс"", ""start"": 37, ""end"": 53}, {""label"": ""JOB"", ""text"": ""відомчого житла"", ""start"": 62, ""end"": 77}, {""label"": ""MON"", ""text"": ""588,41 грн / міс"", ""start"": 80, ""end"": 96}]"
f4c8c1dc4a3b65c2cde4f4e962671ea926e6a0802acc7745e0e914049d9ac31f,"Так, згідно з розрахунками середньомісячної вартості техобслуговування ліфтів, послуги з обслуговування ідентичного за своїми параметрами ліфта для ЖК та ОСББ коштуватиме 408,91 грн , а, наприклад, для гуртожитка – 441,31 грн .","[{""label"": ""MON"", ""text"": ""408,91 грн""}, {""label"": ""MON"", ""text"": ""441,31 грн""}]","[{""label"": ""ORG"", ""text"": ""ЖК"", ""start"": 148, ""end"": 150}, {""label"": ""ORG"", ""text"": ""ОСББ"", ""start"": 154, ""end"": 158}, {""label"": ""MON"", ""text"": ""408,91 грн"", ""start"": 171, ""end"": 181}, {""label"": ""ORG"", ""text"": ""гуртожитка"", ""start"": 202, ""end"": 212}, {""label"": ""MON"", ""text"": ""441,31 грн"", ""start"": 215, ""end"": 225}]"
c75761a853a0121e72695ba0452e40b3339248370a4d7cf1e673c1a55da64d45,"Такий підхід у ціноутворенні порушує законодавство про захист економічної конкуренції, констатували у Відділенні .","[{""label"": ""ORG"", ""text"": ""Відділенні""}]","[{""label"": ""ORG"", ""text"": ""Відділенні"", ""start"": 102, ""end"": 112}]"
cc5b365d9e4e2011067fe0eb966c79074432072ef65b386445d12f6449cd23f5,"У рішенні зазначено, що протягом минулого року підприємство надало послуг вартістю 79,09 млн грн , а протягом січня-лютого 2019-го – уже на 17,85 млн грн .","[{""label"": ""PERIOD"", ""text"": ""минулого року""}, {""label"": ""MON"", ""text"": ""79,09 млн грн""}, {""label"": ""PERIOD"", ""text"": ""січня-лютого 2019-го""}, {""label"": ""MON"", ""text"": ""17,85 млн грн""}]","[{""label"": ""PERIOD"", ""text"": ""минулого року"", ""start"": 33, ""end"": 46}, {""label"": ""ORG"", ""text"": ""підприємство"", ""start"": 47, ""end"": 59}, {""label"": ""MON"", ""text"": ""79,09 млн грн"", ""start"": 83, ""end"": 96}, {""label"": ""PERIOD"", ""text"": ""січня-лютого 2019-го"", ""start"": 110, ""end"": 130}, {""label"": ""MON"", ""text"": ""17,85 млн грн"", ""start"": 140, ""end"": 153}]"
a55b3ca582c95dea7bc4e679ecd8e3b987ac3732ebe2aa6cb4d41692dfa5ad4d,"Виручка підприємства за 2018 рік склала 169,81 млн грн .","[{""label"": ""DATE"", ""text"": ""2018 рік""}, {""label"": ""MON"", ""text"": ""169,81 млн грн""}]","[{""label"": ""ORG"", ""text"": ""підприємства"", ""start"": 8, ""end"": 20}, {""label"": ""PERIOD"", ""text"": ""2018 рік"", ""start"": 24, ""end"": 32}, {""label"": ""MON"", ""text"": ""169,81 млн грн"", ""start"": 40, ""end"": 54}]"
9e681474907265f84aabb63bfb56880545f61ac0af8c09c71fca1cd6f63297eb,"На основі цих даних Відділення визначило розмір штрафу за порушення, а саме 55 тис. грн .","[{""label"": ""MON"", ""text"": ""55 тис. грн""}]","[{""label"": ""ORG"", ""text"": ""Відділення"", ""start"": 20, ""end"": 30}, {""label"": ""MON"", ""text"": ""55 тис. грн"", ""start"": 76, ""end"": 87}]"
1ee1189f60fe57dda309ecc4aafa5e098e716b5b976bcf06d9f5c30a88f67622,Також Харківське ОТВ АМКУ зобов'язало « Харківгорліфт » у двомісячний термін припинити порушення та проінформувати відділення з приводу цього через надання копій підтверджуючих документів. ТОВ «Форпост-Оберіг» 11-28 лютого за результатами тендерів отримало підряди на послуги безпеки від ДТГО «Південно-Західна залізниця» і ДП «Одеська залізниця» .,"[{""label"": ""ORG"", ""text"": ""Харківське ОТВ АМКУ""}, {""label"": ""ORG"", ""text"": ""Харківгорліфт""}, {""label"": ""PERIOD"", ""text"": ""двомісячний""}, {""label"": ""ORG"", ""text"": ""ТОВ «Форпост-Оберіг»""}, {""label"": ""PERIOD"", ""text"": ""11-28 лютого""}, {""label"": ""ORG"", ""text"": ""ДТГО «Південно-Західна залізниця»""}, {""label"": ""ORG"", ""text"": ""ДП «Одеська залізниця»""}]","[{""label"": ""ORG"", ""text"": ""Харківське ОТВ АМКУ"", ""start"": 6, ""end"": 25}, {""label"": ""ORG"", ""text"": ""Харківгорліфт"", ""start"": 40, ""end"": 53}, {""label"": ""PERIOD"", ""text"": ""двомісячний термін"", ""start"": 58, ""end"": 76}, {""label"": ""ORG"", ""text"": ""ТОВ «Форпост-Оберіг"", ""start"": 189, ""end"": 208}, {""label"": ""DATE"", ""text"": ""11-28 лютого"", ""start"": 210, ""end"": 222}, {""label"": ""ORG"", ""text"": ""ДТГО «Південно-Західна залізниця»"", ""start"": 288, ""end"": 321}, {""label"": ""ORG"", ""text"": ""ДП «Одеська залізниця»"", ""start"": 324, ""end"": 346}]"
7b4c97a565b25a09c7a56b28083e1d778e2adf8fb1048aa9e24211052fa3c49a,"Загальна вартість угод складає 29,67 млн грн .","[{""label"": ""MON"", ""text"": ""29,67 млн грн""}]","[{""label"": ""MON"", ""text"": ""29,67 млн грн"", ""start"": 31, ""end"": 44}]"
a214e4e24bd6e2aae3a43180381b115a50a34c4c09990d72b6d5e0f812d2a043,Про це повідомляється у « Віснику державних закупівель ».,"[{""label"": ""ART"", ""text"": ""Віснику державних закупівель""}]","[{""label"": ""ORG"", ""text"": ""« Віснику державних закупівель »"", ""start"": 24, ""end"": 56}]"
4c5b4aa3a186da7c45415ee3262d133af045e6004b43d8853fc21f63dca95b38,"З них 2,42 млн грн. від ДТГО «Південно-Західна залізниця» і 27,25 млн грн. від ДП «Одеська залізниця» .","[{""label"": ""MON"", ""text"": ""2,42 млн грн.""}, {""label"": ""ORG"", ""text"": ""ДТГО «Південно-Західна залізниця»""}, {""label"": ""MON"", ""text"": ""27,25 млн грн.""}, {""label"": ""ORG"", ""text"": ""ДП «Одеська залізниця»""}]","[{""label"": ""MON"", ""text"": ""2,42 млн грн."", ""start"": 6, ""end"": 19}, {""label"": ""ORG"", ""text"": ""ДТГО «Південно-Західна залізниця»"", ""start"": 24, ""end"": 57}, {""label"": ""MON"", ""text"": ""27,25 млн грн."", ""start"": 60, ""end"": 74}, {""label"": ""ORG"", ""text"": ""ДП «Одеська залізниця»"", ""start"": 79, ""end"": 101}]"
a96f24e1c7798dca6e5ddcf5b6547085e10ccdcf6c56495d720c36adcdd084c8,"Йдеться про послуги по проведенню цілодобової охорони території та об'єктів локомотивних депо Козятин і Гречани , об'єктів Коростенської дирекції залізничних перевезень , території та об'єктів Козятинської дирекції залізничних перевезень від ДТГО «Південно-Західна залізниця» , дорожньої автобази ДП «Одеська залізниця» , підрозділів служби колії ДП «Одеська залізниця» , структурних підрозділів служби будівельно-монтажних робіт і цивільних споруд ДП «Одеська залізниця» , підрозділів служби електропостачання ДП «Одеська залізниця» .","[{""label"": ""LOC"", ""text"": ""Козятин""}, {""label"": ""LOC"", ""text"": ""Гречани""}, {""label"": ""ORG"", ""text"": ""Коростенської дирекції залізничних перевезень""}, {""label"": ""ORG"", ""text"": ""Козятинської дирекції залізничних перевезень""}, {""label"": ""ORG"", ""text"": ""ДТГО «Південно-Західна залізниця»""}, {""label"": ""ORG"", ""text"": ""ДП «Одеська залізниця»""}, {""label"": ""ORG"", ""text"": ""ДП «Одеська залізниця»""}, {""label"": ""ORG"", ""text"": ""ДП «Одеська залізниця»""}, {""label"": ""ORG"", ""text"": ""ДП «Одеська залізниця»""}]","[{""label"": ""LOC"", ""text"": ""Козятин і Гречани"", ""start"": 94, ""end"": 111}, {""label"": ""ORG"", ""text"": ""Коростенської дирекції залізничних перевезень"", ""start"": 123, ""end"": 168}, {""label"": ""ORG"", ""text"": ""Козятинської дирекції залізничних перевезень"", ""start"": 193, ""end"": 237}, {""label"": ""ORG"", ""text"": ""ДТГО «Південно-Західна залізниця»"", ""start"": 242, ""end"": 275}, {""label"": ""ORG"", ""text"": ""ДП «Одеська залізниця»"", ""start"": 297, ""end"": 319}, {""label"": ""ORG"", ""text"": ""ДП «Одеська залізниця»"", ""start"": 347, ""end"": 369}, {""label"": ""ORG"", ""text"": ""ДП «Одеська залізниця»"", ""start"": 449, ""end"": 471}, {""label"": ""ORG"", ""text"": ""ДП «Одеська залізниця»"", ""start"": 511, ""end"": 533}]"
d1b6031062f5dcf0d5614f457129212ca894f269ea15ea5b5ea81bbc1b0fa2cd,"Першозасновниками « Форпост-Оберіг » зі статутним капіталом 1 тис грн. були Равіля Кузьміна і Валентина Гиря , яка згодом була єдиною власницею фірми до жовтня 2012 року . Сьогодні фірма зареєстрована на одесита Едуарда Дунаєвського і Анатолія Пляченка з Чернігівщини . Директором продовжує бути Анатолій Веретенник .","[{""label"": ""ORG"", ""text"": ""Форпост-Оберіг""}, {""label"": ""MON"", ""text"": ""1 тис грн.""}, {""label"": ""PERS"", ""text"": ""Равіля Кузьміна""}, {""label"": ""PERS"", ""text"": ""Валентина Гиря""}, {""label"": ""DATE"", ""text"": ""жовтня 2012 року""}, {""label"": ""DATE"", ""text"": ""Сьогодні""}, {""label"": ""PERS"", ""text"": ""Едуарда Дунаєвського""}, {""label"": ""PERS"", ""text"": ""Анатолія Пляченка""}, {""label"": ""LOC"", ""text"": ""Чернігівщини""}, {""label"": ""JOB"", ""text"": ""Директором""}, {""label"": ""PERS"", ""text"": ""Анатолій Веретенник""}]","[{""label"": ""ORG"", ""text"": ""Форпост-Оберіг"", ""start"": 20, ""end"": 34}, {""label"": ""MON"", ""text"": ""1 тис грн."", ""start"": 60, ""end"": 70}, {""label"": ""PERS"", ""text"": ""Равіля Кузьміна"", ""start"": 76, ""end"": 91}, {""label"": ""PERS"", ""text"": ""Валентина Гиря"", ""start"": 94, ""end"": 108}, {""label"": ""DATE"", ""text"": ""жовтня 2012 року"", ""start"": 153, ""end"": 169}, {""label"": ""PERS"", ""text"": ""Едуарда Дунаєвського"", ""start"": 212, ""end"": 232}, {""label"": ""PERS"", ""text"": ""Анатолія Пляченка"", ""start"": 235, ""end"": 252}, {""label"": ""LOC"", ""text"": ""Чернігівщини"", ""start"": 255, ""end"": 267}, {""label"": ""PERS"", ""text"": ""Анатолій Веретенник"", ""start"": 296, ""end"": 315}]"
429bb804d5eaddf53947c919974392b8b88360dd289f3a4eedc4e879f8adc3c3,"Відомо, що « Форпост-Оберіг » використовує однаковий номер телефону (044) 583-19-27 з ТОВ «Пакт-3» , яким володіють Олена Гиря і Марина Кузьміна . Марина Кузьміна у свій час була зареєстрована за однією адресою з Рафаелем Кузьміним , колишнім першим заступником Голови Антимонопольного комітету , звільненим 3 березня цього року .","[{""label"": ""ORG"", ""text"": ""Форпост-Оберіг""}, {""label"": ""ORG"", ""text"": ""ТОВ «Пакт-3»""}, {""label"": ""PERS"", ""text"": ""Олена Гиря""}, {""label"": ""PERS"", ""text"": ""Марина Кузьміна""}, {""label"": ""PERS"", ""text"": ""Марина Кузьміна""}, {""label"": ""PERS"", ""text"": ""Рафаелем Кузьміним""}, {""label"": ""JOB"", ""text"": ""першим заступником""}, {""label"": ""ORG"", ""text"": ""Голови Антимонопольного комітету""}, {""label"": ""DATE"", ""text"": ""3 березня цього року""}]","[{""label"": ""ORG"", ""text"": ""« Форпост-Оберіг »"", ""start"": 11, ""end"": 29}, {""label"": ""ORG"", ""text"": ""ТОВ «Пакт-3»"", ""start"": 86, ""end"": 98}, {""label"": ""PERS"", ""text"": ""Олена Гиря"", ""start"": 116, ""end"": 126}, {""label"": ""PERS"", ""text"": ""Марина Кузьміна"", ""start"": 129, ""end"": 144}, {""label"": ""PERS"", ""text"": ""Марина Кузьміна"", ""start"": 147, ""end"": 162}, {""label"": ""PERS"", ""text"": ""Рафаелем Кузьміним"", ""start"": 213, ""end"": 231}, {""label"": ""DATE"", ""text"": ""3 березня цього року"", ""start"": 308, ""end"": 328}]"
ff75df1e114b3c3744e348908dd049c0ecdce81ba25e2951e530f5be02e76336,"Він є двоюрідним братом Рената Кузьміна , екс-заступника Генпрокурора .","[{""label"": ""PERS"", ""text"": ""Рената Кузьміна""}, {""label"": ""JOB"", ""text"": ""екс-заступника Генпрокурора""}]","[{""label"": ""PERS"", ""text"": ""Він"", ""start"": 0, ""end"": 3}, {""label"": ""PERS"", ""text"": ""Рената Кузьміна"", ""start"": 24, ""end"": 39}, {""label"": ""JOB"", ""text"": ""екс-заступника Генпрокурора"", ""start"": 42, ""end"": 69}]"
290aef54e0cd0e6db012164fbc1d78a9683f9795eedc46ecc6b6851e5cc89bbe,"За даними ЗМІ, дружину Рафаеля Кузьміна звуть Марина .","[{""label"": ""PERS"", ""text"": ""Рафаеля Кузьміна""}, {""label"": ""PERS"", ""text"": ""Марина""}]","[{""label"": ""ORG"", ""text"": ""ЗМІ"", ""start"": 10, ""end"": 13}, {""label"": ""PERS"", ""text"": ""Рафаеля Кузьміна"", ""start"": 23, ""end"": 39}, {""label"": ""JOB"", ""text"": ""Марина"", ""start"": 46, ""end"": 52}]"
4d619695f8553132885c8ce26b8c3b209e82d7ee8089d07e500947c46ef78a78,"На більшості торгів єдиним конкурентом було ТОВ «Компанія ТСК» , зареєстрована на Анатолія Сороку з Черкас і вищезгадане ТОВ «Пакт-3» .","[{""label"": ""ORG"", ""text"": ""ТОВ «Компанія ТСК»""}, {""label"": ""PERS"", ""text"": ""Анатолія Сороку""}, {""label"": ""LOC"", ""text"": ""Черкас""}, {""label"": ""ORG"", ""text"": ""ТОВ «Пакт-3»""}]","[{""label"": ""ORG"", ""text"": ""ТОВ «Компанія ТСК»"", ""start"": 44, ""end"": 62}, {""label"": ""PERS"", ""text"": ""Анатолія Сороку"", ""start"": 82, ""end"": 97}, {""label"": ""LOC"", ""text"": ""Черкас"", ""start"": 100, ""end"": 106}, {""label"": ""ORG"", ""text"": ""ТОВ «Пакт-3»"", ""start"": 121, ""end"": 133}]"
c884918fe240ae77d68b2fc3fa068939c24004b9833d8d7deac1d89bc7ebb635,"У « Віснику державних закупівель » опубліковано підряди фірми « Форпост-Оберіг » на суму 112,72 млн грн. , ТОВ «Компанія ТСК» – на 112,46 млн грн Управління капітального будівництва Одеської міськради має сплатити 16,71 млн грн. ТОВ «Одеські реставраційні майстерні» .","[{""label"": ""ART"", ""text"": ""Віснику державних закупівель""}, {""label"": ""ORG"", ""text"": ""Форпост-Оберіг""}, {""label"": ""MON"", ""text"": ""112,72 млн грн.""}, {""label"": ""ORG"", ""text"": ""ТОВ «Компанія ТСК»""}, {""label"": ""MON"", ""text"": ""112,46 млн грн""}, {""label"": ""ORG"", ""text"": ""Управління капітального будівництва Одеської міськради""}, {""label"": ""MON"", ""text"": ""16,71 млн грн.""}, {""label"": ""ORG"", ""text"": ""ТОВ «Одеські реставраційні майстерні»""}]","[{""label"": ""ORG"", ""text"": ""Форпост-Оберіг"", ""start"": 64, ""end"": 78}, {""label"": ""MON"", ""text"": ""112,72 млн грн"", ""start"": 89, ""end"": 103}, {""label"": ""ORG"", ""text"": ""ТОВ «Компанія ТСК»"", ""start"": 107, ""end"": 125}, {""label"": ""MON"", ""text"": ""112,46 млн грн"", ""start"": 131, ""end"": 145}, {""label"": ""ORG"", ""text"": ""Управління капітального будівництва Одеської міськради"", ""start"": 146, ""end"": 200}, {""label"": ""MON"", ""text"": ""16,71 млн грн"", ""start"": 214, ""end"": 227}, {""label"": ""ORG"", ""text"": ""ТОВ «Одеські реставраційні майстерні»"", ""start"": 229, ""end"": 266}]"
a106d9ff61ee19c7ccd50bb5aaf922e0fa4be123bdf0a9645e256fdb12ad701a,Про це йдеться у постанові Одеського апеляційного господарського суду від 12 березня .,"[{""label"": ""ORG"", ""text"": ""Одеського апеляційного господарського суду""}, {""label"": ""DATE"", ""text"": ""12 березня""}]","[{""label"": ""ORG"", ""text"": ""Одеського апеляційного господарського суду"", ""start"": 27, ""end"": 69}, {""label"": ""DATE"", ""text"": ""12 березня"", ""start"": 74, ""end"": 84}]"
113de2d50ab43f7138c0265a940655c78c58dd51c8128142650bc9849d290ce2,"Гроші стягуються за договором від 10 жовтня 2011 року , укладеного фірмою з управлінням про капітальний ремонт та ремонтно-реставраційні роботи фасадів та покрівель будівель, розташованих у історичній частині м. Одеси на суму 93,90 млн грн .","[{""label"": ""DATE"", ""text"": ""10 жовтня 2011 року""}, {""label"": ""LOC"", ""text"": ""Одеси""}, {""label"": ""MON"", ""text"": ""93,90 млн грн""}]","[{""label"": ""DATE"", ""text"": ""10 жовтня 2011 року"", ""start"": 34, ""end"": 53}, {""label"": ""LOC"", ""text"": ""історичній частині м. Одеси"", ""start"": 190, ""end"": 217}, {""label"": ""MON"", ""text"": ""93,90 млн грн"", ""start"": 226, ""end"": 239}]"
77a2fa20029a1ce774088b309c99652314c475b469f9de46d7cf335024aaad2e,Тендер тоді пройшов за процедурою закупівлі в одного учасника.,[],"[{""label"": ""ORG"", ""text"": ""Тендер"", ""start"": 0, ""end"": 6}, {""label"": ""PERS"", ""text"": ""одного учасника"", ""start"": 46, ""end"": 61}]"
599dd6e96c8475bba782b4f97a6757361c171135abb4da49a326907c9eaa1775,"Відомо, що « Одеські реставраційні майстерні » зобов'язались перед мерією організувати оплачувані громадські роботи і залучити безробітних.","[{""label"": ""ORG"", ""text"": ""Одеські реставраційні майстерні""}]","[{""label"": ""ORG"", ""text"": ""Одеські реставраційні майстерні"", ""start"": 13, ""end"": 44}, {""label"": ""MISC"", ""text"": ""оплачувані громадські роботи"", ""start"": 87, ""end"": 115}, {""label"": ""PERS"", ""text"": ""безробітних"", ""start"": 127, ""end"": 138}]"
3cde532f42cf55b2adbbf45add44b8be490f56fa4f4b0539fadf3fda383b9e2b,"Передбачалося, що реставраційні роботи фінансуватимуть з місцевого бюджету в розмірі не менше 25% , решту суми мав забезпечити Фонд загальнообов'язкового державного соціального страхування .","[{""label"": ""PCT"", ""text"": ""25%""}, {""label"": ""ORG"", ""text"": ""Фонд загальнообов'язкового державного соціального страхування""}]","[{""label"": ""MISC"", ""text"": ""реставраційні роботи"", ""start"": 18, ""end"": 38}, {""label"": ""ORG"", ""text"": ""місцевого бюджету"", ""start"": 57, ""end"": 74}, {""label"": ""PCT"", ""text"": ""25%"", ""start"": 94, ""end"": 97}, {""label"": ""ORG"", ""text"": ""Фонд загальнообов'язкового державного соціального страхування"", ""start"": 127, ""end"": 188}]"
f2c6dbf8a82ca681689ea2029a3ad154f5af4cecbf9b1c2b291744bbfbc89991,"« Одеські реставраційні майстерні » подали позов, оскільки недоотримали від мерії 13,07 млн грн .","[{""label"": ""ORG"", ""text"": ""Одеські реставраційні майстерні""}, {""label"": ""MON"", ""text"": ""13,07 млн грн""}]","[{""label"": ""ORG"", ""text"": ""Одеські реставраційні майстерні"", ""start"": 2, ""end"": 33}, {""label"": ""MON"", ""text"": ""13,07 млн грн"", ""start"": 82, ""end"": 95}]"
1131905fff286aae3d10e5269faf6b2798c86a672487a18579344ace9fc11b9e,Натомість ці кошти були повернуті до Держцентру зайнятості як невикористані.,"[{""label"": ""ORG"", ""text"": ""Держцентру зайнятості""}]","[{""label"": ""ORG"", ""text"": ""Держцентру зайнятості"", ""start"": 37, ""end"": 58}]"
4a54f5e4fdb62d4b88bc25e03a289c06ca30bb62b7fbc00f0cc40644d1278719,"Водночас у матеріалах справи виявлено акти прийому передачу на роботи на суму 13,07 млн грн. , скріплені підписами та печатками сторін.","[{""label"": ""MON"", ""text"": ""13,07 млн грн.""}]","[{""label"": ""ART"", ""text"": ""акти прийому передачу на роботи"", ""start"": 38, ""end"": 69}, {""label"": ""MON"", ""text"": ""13,07 млн грн."", ""start"": 78, ""end"": 92}]"
780c4d471d7c28ad72518c889079d3c51c59c8b8794ae8b04a89a38f4bd286e9,"Відтак суд визнав, що Управління капбудівництва має розрахуватись із підрядником.","[{""label"": ""ORG"", ""text"": ""Управління капбудівництва""}]","[{""label"": ""ORG"", ""text"": ""Управління капбудівництва"", ""start"": 22, ""end"": 47}]"
25d4ee37a653e5f3dc822ecebfa69e4194a9be2815a2a3f4c4e083707cb35fe2,"Стягувана сума включає в себе 13,07 млн грн. заборгованості, 2,52 млн грн. – інфляції, а також 3 відсотки річних – 1,11 млн грн .","[{""label"": ""MON"", ""text"": ""13,07 млн грн.""}, {""label"": ""MON"", ""text"": ""2,52 млн грн.""}, {""label"": ""PCT"", ""text"": ""3 відсотки""}, {""label"": ""MON"", ""text"": ""1,11 млн грн""}]","[{""label"": ""MON"", ""text"": ""13,07 млн грн."", ""start"": 30, ""end"": 44}, {""label"": ""MON"", ""text"": ""2,52 млн грн."", ""start"": 61, ""end"": 74}, {""label"": ""PCT"", ""text"": ""3 відсотки річних"", ""start"": 95, ""end"": 112}, {""label"": ""MON"", ""text"": ""1,11 млн грн ."", ""start"": 115, ""end"": 129}]"
eabe647fec0bec15edf508e6f0f9f8f002bc19124b917ab9c8e5d35b658693a8,"Раніше Держфінінспекція виявила завищення вартості робіт « Одеські реставраційні майстерні » на 2,4 млн грн .","[{""label"": ""ORG"", ""text"": ""Держфінінспекція""}, {""label"": ""ORG"", ""text"": ""Одеські реставраційні майстерні""}, {""label"": ""MON"", ""text"": ""2,4 млн грн""}]","[{""label"": ""ORG"", ""text"": ""Держфінінспекція"", ""start"": 7, ""end"": 23}, {""label"": ""ORG"", ""text"": ""Одеські реставраційні майстерні"", ""start"": 59, ""end"": 90}, {""label"": ""MON"", ""text"": ""2,4 млн грн"", ""start"": 96, ""end"": 107}]"
b595a597aa31583675c99ab787df05385842dae04671231b2b2a692a27b1de66,"Як повідомила фірма на суді, з позицією ревізорів вона не погодилась, але задля для уникнення можливих негативних наслідків – а саме, порушення кримінальної справи, погіршення репутації підприємства, акти робіт були скореговані. 35% статутного капіталу ТОВ «Одеські реставраційні майстерні» належить компанії « Інкор-Групп », заведеній на швейцарську компанію « Yadrot Industries Ag ». Директором « Інкор-Групп » є відомий одеський бізнесмен Руслан Тарпан , який раніше особисто значився власником цієї компанії. Державне агентство з інвестицій та управління національними проектами України 21 червня за результатами тендеру уклав угоду з ТОВ «Фінансовий паблік рілейшинс» на послуги з поліпшення іміджу та надання потенційним інвесторам інформації про умови реалізації національних проектів на суму 11,85 млн грн .","[{""label"": ""PCT"", ""text"": ""35%""}, {""label"": ""ORG"", ""text"": ""ТОВ «Одеські реставраційні майстерні»""}, {""label"": ""ORG"", ""text"": ""Інкор-Групп""}, {""label"": ""ORG"", ""text"": ""Yadrot Industries Ag""}, {""label"": ""JOB"", ""text"": ""Директором""}, {""label"": ""ORG"", ""text"": ""Інкор-Групп""}, {""label"": ""PERS"", ""text"": ""Руслан Тарпан""}, {""label"": ""ORG"", ""text"": ""Державне агентство з інвестицій та управління національними проектами України""}, {""label"": ""DATE"", ""text"": ""21 червня""}, {""label"": ""ORG"", ""text"": ""ТОВ «Фінансовий паблік рілейшинс»""}, {""label"": ""MON"", ""text"": ""11,85 млн грн""}]","[{""label"": ""ART"", ""text"": ""акти робіт"", ""start"": 200, ""end"": 210}, {""label"": ""PCT"", ""text"": ""35%"", ""start"": 229, ""end"": 232}, {""label"": ""ORG"", ""text"": ""ТОВ «Одеські реставраційні майстерні»"", ""start"": 253, ""end"": 290}, {""label"": ""ORG"", ""text"": ""Yadrot Industries Ag"", ""start"": 362, ""end"": 382}, {""label"": ""ORG"", ""text"": ""Інкор-Групп"", ""start"": 399, ""end"": 410}, {""label"": ""PERS"", ""text"": ""Руслан Тарпан"", ""start"": 442, ""end"": 455}, {""label"": ""ORG"", ""text"": ""Державне агентство з інвестицій та управління національними проектами України"", ""start"": 513, ""end"": 590}, {""label"": ""DATE"", ""text"": ""21 червня"", ""start"": 591, ""end"": 600}, {""label"": ""ORG"", ""text"": ""ТОВ «Фінансовий паблік рілейшинс»"", ""start"": 639, ""end"": 672}, {""label"": ""MON"", ""text"": ""11,85 млн грн"", ""start"": 800, ""end"": 813}]"
f6caf9e1ec4735ee635225bea2855853399e4ff3d345ebd77a4cbc65b790e1d7,Про це повідомляється в « Віснику державних закупівель ».,"[{""label"": ""ART"", ""text"": ""Віснику державних закупівель""}]","[{""label"": ""ORG"", ""text"": ""« Віснику державних закупівель »"", ""start"": 24, ""end"": 56}]"
b57af6279a49b10173803178485391f3d8b85b5c9cfc6f39ed3bc54a1ce7f98c,Кошти державного бюджету призначено для організації розміщення у світових ЗМІ редакційних (іміджевих) матеріалів.,[],"[{""label"": ""ORG"", ""text"": ""світових ЗМІ"", ""start"": 65, ""end"": 77}]"
a6c36be2d7e9385effc10f9bf25b7621e618e48879c9373e23fb07b442d51809,Також передбачено візити представників Держівнестпроекту на міжнародні представницькі заходи по тематиці нацпроектів та проведення таких заходів в Україні (весь перелік).,"[{""label"": ""ORG"", ""text"": ""Держівнестпроекту""}, {""label"": ""LOC"", ""text"": ""Україні""}]","[{""label"": ""ORG"", ""text"": ""Держівнестпроекту"", ""start"": 39, ""end"": 56}, {""label"": ""MISC"", ""text"": ""нацпроектів"", ""start"": 105, ""end"": 116}, {""label"": ""LOC"", ""text"": ""Україні"", ""start"": 147, ""end"": 154}, {""label"": ""MISC"", ""text"": ""весь перелік"", ""start"": 156, ""end"": 168}]"
22a665669bde9c3dc3d0390c6ab68213cb8cefa08f3f1281e36cbbdccd300185,"Наприклад, по проекту « LNG-Україна » передбачено організація орієнтовно десяти публікацій у країнах Європи , США , Близького Сходу , Китаї та Кореї з візитом журналістів цих ЗМІ в Україну .","[{""label"": ""ART"", ""text"": ""LNG-Україна""}, {""label"": ""LOC"", ""text"": ""Європи""}, {""label"": ""LOC"", ""text"": ""США""}, {""label"": ""LOC"", ""text"": ""Близького Сходу""}, {""label"": ""LOC"", ""text"": ""Китаї""}, {""label"": ""LOC"", ""text"": ""Кореї""}, {""label"": ""LOC"", ""text"": ""Україну""}]","[{""label"": ""ORG"", ""text"": ""LNG-Україна"", ""start"": 24, ""end"": 35}]"
3122df54c3eaf9a8360122be153e477357179e6bdafeff3ff1b0a2353ad120fc,"Також потрібно «ідентифікувати та надати замовнику список потенційних партнерів (інвесторів, постачальників LNG , державних діячів, лідерів думок та експертів у сфері LNG )» і організувати їх візити в Україну .","[{""label"": ""MISC"", ""text"": ""LNG""}, {""label"": ""MISC"", ""text"": ""LNG""}, {""label"": ""LOC"", ""text"": ""Україну""}]","[{""label"": ""ORG"", ""text"": ""замовнику"", ""start"": 41, ""end"": 50}, {""label"": ""ORG"", ""text"": ""інвесторів"", ""start"": 81, ""end"": 91}, {""label"": ""ORG"", ""text"": ""постачальників LNG"", ""start"": 93, ""end"": 111}, {""label"": ""ORG"", ""text"": ""державних діячів"", ""start"": 114, ""end"": 130}, {""label"": ""LOC"", ""text"": ""Україну"", ""start"": 201, ""end"": 208}]"
70f5d1c9f7fa769afbf981ee458efe578c7a4b7f91deecf48897c09c42dd7033,"По проекту « Технополіс » передбачено п'ять публікацій в країнах Європи , Північної Америки та Азії та організація українського ІТ-павільйону в Кремнієвій долині .","[{""label"": ""ART"", ""text"": ""Технополіс""}, {""label"": ""LOC"", ""text"": ""Європи""}, {""label"": ""LOC"", ""text"": ""Північної Америки""}, {""label"": ""LOC"", ""text"": ""Азії""}, {""label"": ""LOC"", ""text"": ""Кремнієвій долині""}]","[{""label"": ""ORG"", ""text"": ""Технополіс"", ""start"": 13, ""end"": 23}, {""label"": ""QUANT"", ""text"": ""п'ять публікацій"", ""start"": 38, ""end"": 54}, {""label"": ""ORG"", ""text"": ""українського ІТ-павільйону"", ""start"": 115, ""end"": 141}, {""label"": ""LOC"", ""text"": ""Кремнієвій долині"", ""start"": 144, ""end"": 161}]"
a513cca1c785e2c13fb0fd24c34856c5721283d8fa598bcaa2682736590f0209,"Загалом Держінвестпроект виділив гроші на просування восьми нацпроектів: « LNG- Україна », « Відкритий світ », « Олімпійська надія-2022» , « Технополіс », « Якісна вода », « Нове життя », « Енергія природи » і « Чисте місто ».","[{""label"": ""ORG"", ""text"": ""Держінвестпроект""}, {""label"": ""ART"", ""text"": ""LNG- Україна""}, {""label"": ""ART"", ""text"": ""Відкритий світ""}, {""label"": ""ART"", ""text"": ""Олімпійська надія-2022»""}, {""label"": ""ART"", ""text"": ""Технополіс""}, {""label"": ""ART"", ""text"": ""Якісна вода""}, {""label"": ""ART"", ""text"": ""Нове життя""}, {""label"": ""ART"", ""text"": ""Енергія природи""}, {""label"": ""ART"", ""text"": ""Чисте місто""}]","[{""label"": ""ORG"", ""text"": ""Держінвестпроект"", ""start"": 8, ""end"": 24}, {""label"": ""MISC"", ""text"": ""LNG- Україна"", ""start"": 75, ""end"": 87}, {""label"": ""MISC"", ""text"": ""Відкритий світ"", ""start"": 93, ""end"": 107}, {""label"": ""MISC"", ""text"": ""Олімпійська надія-2022"", ""start"": 113, ""end"": 135}, {""label"": ""MISC"", ""text"": ""Технополіс"", ""start"": 141, ""end"": 151}, {""label"": ""MISC"", ""text"": ""Якісна вода"", ""start"": 157, ""end"": 168}, {""label"": ""MISC"", ""text"": ""Нове життя"", ""start"": 174, ""end"": 184}, {""label"": ""MISC"", ""text"": ""Енергія природи"", ""start"": 190, ""end"": 205}, {""label"": ""MISC"", ""text"": ""Чисте місто"", ""start"": 212, ""end"": 223}]"
4bfa350815112d9546c481f4d1b05df65242983008fab4720d98b9db3878dd0e,"Кошти отримає ТОВ «Фінансовий паблік рілейшинс» , засновниками якого є львів'янин Юрій Іванишин та ТОВ «Юніон Капітал» Юрія Бойко , який також є Державної установи «Агентство з розвитку інфраструктури фондового ринку України» ( SMIDA ).","[{""label"": ""ORG"", ""text"": ""ТОВ «Фінансовий паблік рілейшинс»""}, {""label"": ""JOB"", ""text"": ""засновниками""}, {""label"": ""PERS"", ""text"": ""Юрій Іванишин""}, {""label"": ""ORG"", ""text"": ""ТОВ «Юніон Капітал»""}, {""label"": ""PERS"", ""text"": ""Юрія Бойко""}, {""label"": ""ORG"", ""text"": ""Державної установи «Агентство з розвитку інфраструктури фондового ринку України»""}, {""label"": ""ORG"", ""text"": ""SMIDA""}]","[{""label"": ""MON"", ""text"": ""Кошти"", ""start"": 0, ""end"": 5}, {""label"": ""ORG"", ""text"": ""ТОВ «Фінансовий паблік рілейшинс»"", ""start"": 14, ""end"": 47}, {""label"": ""PERS"", ""text"": ""Юрій Іванишин"", ""start"": 82, ""end"": 95}, {""label"": ""ORG"", ""text"": ""ТОВ «Юніон Капітал»"", ""start"": 99, ""end"": 118}, {""label"": ""PERS"", ""text"": ""Юрія Бойко"", ""start"": 119, ""end"": 129}, {""label"": ""ORG"", ""text"": ""Агентство з розвитку інфраструктури фондового ринку України» ( SMIDA )"", ""start"": 165, ""end"": 235}]"
1a8b5ea2c74cf759ec1a73b3bf3201aa475d33164f61ac0e63d47129f0c16aa0,"Раніше ця ж фірма отримала 5,92 млн грн. на розміщення реклами у українських та світових ЗМІ.","[{""label"": ""MON"", ""text"": ""5,92 млн грн.""}]","[{""label"": ""ORG"", ""text"": ""фірма"", ""start"": 12, ""end"": 17}, {""label"": ""MON"", ""text"": ""5,92 млн грн."", ""start"": 27, ""end"": 40}, {""label"": ""ORG"", ""text"": ""українських та світових ЗМІ"", ""start"": 65, ""end"": 92}]"
4f650af45ee4000555cc4fdd38a3558c11a064ca8e5a72bf438e4a5124f93a3c,"З 2011 року Держагентство інвестицій провело тендери на рекламу, соцдослідження та інші подібні речі на загальну суму 96,10 млн грн 19-річний син керівника аеропорту «Бориспіль» Євгена Дихне на початку року отримав у подарунок землю під Києвом , на якій з'явився маєток та штучне озеро.","[{""label"": ""DATE"", ""text"": ""2011 року""}, {""label"": ""ORG"", ""text"": ""Держагентство інвестицій""}, {""label"": ""MON"", ""text"": ""96,10 млн грн""}, {""label"": ""JOB"", ""text"": ""керівника""}, {""label"": ""ORG"", ""text"": ""аеропорту «Бориспіль»""}, {""label"": ""PERS"", ""text"": ""Євгена Дихне""}, {""label"": ""DATE"", ""text"": ""початку року""}, {""label"": ""LOC"", ""text"": ""Києвом""}]","[{""label"": ""ORG"", ""text"": ""Держагентство інвестицій"", ""start"": 12, ""end"": 36}, {""label"": ""MON"", ""text"": ""96,10 млн грн"", ""start"": 118, ""end"": 131}, {""label"": ""PERS"", ""text"": ""Євгена Дихне"", ""start"": 178, ""end"": 190}, {""label"": ""LOC"", ""text"": ""Києвом"", ""start"": 237, ""end"": 243}, {""label"": ""ART"", ""text"": ""штучне озеро"", ""start"": 273, ""end"": 285}]"
41b6e89400e3d4edc91d9af541b78f7a70f5a13b9f1fd8d5f799c899509cc9cc,Про це йдеться у сюжеті Мар'яни Мотрунич у телепрограмі « Наші гроші ». Євгена Дихне було призначено в. о. гендиректора держкомпанії « Міжнародний аеропорт «Бориспіль» у вересні 2014 .,"[{""label"": ""PERS"", ""text"": ""Мар'яни Мотрунич""}, {""label"": ""ART"", ""text"": ""Наші гроші""}, {""label"": ""PERS"", ""text"": ""Євгена Дихне""}, {""label"": ""JOB"", ""text"": ""в. о. гендиректора держкомпанії""}, {""label"": ""ORG"", ""text"": ""Міжнародний аеропорт «Бориспіль»""}, {""label"": ""DATE"", ""text"": ""вересні 2014""}]","[{""label"": ""PERS"", ""text"": ""Мар'яни Мотрунич"", ""start"": 24, ""end"": 40}, {""label"": ""PERS"", ""text"": ""Євгена Дихне"", ""start"": 72, ""end"": 84}, {""label"": ""JOB"", ""text"": ""гендиректора"", ""start"": 107, ""end"": 119}, {""label"": ""ORG"", ""text"": ""Міжнародний аеропорт «Бориспіль"", ""start"": 135, ""end"": 166}, {""label"": ""DATE"", ""text"": ""вересні 2014"", ""start"": 170, ""end"": 182}]"
d10ed9ca85b0bae4566a2997c07b3cd5da51f2f9299b79cad5b6ad33e15ec42d,Вже через півроку його син Дмитро отримав у подарунок дві ділянки землі загальною площею понад третину гектара .,"[{""label"": ""PERIOD"", ""text"": ""півроку""}, {""label"": ""PERS"", ""text"": ""Дмитро""}, {""label"": ""QUANT"", ""text"": ""третину гектара""}]","[{""label"": ""PERIOD"", ""text"": ""півроку"", ""start"": 10, ""end"": 17}, {""label"": ""PERS"", ""text"": ""Дмитро"", ""start"": 27, ""end"": 33}]"
2453de06b14f6949408d7875b126d2fae89ea84d9bce0ff597d23d7744c2dc0d,"Вони знаходяться у селі Романків Обухівського району , що неподалік від Києва . Сотка землі тут може коштувати від $3,5 до $12 тис .","[{""label"": ""LOC"", ""text"": ""Романків""}, {""label"": ""LOC"", ""text"": ""Обухівського району""}, {""label"": ""LOC"", ""text"": ""Києва""}, {""label"": ""QUANT"", ""text"": ""Сотка""}, {""label"": ""MON"", ""text"": ""$3,5""}, {""label"": ""MON"", ""text"": ""$12 тис""}]","[{""label"": ""LOC"", ""text"": ""Романків Обухівського району"", ""start"": 24, ""end"": 52}, {""label"": ""MON"", ""text"": ""$3,5"", ""start"": 115, ""end"": 119}, {""label"": ""MON"", ""text"": ""$12 тис"", ""start"": 123, ""end"": 130}]"
cbcd4f64b0b1cdb886bbffdbc4fd41788480e1f67bd0fcb257911760fc1b8c94,"Наразі на ділянках вже з'явився основний сімейний будинок площею майже 700 кв м , гостьовий будинок на 120 кв м , будиночок для охорони та штучне озеро, де можна порибалити. Журналістка звернула увагу, що Дихне-молодший разом з матір'ю вже кілька років фактично мешкає у німецькому місті Вістбаден , де вчиться у приватній школі.","[{""label"": ""QUANT"", ""text"": ""700 кв м""}, {""label"": ""QUANT"", ""text"": ""120 кв м""}, {""label"": ""JOB"", ""text"": ""Журналістка""}, {""label"": ""PERS"", ""text"": ""Дихне-молодший""}, {""label"": ""PERIOD"", ""text"": ""кілька років""}, {""label"": ""LOC"", ""text"": ""Вістбаден""}]","[{""label"": ""ART"", ""text"": ""основний сімейний будинок"", ""start"": 32, ""end"": 57}, {""label"": ""QUANT"", ""text"": ""700 кв м"", ""start"": 71, ""end"": 79}, {""label"": ""ART"", ""text"": ""гостьовий будинок"", ""start"": 82, ""end"": 99}, {""label"": ""QUANT"", ""text"": ""120 кв м"", ""start"": 103, ""end"": 111}, {""label"": ""ART"", ""text"": ""будиночок для охорони"", ""start"": 114, ""end"": 135}, {""label"": ""ART"", ""text"": ""штучне озеро"", ""start"": 139, ""end"": 151}, {""label"": ""JOB"", ""text"": ""Журналістка"", ""start"": 174, ""end"": 185}, {""label"": ""PERS"", ""text"": ""Дихне-молодший"", ""start"": 205, ""end"": 219}, {""label"": ""LOC"", ""text"": ""Вістбаден"", ""start"": 288, ""end"": 297}, {""label"": ""ORG"", ""text"": ""приватній школі"", ""start"": 313, ""end"": 328}]"
1923f881806275acbd3e5de24bf9e2fe83e9703047f36bb13bec8ff7a447b507,"Як видно із соцмереж, Дихне-молодший подорожує Європою , відпочиваючи в Іспанії , Сардинії та у Флоренції .","[{""label"": ""PERS"", ""text"": ""Дихне-молодший""}, {""label"": ""LOC"", ""text"": ""Європою""}, {""label"": ""LOC"", ""text"": ""Іспанії""}, {""label"": ""LOC"", ""text"": ""Сардинії""}, {""label"": ""LOC"", ""text"": ""Флоренції""}]","[{""label"": ""PERS"", ""text"": ""Дихне-молодший"", ""start"": 22, ""end"": 36}, {""label"": ""LOC"", ""text"": ""Іспанії"", ""start"": 72, ""end"": 79}, {""label"": ""LOC"", ""text"": ""Сардинії"", ""start"": 82, ""end"": 90}, {""label"": ""LOC"", ""text"": ""Флоренції"", ""start"": 96, ""end"": 105}]"
922c422f54f8d9a28a366cb07c1497db8ea3bc5f155f6a01feb3119cb017b0d4,"Втім, син та дружина керівника час від часу навідуються і в Україну .","[{""label"": ""JOB"", ""text"": ""керівника""}, {""label"": ""LOC"", ""text"": ""Україну""}]","[{""label"": ""PERS"", ""text"": ""син та дружина керівника"", ""start"": 6, ""end"": 30}, {""label"": ""LOC"", ""text"": ""Україну"", ""start"": 60, ""end"": 67}]"
e74c6a320c3f064139ffeb5ac9f6187c56f72678be84110f0c3ebb3e69c63173,Дорогий подарунок сину Євген Дихне не став коментувати.,"[{""label"": ""PERS"", ""text"": ""Євген Дихне""}]","[{""label"": ""ART"", ""text"": ""Дорогий подарунок"", ""start"": 0, ""end"": 17}, {""label"": ""PERS"", ""text"": ""Євген Дихне"", ""start"": 23, ""end"": 34}]"
121b8a15e6de1d05be49c959d8f6ef45b71251cf4fe28900da03fbfba95003bc,"Крім того, як виявилося, його декларація про доходи досі не опублікована. Журналістка нагадала, що у 2007-2008 рр. Євген Дихне очолював державні « Львівські авіалінії ».","[{""label"": ""JOB"", ""text"": ""Журналістка""}, {""label"": ""PERIOD"", ""text"": ""2007-2008 рр.""}, {""label"": ""PERS"", ""text"": ""Євген Дихне""}, {""label"": ""ORG"", ""text"": ""Львівські авіалінії""}]","[{""label"": ""DOC"", ""text"": ""декларація про доходи"", ""start"": 30, ""end"": 51}, {""label"": ""JOB"", ""text"": ""Журналістка"", ""start"": 74, ""end"": 85}, {""label"": ""PERIOD"", ""text"": ""2007-2008 рр."", ""start"": 101, ""end"": 114}, {""label"": ""PERS"", ""text"": ""Євген Дихне"", ""start"": 115, ""end"": 126}, {""label"": ""ORG"", ""text"": ""Львівські авіалінії"", ""start"": 147, ""end"": 166}]"
8887cf978c9c1fdde0099e664f392380056077fd3f8e680320fc43443b372490,За 9 місяців його керування авіакомпанія зазнала значних збитків. Мінтранс розірвав контракт із директором .,"[{""label"": ""PERIOD"", ""text"": ""9 місяців""}, {""label"": ""ORG"", ""text"": ""Мінтранс""}, {""label"": ""JOB"", ""text"": ""директором""}]","[{""label"": ""PERIOD"", ""text"": ""9 місяців"", ""start"": 3, ""end"": 12}, {""label"": ""ORG"", ""text"": ""авіакомпанія"", ""start"": 28, ""end"": 40}, {""label"": ""ORG"", ""text"": ""Мінтранс"", ""start"": 66, ""end"": 74}, {""label"": ""JOB"", ""text"": ""директором"", ""start"": 96, ""end"": 106}]"
591fdf58ed90afad480e169d21c859910b9d264f3086d05350498f6a7bd19f76,Однак після цього Дихне ще упродовж 5 років посідав керівні посади в « Укрзалізниці ».,"[{""label"": ""PERS"", ""text"": ""Дихне""}, {""label"": ""PERIOD"", ""text"": ""5 років""}, {""label"": ""ORG"", ""text"": ""Укрзалізниці""}]","[{""label"": ""PERS"", ""text"": ""Дихне"", ""start"": 18, ""end"": 23}, {""label"": ""PERIOD"", ""text"": ""5 років"", ""start"": 36, ""end"": 43}, {""label"": ""JOB"", ""text"": ""керівні посади"", ""start"": 52, ""end"": 66}, {""label"": ""ORG"", ""text"": ""Укрзалізниці"", ""start"": 71, ""end"": 83}]"
d30b5d8c906030e3d86b4f9d406b2c125da995ac372392806e3c87981033e062,"Після того, як у минулому році Дихне очолив аеропорт « Бориспіль », він вже встиг відзначитися корупційним скандалом.","[{""label"": ""DATE"", ""text"": ""минулому році""}, {""label"": ""PERS"", ""text"": ""Дихне""}, {""label"": ""ORG"", ""text"": ""Бориспіль""}]","[{""label"": ""PERS"", ""text"": ""Дихне"", ""start"": 31, ""end"": 36}, {""label"": ""LOC"", ""text"": ""аеропорт « Бориспіль »"", ""start"": 44, ""end"": 66}]"
42d13640808fc4b222a3ec08aef24c5d578b69f2924c2a41a08f803b499c01c7,Новий керівник передав комплекс наземного обслуговування пасажирів приватним компаніям з орбіти монополіста українського неба Ігоря Коломойського .,"[{""label"": ""JOB"", ""text"": ""керівник""}, {""label"": ""PERS"", ""text"": ""Ігоря Коломойського""}]","[{""label"": ""JOB"", ""text"": ""Новий керівник"", ""start"": 0, ""end"": 14}, {""label"": ""MISC"", ""text"": ""комплекс наземного обслуговування пасажирів"", ""start"": 23, ""end"": 66}, {""label"": ""ORG"", ""text"": ""приватним компаніям"", ""start"": 67, ""end"": 86}, {""label"": ""LOC"", ""text"": ""українського неба"", ""start"": 108, ""end"": 125}, {""label"": ""PERS"", ""text"": ""Ігоря Коломойського"", ""start"": 126, ""end"": 145}]"
e50d6eefaea14e1a260f43ea84233cdb27e6f21d83c076203d2d989541045258,"А також дозволив приватній компанії ТОВ «Аеропорт паркінг» , що контролюється оточенням екс-нардепа Сергія Міщенка , обслуговувати чотири паркувальні майданчики за завищеними цінами. Дихне називав це оптимізацією. Господарський суд Києва підтвердив претензії компанії Lyndhurst Development Trading SA ( LDT ) на суму $45,2 млн до ПАТ «Універмаг «Україна» .","[{""label"": ""ORG"", ""text"": ""ТОВ «Аеропорт паркінг»""}, {""label"": ""JOB"", ""text"": ""екс-нардепа""}, {""label"": ""PERS"", ""text"": ""Сергія Міщенка""}, {""label"": ""PERS"", ""text"": ""Дихне""}, {""label"": ""ORG"", ""text"": ""Господарський суд Києва""}, {""label"": ""ORG"", ""text"": ""Lyndhurst Development Trading SA""}, {""label"": ""ORG"", ""text"": ""LDT""}, {""label"": ""MON"", ""text"": ""$45,2 млн""}, {""label"": ""ORG"", ""text"": ""ПАТ «Універмаг «Україна»""}]","[{""label"": ""ORG"", ""text"": ""ТОВ «Аеропорт паркінг»"", ""start"": 36, ""end"": 58}, {""label"": ""PERS"", ""text"": ""Сергія Міщенка"", ""start"": 100, ""end"": 114}, {""label"": ""PERS"", ""text"": ""Дихне"", ""start"": 183, ""end"": 188}, {""label"": ""ORG"", ""text"": ""Господарський суд Києва"", ""start"": 214, ""end"": 237}, {""label"": ""ORG"", ""text"": ""Lyndhurst Development Trading SA ( LDT )"", ""start"": 268, ""end"": 308}, {""label"": ""MON"", ""text"": ""$45,2 млн"", ""start"": 317, ""end"": 326}, {""label"": ""ORG"", ""text"": ""ПАТ «Універмаг «Україна»"", ""start"": 330, ""end"": 354}]"
b0ec1c276255a14f4fa4161c9853513c6f59b8800fd5cf05c1849b4f8f9a37b3,Про це повідомили в прес-службі універмагу.,[],"[{""label"": ""ORG"", ""text"": ""прес-службі універмагу"", ""start"": 20, ""end"": 42}]"
e922601c010ddcbf010281d9a93c231d4e50db27f0442ed56a9b04d594c8f522,"Як пише Вероніка Гаврилюк у « Комерсанті-Україна », ірландський власник універмагу готується подати апеляцію, але через відсутність в України договору з Ірландією про взаємне визнання судових рішень шанси виграти справу невеликі.","[{""label"": ""PERS"", ""text"": ""Вероніка Гаврилюк""}, {""label"": ""ORG"", ""text"": ""Комерсанті-Україна""}, {""label"": ""LOC"", ""text"": ""України""}, {""label"": ""LOC"", ""text"": ""Ірландією""}]","[{""label"": ""PERS"", ""text"": ""Вероніка Гаврилюк"", ""start"": 8, ""end"": 25}, {""label"": ""ORG"", ""text"": ""Комерсанті-Україна"", ""start"": 30, ""end"": 48}, {""label"": ""LOC"", ""text"": ""України"", ""start"": 134, ""end"": 141}]"
e8a9fdf0b73702f3e4d25d32d0d883e3bb3ae1ecad7d4f883bf66f3fb3756d59,"Суд цій компанії програв новий власник універмагу « Україна » – ірландський держбанк Irish Bank Resolution Corporation (володіє 92,75% акцій).","[{""label"": ""ORG"", ""text"": ""Україна""}, {""label"": ""ORG"", ""text"": ""Irish Bank Resolution Corporation""}, {""label"": ""PCT"", ""text"": ""92,75%""}]","[{""label"": ""ORG"", ""text"": ""Irish Bank Resolution Corporation"", ""start"": 85, ""end"": 118}, {""label"": ""PCT"", ""text"": ""92,75%"", ""start"": 128, ""end"": 134}]"
0ecf07ceaf44f59348aa170f183b2c014ebc0118e8888b981db840bc13ae4721,"Банк був основним кредитором колишнього власника, глави ірландської Quinn Group Шона Куїнна , і після його банкрутства почав боротьбу за заставні активи в декількох країнах, включаючи Україну , Швецію і Кіпр . LDT стверджує, що придбав права вимоги боргу у $45,2 млн у Demesne .","[{""label"": ""JOB"", ""text"": ""глави""}, {""label"": ""ORG"", ""text"": ""Quinn Group""}, {""label"": ""PERS"", ""text"": ""Шона Куїнна""}, {""label"": ""LOC"", ""text"": ""Україну""}, {""label"": ""LOC"", ""text"": ""Швецію""}, {""label"": ""LOC"", ""text"": ""Кіпр""}, {""label"": ""ORG"", ""text"": ""LDT""}, {""label"": ""MON"", ""text"": ""$45,2 млн""}, {""label"": ""ORG"", ""text"": ""Demesne""}]","[{""label"": ""ORG"", ""text"": ""Банк"", ""start"": 0, ""end"": 4}, {""label"": ""ORG"", ""text"": ""Quinn Group"", ""start"": 68, ""end"": 79}, {""label"": ""PERS"", ""text"": ""Шона Куїнна"", ""start"": 80, ""end"": 91}, {""label"": ""LOC"", ""text"": ""Кіпр"", ""start"": 203, ""end"": 207}, {""label"": ""ORG"", ""text"": ""LDT"", ""start"": 210, ""end"": 213}, {""label"": ""MON"", ""text"": ""$45,2 млн"", ""start"": 257, ""end"": 266}, {""label"": ""LOC"", ""text"": ""Demesne"", ""start"": 269, ""end"": 276}]"
2872132028207b77fdd22e733fe00f26718fa110d8f38d9352093148a05f0b49,"«Але Demesne не перепродавала нікому боргових зобов'язань. Північноірландський суд вже визнав договори LDT , на підставі яких вона вимагає стягнути борг, недійсними», – пояснили в компанії « Єгоров, Пугінський, Афанасьєв і партнери », що представляє інтереси IBRC в суді.","[{""label"": ""ORG"", ""text"": ""Demesne""}, {""label"": ""ORG"", ""text"": ""Північноірландський суд""}, {""label"": ""ORG"", ""text"": ""LDT""}, {""label"": ""ORG"", ""text"": ""Єгоров, Пугінський, Афанасьєв і партнери""}, {""label"": ""ORG"", ""text"": ""IBRC""}]","[{""label"": ""PERS"", ""text"": ""Demesne"", ""start"": 5, ""end"": 12}, {""label"": ""ORG"", ""text"": ""Північноірландський суд"", ""start"": 59, ""end"": 82}, {""label"": ""ORG"", ""text"": ""IBRC"", ""start"": 259, ""end"": 263}]"
6c1f222c4c99fd3bfe34b2de100a95494bb75822dbab1969160cf12a8dfb279a,"Між тим LDT переуступила права на борг універмагу українським компаніям « Зеніт » і « Елегант Інвест », яких ірландське видання Business New Europe пов'язує з родиною президента Віктора Януковича .","[{""label"": ""ORG"", ""text"": ""LDT""}, {""label"": ""ORG"", ""text"": ""Зеніт""}, {""label"": ""ORG"", ""text"": ""Елегант Інвест""}, {""label"": ""ART"", ""text"": ""Business New Europe""}, {""label"": ""JOB"", ""text"": ""президента""}, {""label"": ""PERS"", ""text"": ""Віктора Януковича""}]","[{""label"": ""ORG"", ""text"": ""LDT"", ""start"": 8, ""end"": 11}, {""label"": ""ORG"", ""text"": ""Зеніт"", ""start"": 74, ""end"": 79}, {""label"": ""ORG"", ""text"": ""Елегант Інвест"", ""start"": 86, ""end"": 100}, {""label"": ""ORG"", ""text"": ""Business New Europe"", ""start"": 128, ""end"": 147}, {""label"": ""PERS"", ""text"": ""Віктора Януковича"", ""start"": 178, ""end"": 195}]"
9b01ba29d6dc5a335193a7b3c73ab98aaac018c7cc8f4a690f63925d822183ee,"Зокрема, директор і засновник « Елегант Інвест » Дмитро Нікіфоров є також співзасновником інвестфонду « Домінанта », один з акціонерів якого – компанія « Танталіт », яка володіє резиденцією глави держави « Межигір'я ». IBRC намагається отримати контроль над « Україною » з 2011 року . Директор « України » Ростислав Левінзон , призначений IBRC ще в листопаді 2011 року , зміг приступити до обов'язків тільки в цьому році .","[{""label"": ""JOB"", ""text"": ""директор""}, {""label"": ""JOB"", ""text"": ""засновник""}, {""label"": ""ORG"", ""text"": ""Елегант Інвест""}, {""label"": ""PERS"", ""text"": ""Дмитро Нікіфоров""}, {""label"": ""JOB"", ""text"": ""співзасновником""}, {""label"": ""ORG"", ""text"": ""Домінанта""}, {""label"": ""PERS"", ""text"": ""акціонерів""}, {""label"": ""ORG"", ""text"": ""Танталіт""}, {""label"": ""JOB"", ""text"": ""глави держави""}, {""label"": ""ORG"", ""text"": ""Межигір'я""}, {""label"": ""ORG"", ""text"": ""IBRC""}, {""label"": ""ORG"", ""text"": ""Україною""}, {""label"": ""DATE"", ""text"": ""2011 року""}, {""label"": ""JOB"", ""text"": ""Директор""}, {""label"": ""ORG"", ""text"": ""України""}, {""label"": ""PERS"", ""text"": ""Ростислав Левінзон""}, {""label"": ""ORG"", ""text"": ""IBRC""}, {""label"": ""DATE"", ""text"": ""листопаді 2011 року""}, {""label"": ""DATE"", ""text"": ""цьому році""}]","[{""label"": ""JOB"", ""text"": ""директор"", ""start"": 9, ""end"": 17}, {""label"": ""ORG"", ""text"": ""Елегант Інвест"", ""start"": 32, ""end"": 46}, {""label"": ""PERS"", ""text"": ""Дмитро Нікіфоров"", ""start"": 49, ""end"": 65}, {""label"": ""ORG"", ""text"": ""компанія « Танталіт »"", ""start"": 143, ""end"": 164}, {""label"": ""LOC"", ""text"": ""Межигір'я"", ""start"": 206, ""end"": 215}, {""label"": ""ORG"", ""text"": ""IBRC"", ""start"": 219, ""end"": 223}, {""label"": ""DATE"", ""text"": ""2011 року"", ""start"": 273, ""end"": 282}, {""label"": ""JOB"", ""text"": ""Директор"", ""start"": 285, ""end"": 293}, {""label"": ""PERS"", ""text"": ""Ростислав Левінзон"", ""start"": 306, ""end"": 324}, {""label"": ""ORG"", ""text"": ""IBRC"", ""start"": 339, ""end"": 343}, {""label"": ""DATE"", ""text"": ""листопаді 2011 року"", ""start"": 349, ""end"": 368}]"
48998aa505eeb67c2a177c77056c438ec9b48d91536c24a8570e8687b423c206,До цього його призначення оскаржували міноритарні акціонери. ДП «Енергоринок» взяло новий кредит у державного Ощадбанку у розмірі 800 млн грн .,"[{""label"": ""ORG"", ""text"": ""ДП «Енергоринок»""}, {""label"": ""ORG"", ""text"": ""Ощадбанку""}, {""label"": ""MON"", ""text"": ""800 млн грн""}]","[{""label"": ""JOB"", ""text"": ""міноритарні акціонери"", ""start"": 38, ""end"": 59}, {""label"": ""ORG"", ""text"": ""ДП «Енергоринок»"", ""start"": 61, ""end"": 77}, {""label"": ""MON"", ""text"": ""800 млн грн"", ""start"": 130, ""end"": 141}]"
42b3d1398dfbfecf7a1c9bd0334c8d0e779518bfa7e9e4a0e505dbce8feb7d3f,Виплати за кредитом складуть 120 млн грн .,"[{""label"": ""MON"", ""text"": ""120 млн грн""}]","[{""label"": ""MON"", ""text"": ""120 млн грн"", ""start"": 29, ""end"": 40}]"
f6caf9e1ec4735ee635225bea2855853399e4ff3d345ebd77a4cbc65b790e1d7,Про це повідомляється в « Віснику державних закупівель ».,"[{""label"": ""ART"", ""text"": ""Віснику державних закупівель""}]","[{""label"": ""ORG"", ""text"": ""« Віснику державних закупівель »"", ""start"": 24, ""end"": 56}]"
c1ebac07af92dcdce3c0318dbd119939d05d12dbe4a9178c5641856bbb6ea6f7,"Згідно обґрунтування закупівлі, яке є у розпорядженні НГ , кредит необхідний для проведення розрахунків з енергогенеруючими компаніями для забезпечення поставок на електростанції ТЕС енергетичного вугілля для роботи у осінньо-зимовий період.","[{""label"": ""ORG"", ""text"": ""НГ""}]","[{""label"": ""PERS"", ""text"": ""НГ"", ""start"": 54, ""end"": 56}, {""label"": ""ORG"", ""text"": ""енергогенеруючими компаніями"", ""start"": 106, ""end"": 134}, {""label"": ""ORG"", ""text"": ""ТЕС"", ""start"": 179, ""end"": 182}, {""label"": ""PERIOD"", ""text"": ""осінньо-зимовий період"", ""start"": 218, ""end"": 240}]"
bcf1e6f93e1790f516011c70ba6721ad58b634dc1767a1b2eee97966593f560f,"«У зв'язку з тим, що на сьогодні не вирішене питання щодо фінансування через Держрезерв закупівлі вугілля для генеруючих компаній ТЕС, НАК «Енергетична компанія України» листом від 12.01.2011 №85-04 / 4 та листом Мінпаливенерго від 13.01.2011 № 03 / -0097 звернулись до Секретаріату Ради ОРЕ щодо продовження строку дії кредитних ліній у розмірі 500 млн. грн .. (яка закінчується у квітні 2011 року ), 500 млн. грн . (яка закінчується у травні 2011 року ), відкриття у I кварталі 2011 року нової кредитної лінії у сумі 800 млн. грн ., із збільшенням кредитних ліній ДП «Енергоринок» з 2,2 до загальної суми 3 млрд. грн .","[{""label"": ""ORG"", ""text"": ""Держрезерв""}, {""label"": ""ORG"", ""text"": ""НАК «Енергетична компанія України»""}, {""label"": ""DOC"", ""text"": ""листом від 12.01.2011 №85-04 / 4""}, {""label"": ""DOC"", ""text"": ""листом Мінпаливенерго від 13.01.2011 № 03 / -0097""}, {""label"": ""ORG"", ""text"": ""Секретаріату Ради ОРЕ""}, {""label"": ""MON"", ""text"": ""500 млн. грн""}, {""label"": ""DATE"", ""text"": ""квітні 2011 року""}, {""label"": ""MON"", ""text"": ""500 млн. грн""}, {""label"": ""DATE"", ""text"": ""травні 2011 року""}, {""label"": ""DATE"", ""text"": ""I кварталі 2011 року""}, {""label"": ""MON"", ""text"": ""800 млн. грн""}, {""label"": ""ORG"", ""text"": ""ДП «Енергоринок»""}, {""label"": ""MON"", ""text"": ""2,2""}, {""label"": ""MON"", ""text"": ""3 млрд. грн""}]","[{""label"": ""ORG"", ""text"": ""Держрезерв"", ""start"": 77, ""end"": 87}, {""label"": ""ORG"", ""text"": ""НАК «Енергетична компанія України»"", ""start"": 135, ""end"": 169}, {""label"": ""DOC"", ""text"": ""листом від 12.01.2011 №85-04 / 4"", ""start"": 170, ""end"": 202}, {""label"": ""ORG"", ""text"": ""Мінпаливенерго"", ""start"": 213, ""end"": 227}, {""label"": ""ORG"", ""text"": ""Секретаріату Ради ОРЕ"", ""start"": 270, ""end"": 291}, {""label"": ""MON"", ""text"": ""500 млн. грн ."", ""start"": 346, ""end"": 360}, {""label"": ""MON"", ""text"": ""500 млн. грн ."", ""start"": 402, ""end"": 416}, {""label"": ""PERIOD"", ""text"": ""I кварталі 2011 року"", ""start"": 469, ""end"": 489}, {""label"": ""MON"", ""text"": ""800 млн. грн ."", ""start"": 519, ""end"": 533}, {""label"": ""ORG"", ""text"": ""ДП «Енергоринок»"", ""start"": 566, ""end"": 582}, {""label"": ""MON"", ""text"": ""3 млрд. грн ."", ""start"": 607, ""end"": 620}]"
19b132add946cd04fd67a49ca527f1747d7104d97020f100ce71ba6482f7b976,"Крім зазначеного, протоколом наради з питань оптимізації цін і тарифів на природний газ, електричну енергію та вугілля на 2011 рік під головуванням Першого віце – прем'єр – міністра України Клюєва А. П. ДП «Енергоринок» , Міністерству енергетики та вугільної промисловості разом з Міністерством економічного розвитку і торгівлі , ВАТ «Ощадбанк» , НАК «Енергетична компанія України » було поставлено задачу опрацювати питання можливості подовження дії існуючих кредитних ліній та відкриття дотикової кредитної лінії у сумі 800 млн. грн . для розрахунків з енергогенеруючими компаніями», – йдеться у обґрунтуванні.","[{""label"": ""DATE"", ""text"": ""2011 рік""}, {""label"": ""JOB"", ""text"": ""Першого віце – прем'єр – міністра України""}, {""label"": ""PERS"", ""text"": ""Клюєва А. П.""}, {""label"": ""ORG"", ""text"": ""ДП «Енергоринок»""}, {""label"": ""ORG"", ""text"": ""Міністерству енергетики та вугільної промисловості""}, {""label"": ""ORG"", ""text"": ""Міністерством економічного розвитку і торгівлі""}, {""label"": ""ORG"", ""text"": ""ВАТ «Ощадбанк»""}, {""label"": ""ORG"", ""text"": ""НАК «Енергетична компанія України""}, {""label"": ""MON"", ""text"": ""800 млн. грн""}]","[{""label"": ""PERIOD"", ""text"": ""2011 рік"", ""start"": 122, ""end"": 130}, {""label"": ""JOB"", ""text"": ""Першого віце – прем'єр – міністра України"", ""start"": 148, ""end"": 189}, {""label"": ""PERS"", ""text"": ""Клюєва А. П."", ""start"": 190, ""end"": 202}, {""label"": ""ORG"", ""text"": ""ДП «Енергоринок»"", ""start"": 203, ""end"": 219}, {""label"": ""ORG"", ""text"": ""Міністерству енергетики та вугільної промисловості"", ""start"": 222, ""end"": 272}, {""label"": ""ORG"", ""text"": ""Міністерством економічного розвитку і торгівлі"", ""start"": 281, ""end"": 327}, {""label"": ""ORG"", ""text"": ""ВАТ «Ощадбанк»"", ""start"": 330, ""end"": 344}, {""label"": ""ORG"", ""text"": ""НАК «Енергетична компанія України »"", ""start"": 347, ""end"": 382}, {""label"": ""MON"", ""text"": ""800 млн. грн ."", ""start"": 522, ""end"": 536}]"
5acc12c61fe55e795421f84e89512b9bc8321bc3af83e6b316804388b36c03eb,Разом з тим Міністерство економіки відмовило « Енергоринку » у погодженні закупівлі послуг з продовження двох кредитних ліній Ощадбанку по 500 млн грн . кожна.,"[{""label"": ""ORG"", ""text"": ""Міністерство економіки""}, {""label"": ""ORG"", ""text"": ""Енергоринку""}, {""label"": ""ORG"", ""text"": ""Ощадбанку""}, {""label"": ""MON"", ""text"": ""500 млн грн""}]","[{""label"": ""ORG"", ""text"": ""Міністерство економіки"", ""start"": 12, ""end"": 34}, {""label"": ""ORG"", ""text"": ""« Енергоринку »"", ""start"": 45, ""end"": 60}, {""label"": ""ORG"", ""text"": ""Ощадбанку"", ""start"": 126, ""end"": 135}, {""label"": ""MON"", ""text"": ""500 млн грн"", ""start"": 139, ""end"": 150}]"
410bc8f082752620cf56ad3a232279a0d359657711078ed9a63bbb9a8f8aa828,"Оскільки дія кредитних ліній попередніх договорів, відповідно до інформації, зазначеної у документах, поданих замовником, закінчується у квітні та травні 2011 р Службові особи Донецької облдержадміністрації та Краматорської міськради підозрюються у розтраті бюджетних коштів у розмірі понад 20 млн грн , виділених з екологічного фонду Донецької області на реконструкцію парків міста Краматорська .","[{""label"": ""PERIOD"", ""text"": ""квітні та травні 2011 р""}, {""label"": ""ORG"", ""text"": ""Донецької облдержадміністрації""}, {""label"": ""ORG"", ""text"": ""Краматорської міськради""}, {""label"": ""MON"", ""text"": ""20 млн грн""}, {""label"": ""LOC"", ""text"": ""Донецької області""}, {""label"": ""LOC"", ""text"": ""Краматорська""}]","[{""label"": ""DATE"", ""text"": ""квітні та травні 2011 р"", ""start"": 137, ""end"": 160}, {""label"": ""ORG"", ""text"": ""Донецької облдержадміністрації"", ""start"": 176, ""end"": 206}, {""label"": ""ORG"", ""text"": ""Краматорської міськради"", ""start"": 210, ""end"": 233}, {""label"": ""MON"", ""text"": ""20 млн грн"", ""start"": 291, ""end"": 301}, {""label"": ""ORG"", ""text"": ""екологічного фонду Донецької області"", ""start"": 316, ""end"": 352}]"
e9166bfa93960f1e08ae2c272d9958eaeaa5711475966f8463603ea076824c73,Про це свідчать ухвали Краматорського міського суду Донецької області від 25 грудня і 29 грудня .,"[{""label"": ""ORG"", ""text"": ""Краматорського міського суду""}, {""label"": ""LOC"", ""text"": ""Донецької області""}, {""label"": ""DATE"", ""text"": ""25 грудня""}, {""label"": ""DATE"", ""text"": ""29 грудня""}]","[{""label"": ""ORG"", ""text"": ""Краматорського міського суду Донецької області"", ""start"": 23, ""end"": 69}, {""label"": ""DATE"", ""text"": ""25 грудня"", ""start"": 74, ""end"": 83}, {""label"": ""TIME"", ""text"": ""29 грудня"", ""start"": 86, ""end"": 95}]"
bdb4985ab0484bfb22c8d09a1754d54a98af61b458a0780bb7487a8feda96150,"У листопаді минулого року Управління капітального будівництва Краматорського міськвиконкому уклало угоду з ПрАТ «Промстроймонтаж» на реконструкцію парку культури та відпочинку ім. Леніна вартістю 21,92 млн грн .","[{""label"": ""DATE"", ""text"": ""листопаді минулого року""}, {""label"": ""ORG"", ""text"": ""Управління капітального будівництва Краматорського міськвиконкому""}, {""label"": ""ORG"", ""text"": ""ПрАТ «Промстроймонтаж»""}, {""label"": ""LOC"", ""text"": ""парку культури та відпочинку ім. Леніна""}, {""label"": ""MON"", ""text"": ""21,92 млн грн""}]","[{""label"": ""DATE"", ""text"": ""листопаді минулого року"", ""start"": 2, ""end"": 25}, {""label"": ""ORG"", ""text"": ""Управління капітального будівництва Краматорського міськвиконкому"", ""start"": 26, ""end"": 91}, {""label"": ""ORG"", ""text"": ""ПрАТ «Промстроймонтаж»"", ""start"": 107, ""end"": 129}, {""label"": ""LOC"", ""text"": ""парку культури та відпочинку ім. Леніна"", ""start"": 147, ""end"": 186}, {""label"": ""MON"", ""text"": ""21,92 млн грн"", ""start"": 196, ""end"": 209}]"
45d4984cc24ca7ee2d85651838d3aea13ba1bce22cea5c5ae2eddcfad1ca8d09,"За даними слідства, « Промстроймонтаж » подав на конкурс неправдиві відомості.","[{""label"": ""ORG"", ""text"": ""Промстроймонтаж""}]","[{""label"": ""ORG"", ""text"": ""Промстроймонтаж"", ""start"": 22, ""end"": 37}]"
cd692aad34d1215abd85a6ff67c23bde456e992218c5343a57031f4915c46587,"Так, підприємство було обрано переможцем як таке, що запропонувало найменшу ціну і має необхідні виробничі потужності.",[],"[{""label"": ""ORG"", ""text"": ""підприємство"", ""start"": 5, ""end"": 17}, {""label"": ""MON"", ""text"": ""найменшу ціну"", ""start"": 67, ""end"": 80}]"
6672e3da4edd459b1ab99fbecd718bdb80f3daa5b553c569c7d54830abb8fdf3,"Однак, дані місцевого Управління Пенсійного фонду свідчать про те, що деякі особи, вказані у документації фірми, насправді не працювали на підприємстві.","[{""label"": ""ORG"", ""text"": ""Управління Пенсійного фонду""}]","[{""label"": ""ORG"", ""text"": ""Управління Пенсійного фонду"", ""start"": 22, ""end"": 49}, {""label"": ""PERS"", ""text"": ""деякі особи"", ""start"": 70, ""end"": 81}, {""label"": ""DOC"", ""text"": ""документації фірми"", ""start"": 93, ""end"": 111}]"
962344d1b8d74b7e1a197b83b021301c88ae63437efa227fbf85860e81ac4a43,"Суд надав слідчим доступ до оригіналів тендерної документації та пропозицій учасників, які знаходяться в Управлінні капбудівництва .","[{""label"": ""JOB"", ""text"": ""слідчим""}, {""label"": ""ORG"", ""text"": ""Управлінні капбудівництва""}]","[{""label"": ""ORG"", ""text"": ""Суд"", ""start"": 0, ""end"": 3}, {""label"": ""PERS"", ""text"": ""слідчим"", ""start"": 10, ""end"": 17}, {""label"": ""ART"", ""text"": ""тендерної документації"", ""start"": 39, ""end"": 61}, {""label"": ""ORG"", ""text"": ""Управлінні капбудівництва"", ""start"": 105, ""end"": 130}]"
406fc1b25db38bafc4c37ec2c7c0cc7764a895ebd3507cff5f59aedcde18a1d5,"Поза тим, слідство також встановило, що комунальне підприємство « Об'єднання парків культури та відпочинку » Краматорської міськради у квітні 2015 року уклало з ДП «Східноукраїнський Екологічний Інститут» два договори вартістю 605 тис грн і 672 тис грн на виконання проектних та вишукувальних робіт по реконструкції парків культури та відпочинку ім. Леніна та ім. Пушкіна у Краматорську .","[{""label"": ""ORG"", ""text"": ""Об'єднання парків культури та відпочинку""}, {""label"": ""ORG"", ""text"": ""Краматорської міськради""}, {""label"": ""DATE"", ""text"": ""квітні 2015 року""}, {""label"": ""ORG"", ""text"": ""ДП «Східноукраїнський Екологічний Інститут»""}, {""label"": ""MON"", ""text"": ""605 тис грн""}, {""label"": ""MON"", ""text"": ""672 тис грн""}, {""label"": ""LOC"", ""text"": ""парків культури та відпочинку ім. Леніна та ім. Пушкіна""}, {""label"": ""LOC"", ""text"": ""Краматорську""}]","[{""label"": ""ORG"", ""text"": ""Об'єднання парків культури та відпочинку » Краматорської міськради"", ""start"": 66, ""end"": 132}, {""label"": ""ORG"", ""text"": ""ДП «Східноукраїнський Екологічний Інститут»"", ""start"": 161, ""end"": 204}, {""label"": ""MON"", ""text"": ""605 тис грн"", ""start"": 227, ""end"": 238}, {""label"": ""MON"", ""text"": ""672 тис грн"", ""start"": 241, ""end"": 252}, {""label"": ""LOC"", ""text"": ""Краматорську"", ""start"": 374, ""end"": 386}]"
ba8eeec3ea01ad53926e2f07409b576ee5df2a398f382914e2665341cdad8431,"Слідством встановлено, що вказані договори були укладені без проведення обов'язкової тендерної процедури, оскільки загальна вартість робіт становить більше одного мільйона гривень .","[{""label"": ""MON"", ""text"": ""більше одного мільйона гривень""}]","[{""label"": ""ORG"", ""text"": ""Слідством"", ""start"": 0, ""end"": 9}, {""label"": ""MISC"", ""text"": ""договори"", ""start"": 34, ""end"": 42}, {""label"": ""MON"", ""text"": ""одного мільйона гривень"", ""start"": 156, ""end"": 179}]"
5d11c92756be46e6b83c471834ca5caa51c1ec42aa1488622f61f8b4e47ebb9c,Суд надав слідчим доступ до оригіналів документів до цих угодах.,"[{""label"": ""JOB"", ""text"": ""слідчим""}]","[{""label"": ""ORG"", ""text"": ""Суд"", ""start"": 0, ""end"": 3}, {""label"": ""PERS"", ""text"": ""слідчим"", ""start"": 10, ""end"": 17}, {""label"": ""ART"", ""text"": ""оригіналів документів"", ""start"": 28, ""end"": 49}]"
b4049ee3232b434d999331d4a03baba70d4f7a5a71f22bd96e0a4931270be4a5,Основними власниками ПрАТ «Промстроймонтаж» є Костянтин Машненков та Надія Внукова . Машненков відомий як екс-депутат Донецької облради і один із батьків-засновників Партії регіонів у Краматорську .,"[{""label"": ""ORG"", ""text"": ""ПрАТ «Промстроймонтаж»""}, {""label"": ""PERS"", ""text"": ""Костянтин Машненков""}, {""label"": ""PERS"", ""text"": ""Надія Внукова""}, {""label"": ""PERS"", ""text"": ""Машненков""}, {""label"": ""JOB"", ""text"": ""екс-депутат""}, {""label"": ""ORG"", ""text"": ""Донецької облради""}, {""label"": ""JOB"", ""text"": ""батьків-засновників""}, {""label"": ""ORG"", ""text"": ""Партії регіонів""}, {""label"": ""LOC"", ""text"": ""Краматорську""}]","[{""label"": ""ORG"", ""text"": ""ПрАТ «Промстроймонтаж»"", ""start"": 21, ""end"": 43}, {""label"": ""PERS"", ""text"": ""Костянтин Машненков"", ""start"": 46, ""end"": 65}, {""label"": ""PERS"", ""text"": ""Надія Внукова"", ""start"": 69, ""end"": 82}, {""label"": ""JOB"", ""text"": ""екс-депутат Донецької облради"", ""start"": 106, ""end"": 135}, {""label"": ""LOC"", ""text"": ""Краматорську"", ""start"": 184, ""end"": 196}]"
fc27c0ab54076d976b9c3427b07d00a5f5a4d4ae13041996e4115e457cc38710,"У пресі Машненкова свого часу називали квотою екс-генпрокурора Віктора Пшонки на місцевих виборах, а також нібито його кумом.","[{""label"": ""PERS"", ""text"": ""Машненкова""}, {""label"": ""JOB"", ""text"": ""екс-генпрокурора""}, {""label"": ""PERS"", ""text"": ""Віктора Пшонки""}]","[{""label"": ""PERS"", ""text"": ""Машненкова"", ""start"": 8, ""end"": 18}, {""label"": ""JOB"", ""text"": ""екс-генпрокурора"", ""start"": 46, ""end"": 62}, {""label"": ""PERS"", ""text"": ""Віктора Пшонки"", ""start"": 63, ""end"": 77}]"
ed840fd4c60927c93e1b8525d645c3e7be985b522a6197f8a1b16cfd6ed03f0a,"Єдиним конкурентом « Промстроймонтажу » на тендері було ТОВ «БК Крамміськбуд» , бенефіціарними власниками якого є Людмила Ульященко та Олена Близнюк , дружина Олексія Близнюка – сина екс-міністра ЖКГ Анатолія Близнюка Поліція підозрює голову Лиманської міської ради Донецької області Петра Цимідана у внесенні до декларації про доходи недостовірних даних.","[{""label"": ""ORG"", ""text"": ""Промстроймонтажу""}, {""label"": ""ORG"", ""text"": ""ТОВ «БК Крамміськбуд»""}, {""label"": ""PERS"", ""text"": ""Людмила Ульященко""}, {""label"": ""PERS"", ""text"": ""Олена Близнюк""}, {""label"": ""PERS"", ""text"": ""Олексія Близнюка""}, {""label"": ""JOB"", ""text"": ""екс-міністра""}, {""label"": ""PERS"", ""text"": ""Анатолія Близнюка""}, {""label"": ""JOB"", ""text"": ""голову""}, {""label"": ""ORG"", ""text"": ""Лиманської міської ради Донецької області""}, {""label"": ""PERS"", ""text"": ""Петра Цимідана""}]","[{""label"": ""ORG"", ""text"": ""Промстроймонтажу"", ""start"": 21, ""end"": 37}, {""label"": ""ORG"", ""text"": ""ТОВ «БК Крамміськбуд»"", ""start"": 56, ""end"": 77}, {""label"": ""PERS"", ""text"": ""Людмила Ульященко"", ""start"": 114, ""end"": 131}, {""label"": ""PERS"", ""text"": ""Олена Близнюк"", ""start"": 135, ""end"": 148}, {""label"": ""PERS"", ""text"": ""Олексія Близнюка"", ""start"": 159, ""end"": 175}, {""label"": ""PERS"", ""text"": ""Анатолія Близнюка"", ""start"": 200, ""end"": 217}, {""label"": ""LOC"", ""text"": ""Лиманської міської ради Донецької області"", ""start"": 242, ""end"": 283}, {""label"": ""PERS"", ""text"": ""Петра Цимідана"", ""start"": 284, ""end"": 298}]"
4e7c771585c5f60ea471650d3eb9553188b221509f61ab8f6c5b155091c5e75d,"Про це стало відомо з ухвали Слов'янського міськрайонного суду Донецької області , куди слідчий звернувся в рамках розслідування кримінального провадження №42017051720000120 від 14 квітня 2017 р . Слідчий повідомив, що до прокуратури звернувся з заявою голова Громадської ради при виконавчому комітеті Лиманської міськради .","[{""label"": ""ORG"", ""text"": ""Слов'янського міськрайонного суду Донецької області""}, {""label"": ""DOC"", ""text"": ""кримінального провадження №42017051720000120 від 14 квітня 2017 р""}, {""label"": ""JOB"", ""text"": ""Слідчий""}, {""label"": ""JOB"", ""text"": ""голова""}, {""label"": ""ORG"", ""text"": ""Громадської ради при виконавчому комітеті Лиманської міськради""}]","[{""label"": ""PERS"", ""text"": ""слідчий"", ""start"": 88, ""end"": 95}, {""label"": ""DATE"", ""text"": ""14 квітня 2017 р"", ""start"": 178, ""end"": 194}, {""label"": ""PERS"", ""text"": ""Слідчий"", ""start"": 197, ""end"": 204}, {""label"": ""ORG"", ""text"": ""прокуратури"", ""start"": 222, ""end"": 233}, {""label"": ""JOB"", ""text"": ""голова"", ""start"": 253, ""end"": 259}, {""label"": ""ORG"", ""text"": ""Громадської ради при виконавчому комітеті Лиманської міськради"", ""start"": 260, ""end"": 322}]"
1337205205db1e310934774d03850a81e778751c66a45286b45ec9e1f0631a18,"В заяві він заявив, що мер міста в деклараціях за 2015 та 2016 роки не вказав належні йому готельно-туристичний комплекс « Готель «Заря» вартістю 1,67 млн грн ., придорожнє кафе « Колиба » вартістю 0,58 млн грн ., будинок вартістю 0,13 млн грн та 15 земельних ділянок, з яких 9 були віддані в суборенду у звітному періоді.","[{""label"": ""JOB"", ""text"": ""мер""}, {""label"": ""DATE"", ""text"": ""2015""}, {""label"": ""DATE"", ""text"": ""2016 роки""}, {""label"": ""ORG"", ""text"": ""Готель «Заря»""}, {""label"": ""MON"", ""text"": ""1,67 млн грн""}, {""label"": ""ORG"", ""text"": ""Колиба""}, {""label"": ""MON"", ""text"": ""0,58 млн грн""}, {""label"": ""MON"", ""text"": ""0,13 млн грн""}]","[{""label"": ""PERS"", ""text"": ""мер"", ""start"": 23, ""end"": 26}, {""label"": ""LOC"", ""text"": ""міста"", ""start"": 27, ""end"": 32}, {""label"": ""ORG"", ""text"": ""Готель «Заря"", ""start"": 123, ""end"": 135}, {""label"": ""MON"", ""text"": ""1,67 млн грн ."", ""start"": 146, ""end"": 160}, {""label"": ""MON"", ""text"": ""0,58 млн грн ."", ""start"": 198, ""end"": 212}, {""label"": ""MON"", ""text"": ""0,13 млн грн"", ""start"": 231, ""end"": 243}, {""label"": ""QUANT"", ""text"": ""15"", ""start"": 247, ""end"": 249}, {""label"": ""QUANT"", ""text"": ""9"", ""start"": 276, ""end"": 277}, {""label"": ""PERIOD"", ""text"": ""звітному періоді"", ""start"": 305, ""end"": 321}]"
ec149a5ba1653129698aa07c1d187fdfd9659b8467d152060c03165b5a75dabc,Прокуратура внесла відомості за даним фактом до ЄДР і поручила розслідувати цю справу поліції.,"[{""label"": ""DOC"", ""text"": ""ЄДР""}]","[{""label"": ""ORG"", ""text"": ""Прокуратура"", ""start"": 0, ""end"": 11}, {""label"": ""ART"", ""text"": ""відомості за даним фактом"", ""start"": 19, ""end"": 44}, {""label"": ""ORG"", ""text"": ""поліції"", ""start"": 86, ""end"": 93}]"
1ae5246f83003a7eb33fdcaf195a83970dbfa510658dcad88ad83674ec140918,В ході досудового розслідування в Лиманській державній нотаріальній конторі були вилучені документи про купівлю-продаж житлового будинку по вул. Озерній в селі Діброва Лиманського району та експертна оцінка цього житла.,"[{""label"": ""ORG"", ""text"": ""Лиманській державній нотаріальній конторі""}, {""label"": ""LOC"", ""text"": ""вул. Озерній""}, {""label"": ""LOC"", ""text"": ""Діброва""}, {""label"": ""LOC"", ""text"": ""Лиманського району""}]","[{""label"": ""ORG"", ""text"": ""Лиманській державній нотаріальній конторі"", ""start"": 34, ""end"": 75}, {""label"": ""LOC"", ""text"": ""Діброва Лиманського району"", ""start"": 160, ""end"": 186}]"
246e04b9d744b55ee06103208749b61c20f7c44e80cd1c59339edd9980fc7dd5,"В суді слідчий клопотав накласти арешт на вилучені документи і суд це клопотання задовольнив. Міським головою Лимана є Петро Цимідан , який в 2015 році переміг на виборах від партії « Опозиційний блок ».","[{""label"": ""JOB"", ""text"": ""слідчий""}, {""label"": ""JOB"", ""text"": ""Міським головою""}, {""label"": ""LOC"", ""text"": ""Лимана""}, {""label"": ""PERS"", ""text"": ""Петро Цимідан""}, {""label"": ""DATE"", ""text"": ""2015 році""}, {""label"": ""ORG"", ""text"": ""Опозиційний блок""}]","[{""label"": ""JOB"", ""text"": ""слідчий"", ""start"": 7, ""end"": 14}, {""label"": ""ART"", ""text"": ""вилучені документи"", ""start"": 42, ""end"": 60}, {""label"": ""ORG"", ""text"": ""суд"", ""start"": 63, ""end"": 66}, {""label"": ""LOC"", ""text"": ""Лимана"", ""start"": 110, ""end"": 116}, {""label"": ""PERS"", ""text"": ""Петро Цимідан"", ""start"": 119, ""end"": 132}, {""label"": ""DATE"", ""text"": ""2015 році"", ""start"": 142, ""end"": 151}, {""label"": ""ORG"", ""text"": ""Опозиційний блок"", ""start"": 184, ""end"": 200}]"
9e1cc32c7bdadc60c6d7ed4502c8f939a3e3723521542aa826d4ca40e0d1419a,"Власницею будинку площею 173 кв м ., який вказаний в матеріалах судової справи, з березня 2015 року є Катерина Золотарьова , якій також належить 19 соток під житлом. Золотарьова нині є власницею ТОВ «Царіцино» , єдиним засновником якого раніше був Цимідан і який при реєстрації фірми вказав саме адресу цього будинку в Діброві .","[{""label"": ""QUANT"", ""text"": ""173 кв м""}, {""label"": ""DATE"", ""text"": ""березня 2015 року""}, {""label"": ""PERS"", ""text"": ""Катерина Золотарьова""}, {""label"": ""QUANT"", ""text"": ""19 соток""}, {""label"": ""PERS"", ""text"": ""Золотарьова""}, {""label"": ""ORG"", ""text"": ""ТОВ «Царіцино»""}, {""label"": ""JOB"", ""text"": ""засновником""}, {""label"": ""PERS"", ""text"": ""Цимідан""}, {""label"": ""LOC"", ""text"": ""Діброві""}]","[{""label"": ""DOC"", ""text"": ""матеріалах судової справи"", ""start"": 53, ""end"": 78}, {""label"": ""DATE"", ""text"": ""березня 2015 року"", ""start"": 82, ""end"": 99}, {""label"": ""PERS"", ""text"": ""Катерина Золотарьова"", ""start"": 102, ""end"": 122}, {""label"": ""ORG"", ""text"": ""ТОВ «Царіцино»"", ""start"": 195, ""end"": 209}, {""label"": ""LOC"", ""text"": ""Діброві"", ""start"": 319, ""end"": 326}]"
330e35159673c09d65a31cc54aeb97f1c39aa52bf0f24e495abce7f97145605a,Перед Золотарьовою цим житлом володіла Цимідан Тетяна Петрівна .,"[{""label"": ""PERS"", ""text"": ""Золотарьовою""}, {""label"": ""PERS"", ""text"": ""Цимідан""}, {""label"": ""PERS"", ""text"": ""Тетяна Петрівна""}]","[{""label"": ""MISC"", ""text"": ""житлом"", ""start"": 23, ""end"": 29}, {""label"": ""PERS"", ""text"": ""Цимідан Тетяна Петрівна"", ""start"": 39, ""end"": 62}]"
259bf7f0458067fcffa74e2aeb1abda53f7de69991006641be3eb088c71bdb78,"В декларації мер Лимана вказав, що дружина є власницею квартири в Києві , а йому належить земельну ділянку площею 700 кв м в Лиманському районі .","[{""label"": ""JOB"", ""text"": ""мер""}, {""label"": ""PERS"", ""text"": ""Лимана""}, {""label"": ""LOC"", ""text"": ""Києві""}, {""label"": ""QUANT"", ""text"": ""700 кв м""}, {""label"": ""LOC"", ""text"": ""Лиманському районі""}]","[{""label"": ""PERS"", ""text"": ""мер Лимана"", ""start"": 13, ""end"": 23}, {""label"": ""PERS"", ""text"": ""дружина"", ""start"": 35, ""end"": 42}, {""label"": ""LOC"", ""text"": ""Києві"", ""start"": 66, ""end"": 71}, {""label"": ""QUANT"", ""text"": ""700 кв м"", ""start"": 114, ""end"": 122}, {""label"": ""LOC"", ""text"": ""Лиманському районі"", ""start"": 125, ""end"": 143}]"
178bf21f1205873f53a70c8ea44c2a94c84abc49a1b2ac4e982edf7d0c390f5d,"Іншої нерухомості він не зазначив, також відсутня інформації в розділі про грошові активи. Фірма « Праймтранс Компані », яка заволоділа активами державного підприємства « Стахановпромтранс », поміняла власників частки свого капіталу.","[{""label"": ""ORG"", ""text"": ""Праймтранс Компані""}, {""label"": ""ORG"", ""text"": ""Стахановпромтранс""}]","[{""label"": ""MISC"", ""text"": ""Іншої нерухомості"", ""start"": 0, ""end"": 17}, {""label"": ""PERS"", ""text"": ""він"", ""start"": 18, ""end"": 21}, {""label"": ""ORG"", ""text"": ""Праймтранс Компані"", ""start"": 99, ""end"": 117}, {""label"": ""ORG"", ""text"": ""Стахановпромтранс"", ""start"": 171, ""end"": 188}]"
acc359f1fd14ba82a225d95e8762a9a36fb667ddb52c77f5110e7049b6b274c4,Замість підконтрольного народному депутату від Партії регіонів Юрію Іванющенку та його партнеру Івану Аврамову фонду « Інноваційні стратегії » 49% акцій « Праймтранс Компані » перейшли у власність компаній « Silver Code Investments » і « Tarvin Services » з Вірґінських островів .,"[{""label"": ""JOB"", ""text"": ""народному депутату""}, {""label"": ""ORG"", ""text"": ""Партії регіонів""}, {""label"": ""PERS"", ""text"": ""Юрію Іванющенку""}, {""label"": ""PERS"", ""text"": ""Івану Аврамову""}, {""label"": ""ORG"", ""text"": ""Інноваційні стратегії""}, {""label"": ""PCT"", ""text"": ""49%""}, {""label"": ""ORG"", ""text"": ""Праймтранс Компані""}, {""label"": ""ORG"", ""text"": ""Silver Code Investments""}, {""label"": ""ORG"", ""text"": ""Tarvin Services""}, {""label"": ""LOC"", ""text"": ""Вірґінських островів""}]","[{""label"": ""JOB"", ""text"": ""народному депутату"", ""start"": 24, ""end"": 42}, {""label"": ""ORG"", ""text"": ""Партії регіонів"", ""start"": 47, ""end"": 62}, {""label"": ""PERS"", ""text"": ""Юрію Іванющенку"", ""start"": 63, ""end"": 78}, {""label"": ""PERS"", ""text"": ""Івану Аврамову"", ""start"": 96, ""end"": 110}, {""label"": ""PCT"", ""text"": ""49%"", ""start"": 143, ""end"": 146}, {""label"": ""ORG"", ""text"": ""Праймтранс Компані"", ""start"": 155, ""end"": 173}, {""label"": ""ORG"", ""text"": ""Silver Code Investments"", ""start"": 208, ""end"": 231}, {""label"": ""ORG"", ""text"": ""Tarvin Services"", ""start"": 238, ""end"": 253}, {""label"": ""LOC"", ""text"": ""Вірґінських островів"", ""start"": 258, ""end"": 278}]"
f53b4deb52826a3704e61cb369accf3e90774a2235bebb59aa96390711655928,Про це пише Вадим Стародубцев у « Діловій столиці ».,"[{""label"": ""PERS"", ""text"": ""Вадим Стародубцев""}, {""label"": ""ART"", ""text"": ""Діловій столиці""}]","[{""label"": ""PERS"", ""text"": ""Вадим Стародубцев"", ""start"": 12, ""end"": 29}, {""label"": ""ORG"", ""text"": ""Діловій столиці"", ""start"": 34, ""end"": 49}]"
5fe03dd6127fc058c2a912cde2d9732e7c78937267cc0f023653e9c571e5e5b0,Ця зміна власників може значно ускладнити повернення державному підприємству його активів. Наприкінці 2011 року суд ввів процедуру санації « Стахановпромтрансу ».,"[{""label"": ""DATE"", ""text"": ""Наприкінці 2011 року""}, {""label"": ""ORG"", ""text"": ""Стахановпромтрансу""}]","[{""label"": ""DATE"", ""text"": ""2011 року"", ""start"": 102, ""end"": 111}, {""label"": ""ORG"", ""text"": ""Стахановпромтрансу"", ""start"": 141, ""end"": 159}]"
c80ba1f8b21efa6ad481e2ffda8598d8266b03f357accdb3a504f9fadcf6c6f2,"Згідно з нею, державне підприємство отримало 51% акцій « Праймтранс Компані », а фірма натомість отримала активи держпідприємства.","[{""label"": ""PCT"", ""text"": ""51%""}, {""label"": ""ORG"", ""text"": ""Праймтранс Компані""}]","[{""label"": ""ORG"", ""text"": ""державне підприємство"", ""start"": 14, ""end"": 35}, {""label"": ""PCT"", ""text"": ""51%"", ""start"": 45, ""end"": 48}, {""label"": ""ORG"", ""text"": ""Праймтранс Компані"", ""start"": 57, ""end"": 75}, {""label"": ""ORG"", ""text"": ""фірма"", ""start"": 81, ""end"": 86}]"
b61a98bf952796ea4fd1e4e5c3526a6ca84b209f0f363b32020be4e2c16e42c1,"Як відомо, « Стахановпромтранс » володіє власними локомотивами, а також управляє 90 км залізниці, що з'єднують вугільні шахти і збагачувальні фабрики Стаханова і Брянки з магістралями « Укрзалізниці ».","[{""label"": ""ORG"", ""text"": ""Стахановпромтранс""}, {""label"": ""QUANT"", ""text"": ""90 км""}, {""label"": ""LOC"", ""text"": ""Стаханова""}, {""label"": ""LOC"", ""text"": ""Брянки""}, {""label"": ""ORG"", ""text"": ""Укрзалізниці""}]","[{""label"": ""ORG"", ""text"": ""Стахановпромтранс"", ""start"": 13, ""end"": 30}, {""label"": ""LOC"", ""text"": ""Стаханова і Брянки"", ""start"": 150, ""end"": 168}, {""label"": ""ORG"", ""text"": ""Укрзалізниці"", ""start"": 186, ""end"": 198}]"
ad3d80eb3d3b7584c35ee9751c29a74c7ae88cfc3a391a35ca847215beda65af,"Отже, власниками « Праймтранс Компані » у 2011-му стали ДП «Стахановпромтранс» і фонд « Інноваційні стратегії » Іванющенка і Аврамова .","[{""label"": ""ORG"", ""text"": ""Праймтранс Компані""}, {""label"": ""DATE"", ""text"": ""2011-му""}, {""label"": ""ORG"", ""text"": ""ДП «Стахановпромтранс»""}, {""label"": ""ORG"", ""text"": ""Інноваційні стратегії""}, {""label"": ""PERS"", ""text"": ""Іванющенка""}, {""label"": ""PERS"", ""text"": ""Аврамова""}]","[{""label"": ""ORG"", ""text"": ""Праймтранс Компані"", ""start"": 19, ""end"": 37}, {""label"": ""DATE"", ""text"": ""2011-му"", ""start"": 42, ""end"": 49}, {""label"": ""ORG"", ""text"": ""ДП «Стахановпромтранс»"", ""start"": 56, ""end"": 78}, {""label"": ""ORG"", ""text"": ""фонд « Інноваційні стратегії »"", ""start"": 81, ""end"": 111}, {""label"": ""PERS"", ""text"": ""Іванющенка"", ""start"": 112, ""end"": 122}, {""label"": ""PERS"", ""text"": ""Аврамова"", ""start"": 125, ""end"": 133}]"
f4419bfaf127c39c537f5a5a6d8648c6864c7caee7dd9581bcfbb772572897f4,"Однак, після того, як на початку червня цього року суд припинив санацію держпідприємства, фонд « Інноваційні стратегії » вийшов зі складу засновників « Праймтранс Компані », де його замінили вказані віргінські компанії.","[{""label"": ""DATE"", ""text"": ""початку червня цього року""}, {""label"": ""ORG"", ""text"": ""Інноваційні стратегії""}, {""label"": ""JOB"", ""text"": ""засновників""}, {""label"": ""ORG"", ""text"": ""Праймтранс Компані""}]","[{""label"": ""DATE"", ""text"": ""початку червня цього року"", ""start"": 25, ""end"": 50}, {""label"": ""ORG"", ""text"": ""суд"", ""start"": 51, ""end"": 54}, {""label"": ""ORG"", ""text"": ""фонд « Інноваційні стратегії »"", ""start"": 90, ""end"": 120}, {""label"": ""ORG"", ""text"": ""Праймтранс Компані"", ""start"": 152, ""end"": 170}]"
f3dfa6ddb4cae86ec722a09948e0ca7bbbc822250f357c3112e754d54d1c5c0d,"За даними видання, таку ж схему Іванющенко і Аврамов збираються використати на інших своїх проблемних активах, придбання яких може бути переглянуте.","[{""label"": ""PERS"", ""text"": ""Іванющенко""}, {""label"": ""PERS"", ""text"": ""Аврамов""}]","[{""label"": ""PERS"", ""text"": ""Іванющенко"", ""start"": 32, ""end"": 42}, {""label"": ""PERS"", ""text"": ""Аврамов"", ""start"": 45, ""end"": 52}, {""label"": ""MISC"", ""text"": ""інших своїх проблемних активах"", ""start"": 79, ""end"": 109}]"
d0fac718d10882a65087c2610d71f27028da02e429bf051bd1005cc9d850c699,"Наприклад, доля підконтрольної Іванющенку британської компанії Parrox Corporation Limited розміром 28% в ТОВ «Промтоварний ринок» , що володіє відомим оптовим ринком в Одесі « 7-й кілометр ».","[{""label"": ""PERS"", ""text"": ""Іванющенку""}, {""label"": ""ORG"", ""text"": ""Parrox Corporation Limited""}, {""label"": ""PCT"", ""text"": ""28%""}, {""label"": ""ORG"", ""text"": ""ТОВ «Промтоварний ринок»""}, {""label"": ""LOC"", ""text"": ""Одесі""}, {""label"": ""LOC"", ""text"": ""7-й кілометр""}]","[{""label"": ""PERS"", ""text"": ""Іванющенку"", ""start"": 31, ""end"": 41}, {""label"": ""ORG"", ""text"": ""Parrox Corporation Limited"", ""start"": 63, ""end"": 89}, {""label"": ""PCT"", ""text"": ""28%"", ""start"": 99, ""end"": 102}, {""label"": ""ORG"", ""text"": ""ТОВ «Промтоварний ринок»"", ""start"": 105, ""end"": 129}, {""label"": ""LOC"", ""text"": ""7-й кілометр"", ""start"": 176, ""end"": 188}]"
994d3cfc6b350d3cc6b9487d7d0a123305b94de4c5df96b7e11cd7e385934397,"Днями, замість Parrox Corporation акціонером « Промтоварного ринку » стала кіпрська компанія Kittep Ltd .","[{""label"": ""ORG"", ""text"": ""Parrox Corporation""}, {""label"": ""ORG"", ""text"": ""Промтоварного ринку""}, {""label"": ""ORG"", ""text"": ""Kittep Ltd""}]","[{""label"": ""DATE"", ""text"": ""Днями"", ""start"": 0, ""end"": 5}, {""label"": ""ORG"", ""text"": ""Parrox Corporation"", ""start"": 15, ""end"": 33}, {""label"": ""ORG"", ""text"": ""Промтоварного ринку"", ""start"": 47, ""end"": 66}, {""label"": ""ORG"", ""text"": ""Kittep Ltd ."", ""start"": 93, ""end"": 105}]"
acfbccc625877bc4b853ed31aa86347b8089f39425b1a5f6051d1ceb38913385,Після втечі екс-президента Віктора Януковича Юрій Іванющенко теж покинув Україну Уряд візьме кредити під держгарантії на суму 5 млрд грн. для інвестиційних проектів з випуску складної сільгосптехніки.,"[{""label"": ""JOB"", ""text"": ""екс-президента""}, {""label"": ""PERS"", ""text"": ""Віктора Януковича""}, {""label"": ""PERS"", ""text"": ""Юрій Іванющенко""}, {""label"": ""LOC"", ""text"": ""Україну""}, {""label"": ""MON"", ""text"": ""5 млрд грн.""}]","[{""label"": ""PERS"", ""text"": ""Віктора Януковича"", ""start"": 27, ""end"": 44}, {""label"": ""PERS"", ""text"": ""Юрій Іванющенко"", ""start"": 45, ""end"": 60}, {""label"": ""LOC"", ""text"": ""Україну"", ""start"": 73, ""end"": 80}, {""label"": ""ORG"", ""text"": ""Уряд"", ""start"": 81, ""end"": 85}, {""label"": ""MON"", ""text"": ""5 млрд грн"", ""start"": 126, ""end"": 136}, {""label"": ""MISC"", ""text"": ""складної сільгосптехніки"", ""start"": 175, ""end"": 199}]"
96eec88f2cff56d9c9bf7cccdd7694aed6e8de1fdd3cee4a2aad9f47ea44d18e,Про це пише Ольга Прокопишина у « Діловій столиці ».,"[{""label"": ""PERS"", ""text"": ""Ольга Прокопишина""}, {""label"": ""ART"", ""text"": ""Діловій столиці""}]","[{""label"": ""PERS"", ""text"": ""Ольга Прокопишина"", ""start"": 12, ""end"": 29}, {""label"": ""ORG"", ""text"": ""Діловій столиці"", ""start"": 34, ""end"": 49}]"
300adfb995ec12768472a3f4c22efd5e5707d688ffe8d32b95b9c34e99abcd8a,Для реалізації проектів чиновники вже затвердили три виробничі майданчики.,"[{""label"": ""JOB"", ""text"": ""чиновники""}]","[{""label"": ""PERS"", ""text"": ""чиновники"", ""start"": 24, ""end"": 33}, {""label"": ""LOC"", ""text"": ""виробничі майданчики"", ""start"": 53, ""end"": 73}]"
1d4270a0c0a45ca6020e9e79ac138f98089690f8714cd09b3fff04748b490884,"Це ТОВ «НВП «Херсонський машинобудівний завод» , підконтрольний депутату Білоцерківської міськради від Партії регіонів Олександру Олійнику , ПАТ «Ніжинсільмаш» , яке через ТОВ «Укравтозапчастина» входить в орбіту екс-міністра економіки Петра Порошенка , і ПАТ «Дослідний завод зварювального обладнання Інституту електрозварювання ім. Патона» , що входить в орбіту депутата Київської облради від УДАРу Анатолія Степахно .","[{""label"": ""ORG"", ""text"": ""ТОВ «НВП «Херсонський машинобудівний завод»""}, {""label"": ""JOB"", ""text"": ""депутату""}, {""label"": ""ORG"", ""text"": ""Білоцерківської міськради""}, {""label"": ""ORG"", ""text"": ""Партії регіонів""}, {""label"": ""PERS"", ""text"": ""Олександру Олійнику""}, {""label"": ""ORG"", ""text"": ""ПАТ «Ніжинсільмаш»""}, {""label"": ""ORG"", ""text"": ""ТОВ «Укравтозапчастина»""}, {""label"": ""JOB"", ""text"": ""екс-міністра економіки""}, {""label"": ""PERS"", ""text"": ""Петра Порошенка""}, {""label"": ""ORG"", ""text"": ""ПАТ «Дослідний завод зварювального обладнання Інституту електрозварювання ім. Патона»""}, {""label"": ""JOB"", ""text"": ""депутата""}, {""label"": ""ORG"", ""text"": ""Київської облради""}, {""label"": ""ORG"", ""text"": ""УДАРу""}, {""label"": ""PERS"", ""text"": ""Анатолія Степахно""}]","[{""label"": ""ORG"", ""text"": ""ТОВ «НВП «Херсонський машинобудівний завод»"", ""start"": 3, ""end"": 46}, {""label"": ""PERS"", ""text"": ""Олександру Олійнику"", ""start"": 119, ""end"": 138}, {""label"": ""ORG"", ""text"": ""ПАТ «Ніжинсільмаш»"", ""start"": 141, ""end"": 159}, {""label"": ""ORG"", ""text"": ""ТОВ «Укравтозапчастина"", ""start"": 172, ""end"": 194}, {""label"": ""PERS"", ""text"": ""Петра Порошенка"", ""start"": 236, ""end"": 251}, {""label"": ""ORG"", ""text"": ""ПАТ «Дослідний завод зварювального обладнання Інституту електрозварювання ім. Патона»"", ""start"": 256, ""end"": 341}, {""label"": ""PERS"", ""text"": ""Анатолія Степахно"", ""start"": 401, ""end"": 418}]"
2608916033b15847861c7ba593efcfd1481367035687270341ee52f33814854f,"На « Херсонському машинобудівному заводі » планують збирати зернозбиральні комбайни Tucano і « Скіф » спільно з німецьким машинобудівним концерном Claas , що дозволить за два роки зібрати в Україні понад 1,5 тис одиниць техніки.","[{""label"": ""ORG"", ""text"": ""Херсонському машинобудівному заводі""}, {""label"": ""ART"", ""text"": ""Tucano""}, {""label"": ""ART"", ""text"": ""Скіф""}, {""label"": ""ORG"", ""text"": ""Claas""}, {""label"": ""PERIOD"", ""text"": ""два роки""}, {""label"": ""LOC"", ""text"": ""Україні""}]","[{""label"": ""ORG"", ""text"": ""« Херсонському машинобудівному заводі »"", ""start"": 3, ""end"": 42}, {""label"": ""ART"", ""text"": ""зернозбиральні комбайни Tucano"", ""start"": 60, ""end"": 90}, {""label"": ""ART"", ""text"": ""Скіф"", ""start"": 95, ""end"": 99}, {""label"": ""ORG"", ""text"": ""Claas"", ""start"": 147, ""end"": 152}, {""label"": ""PERIOD"", ""text"": ""два роки"", ""start"": 171, ""end"": 179}, {""label"": ""LOC"", ""text"": ""Україні"", ""start"": 190, ""end"": 197}, {""label"": ""QUANT"", ""text"": ""1,5 тис"", ""start"": 204, ""end"": 211}]"
eaecfb17308529ccfcdfde4f49e2f6e1868f8b2c977d2217c695c54b23ff0812,На базі « Ніжинсільмашу » спільно з італійським виробником Landini S. p. A. буде налагоджена повномасштабна збірка сільськогосподарських тракторів.,"[{""label"": ""ORG"", ""text"": ""Ніжинсільмашу""}, {""label"": ""ORG"", ""text"": ""Landini S. p. A.""}]","[{""label"": ""LOC"", ""text"": ""Ніжинсільмашу"", ""start"": 10, ""end"": 23}, {""label"": ""ORG"", ""text"": ""Landini S. p. A."", ""start"": 59, ""end"": 75}, {""label"": ""ART"", ""text"": ""сільськогосподарських тракторів"", ""start"": 115, ""end"": 146}]"
856e2226457cf34f45599e295b48df4393197a99054746002e71225866f9dfff,А на потужностях Інституту електрозаврювання ім. Патона планується організувати випуск комбайнів під брендом « Сварог » спільно з американським виробником New Holland .,"[{""label"": ""ORG"", ""text"": ""Інституту електрозаврювання ім. Патона""}, {""label"": ""ART"", ""text"": ""Сварог""}, {""label"": ""ORG"", ""text"": ""New Holland""}]","[{""label"": ""ORG"", ""text"": ""Інституту електрозаврювання ім. Патона"", ""start"": 17, ""end"": 55}, {""label"": ""ART"", ""text"": ""Сварог"", ""start"": 111, ""end"": 117}, {""label"": ""ORG"", ""text"": ""New Holland"", ""start"": 155, ""end"": 166}]"
4a0b6c3564f2e8e671fe2ef393b6787e4816e0253a5795b7e1bad0c68e70bc92,"За даними джерела у Мінагрополітики , компанії вже направили понад 700 млн грн. на організацію вказаного виробництва.","[{""label"": ""ORG"", ""text"": ""Мінагрополітики""}, {""label"": ""MON"", ""text"": ""700 млн грн.""}]","[{""label"": ""ORG"", ""text"": ""Мінагрополітики"", ""start"": 20, ""end"": 35}, {""label"": ""ORG"", ""text"": ""компанії"", ""start"": 38, ""end"": 46}]"
223cff579b44feb078ad481373fcf86728ae6910c92d0a5b2df628cbc222f884,Інвестиційні проекти були підготовлені Міністерством агрополітики і продовольства у рамках розвитку економіки на 2013-2014 роки .,"[{""label"": ""ORG"", ""text"": ""Міністерством агрополітики і продовольства""}, {""label"": ""PERIOD"", ""text"": ""2013-2014 роки""}]","[{""label"": ""MISC"", ""text"": ""Інвестиційні проекти"", ""start"": 0, ""end"": 20}, {""label"": ""ORG"", ""text"": ""Міністерством агрополітики і продовольства"", ""start"": 39, ""end"": 81}, {""label"": ""PERIOD"", ""text"": ""2013-2014 роки"", ""start"": 113, ""end"": 127}]"
85abfa59217f313cf434bf0eace470c86b86b6b5b9a594b17f67f32e219ff99e,Відповідне фінансування Мінекономрозвитку планує затвердити найближчим часом.,"[{""label"": ""ORG"", ""text"": ""Мінекономрозвитку""}]","[{""label"": ""ORG"", ""text"": ""Мінекономрозвитку"", ""start"": 24, ""end"": 41}, {""label"": ""DATE"", ""text"": ""найближчим часом"", ""start"": 60, ""end"": 76}]"
17d4b17dc762d6dd7c59b85f5d94cd430c87aae7825adef5c87c1d3c5199e0c1,"Через Укрексімбанк ці кошти надійдуть підприємствам двома траншами: 1,5 млрд грн. у 2013 році і 3,5 млрд грн. у 2014-му .","[{""label"": ""ORG"", ""text"": ""Укрексімбанк""}, {""label"": ""MON"", ""text"": ""1,5 млрд грн.""}, {""label"": ""DATE"", ""text"": ""2013 році""}, {""label"": ""MON"", ""text"": ""3,5 млрд грн.""}, {""label"": ""DATE"", ""text"": ""2014-му""}]","[{""label"": ""ORG"", ""text"": ""Укрексімбанк"", ""start"": 6, ""end"": 18}, {""label"": ""ORG"", ""text"": ""підприємствам"", ""start"": 38, ""end"": 51}, {""label"": ""MON"", ""text"": ""1,5 млрд грн"", ""start"": 68, ""end"": 80}, {""label"": ""PERIOD"", ""text"": ""2013 році"", ""start"": 84, ""end"": 93}, {""label"": ""MON"", ""text"": ""3,5 млрд грн."", ""start"": 96, ""end"": 109}, {""label"": ""PERIOD"", ""text"": ""2014-му"", ""start"": 112, ""end"": 119}]"
563ce80c00dfb53ff028d502c142dee0264ab656782c712e5bf92038fa83d0e8,"Техніка, яка випускатиметься у рамках цих проектів, може вважатися вітчизняною і брати участь у пільгових лізингових програмах « Украгролізингу », якому в цьому році на закупівлю техніки в бюджеті передбачено 158 млн грн .","[{""label"": ""ORG"", ""text"": ""Украгролізингу""}, {""label"": ""DATE"", ""text"": ""цьому році""}, {""label"": ""MON"", ""text"": ""158 млн грн""}]","[{""label"": ""ART"", ""text"": ""Техніка"", ""start"": 0, ""end"": 7}, {""label"": ""ORG"", ""text"": ""Украгролізингу"", ""start"": 129, ""end"": 143}, {""label"": ""ART"", ""text"": ""техніки"", ""start"": 179, ""end"": 186}, {""label"": ""MON"", ""text"": ""158 млн грн"", ""start"": 209, ""end"": 220}]"
054557e46883d94354ddc6f4bae6a3fca8ef9b7019406a6e3759bd176508eafe,"Нагадаємо, раніше вітчизняні сільгоспмашини мали складатися не менше ніж на 60% із виготовлених в Україні комплектуючих.","[{""label"": ""PCT"", ""text"": ""60%""}, {""label"": ""LOC"", ""text"": ""Україні""}]","[{""label"": ""ORG"", ""text"": ""вітчизняні сільгоспмашини"", ""start"": 18, ""end"": 43}, {""label"": ""PCT"", ""text"": ""60%"", ""start"": 76, ""end"": 79}, {""label"": ""LOC"", ""text"": ""Україні"", ""start"": 98, ""end"": 105}, {""label"": ""ART"", ""text"": ""комплектуючих"", ""start"": 106, ""end"": 119}]"
d784e4c8e5853f806f99b5c0540bf5fd2f3bcfc7eca5c28926f70233ec3389f5,"У травні цього року уряд знизив цей бар'єр до 20-35% для тракторів (залежно від об'єму двигуна) і до 35% для самохідних і причіпних комбайнів. Сім'я судді Господарського суду м. Києва Ірини Андреїшини придбала автомобіль Subaru Outback 2015 року випуску вартістю 1,01 млн грн .","[{""label"": ""DATE"", ""text"": ""травні цього року""}, {""label"": ""PCT"", ""text"": ""20-35%""}, {""label"": ""PCT"", ""text"": ""35%""}, {""label"": ""ORG"", ""text"": ""Господарського суду м. Києва""}, {""label"": ""PERS"", ""text"": ""Ірини Андреїшини""}, {""label"": ""ART"", ""text"": ""Subaru Outback""}, {""label"": ""DATE"", ""text"": ""2015 року""}, {""label"": ""MON"", ""text"": ""1,01 млн грн""}]","[{""label"": ""DATE"", ""text"": ""травні цього року"", ""start"": 2, ""end"": 19}, {""label"": ""ORG"", ""text"": ""уряд"", ""start"": 20, ""end"": 24}, {""label"": ""PCT"", ""text"": ""20-35%"", ""start"": 46, ""end"": 52}, {""label"": ""ART"", ""text"": ""тракторів"", ""start"": 57, ""end"": 66}, {""label"": ""PCT"", ""text"": ""35%"", ""start"": 101, ""end"": 104}, {""label"": ""ART"", ""text"": ""самохідних і причіпних комбайнів"", ""start"": 109, ""end"": 141}, {""label"": ""ORG"", ""text"": ""Господарського суду м. Києва"", ""start"": 155, ""end"": 183}, {""label"": ""PERS"", ""text"": ""Ірини Андреїшини"", ""start"": 184, ""end"": 200}, {""label"": ""ART"", ""text"": ""Subaru Outback"", ""start"": 221, ""end"": 235}, {""label"": ""MON"", ""text"": ""1,01 млн грн"", ""start"": 263, ""end"": 275}]"
909d0aae59684e810e5d1ab6963c9ffe9fdfc59816a38b309cd450e5dbb0f121,Про це свідчить електронна декларація судді у реєстрі НАЗК .,"[{""label"": ""JOB"", ""text"": ""судді""}, {""label"": ""ORG"", ""text"": ""НАЗК""}]","[{""label"": ""PERS"", ""text"": ""судді"", ""start"": 38, ""end"": 43}, {""label"": ""ORG"", ""text"": ""НАЗК"", ""start"": 54, ""end"": 58}]"
945304310e6bf5045398357e4e43c40c89430981e2e2f50bd834f555ea0e2e9b,Автомобіль оформили у власність 1 грудня 2015 року .,"[{""label"": ""DATE"", ""text"": ""1 грудня 2015 року""}]","[{""label"": ""ART"", ""text"": ""Автомобіль"", ""start"": 0, ""end"": 10}, {""label"": ""DATE"", ""text"": ""1 грудня 2015 року"", ""start"": 32, ""end"": 50}]"
0143e0a3671a0d3cedee37cad2a9973f0e88f8a3890723215c548f4538c1c654,"Зазначається, що це спільна власність судді та її чоловіка Євгена Андреїшина .","[{""label"": ""JOB"", ""text"": ""судді""}, {""label"": ""PERS"", ""text"": ""Євгена Андреїшина""}]","[{""label"": ""JOB"", ""text"": ""судді"", ""start"": 38, ""end"": 43}, {""label"": ""PERS"", ""text"": ""Євгена Андреїшина"", ""start"": 59, ""end"": 76}]"
92d684f61fbb2b73a4ee7e8a2211833a8a7efc0fc25235d9282e66101f6b84ac,"Також суддя має авто Volkswagen Tiguan 2009 року випуску, а її чоловік – Nissan Note 2010 р.в . Суддя повідомила, що у 2015 році продала квартиру деякій Наталії Імановій .","[{""label"": ""JOB"", ""text"": ""суддя""}, {""label"": ""ART"", ""text"": ""Volkswagen Tiguan""}, {""label"": ""DATE"", ""text"": ""2009 року""}, {""label"": ""ART"", ""text"": ""Nissan Note""}, {""label"": ""DATE"", ""text"": ""2010 р.в""}, {""label"": ""JOB"", ""text"": ""Суддя""}, {""label"": ""DATE"", ""text"": ""2015 році""}, {""label"": ""PERS"", ""text"": ""Наталії Імановій""}]","[{""label"": ""JOB"", ""text"": ""суддя"", ""start"": 6, ""end"": 11}, {""label"": ""ART"", ""text"": ""Volkswagen Tiguan"", ""start"": 21, ""end"": 38}, {""label"": ""ART"", ""text"": ""Nissan Note"", ""start"": 73, ""end"": 84}, {""label"": ""JOB"", ""text"": ""Суддя"", ""start"": 96, ""end"": 101}, {""label"": ""DATE"", ""text"": ""2015 році"", ""start"": 119, ""end"": 128}, {""label"": ""ART"", ""text"": ""квартиру"", ""start"": 137, ""end"": 145}, {""label"": ""PERS"", ""text"": ""Наталії Імановій"", ""start"": 153, ""end"": 169}]"
12dc4096ec3c59b6c7f83655f375a80f6f9b29d220178755d2aad90365657bad,Від продажу суддя Андреїшина отримала 779 тис грн. доходу.,"[{""label"": ""JOB"", ""text"": ""суддя""}, {""label"": ""PERS"", ""text"": ""Андреїшина""}, {""label"": ""MON"", ""text"": ""779 тис грн.""}]","[{""label"": ""ART"", ""text"": ""продажу"", ""start"": 4, ""end"": 11}, {""label"": ""JOB"", ""text"": ""суддя"", ""start"": 12, ""end"": 17}, {""label"": ""PERS"", ""text"": ""Андреїшина"", ""start"": 18, ""end"": 28}, {""label"": ""MON"", ""text"": ""779 тис грн"", ""start"": 38, ""end"": 49}]"
250a5765576b36634ffcac6b1aaf9a4e541ab217e1e77ec6c3cdee4ce34336c3,"У реєстрі нерухомості є дані, що Наталія Іманова купила квартир у 26 листопада 2015 року , тобто за тиждень до того, як суддя придбала автомобіль.","[{""label"": ""PERS"", ""text"": ""Наталія Іманова""}, {""label"": ""DATE"", ""text"": ""26 листопада 2015 року""}, {""label"": ""JOB"", ""text"": ""суддя""}]","[{""label"": ""ORG"", ""text"": ""реєстрі нерухомості"", ""start"": 2, ""end"": 21}, {""label"": ""PERS"", ""text"": ""Наталія Іманова"", ""start"": 33, ""end"": 48}, {""label"": ""ART"", ""text"": ""квартир"", ""start"": 56, ""end"": 63}, {""label"": ""DATE"", ""text"": ""26 листопада 2015 року"", ""start"": 66, ""end"": 88}, {""label"": ""JOB"", ""text"": ""суддя"", ""start"": 120, ""end"": 125}, {""label"": ""ART"", ""text"": ""автомобіль"", ""start"": 135, ""end"": 145}]"
21dc166cc01180f3a46683ab0d9f254c02bb1bbe3c987f0a2565d955fb0492e9,Це квартира площею 56 кв. м. у Києві на вулиці Голосіївській .,"[{""label"": ""QUANT"", ""text"": ""56 кв. м.""}, {""label"": ""LOC"", ""text"": ""Києві""}, {""label"": ""LOC"", ""text"": ""вулиці Голосіївській""}]","[{""label"": ""LOC"", ""text"": ""Києві"", ""start"": 31, ""end"": 36}]"
ebad3b631a0b4932013892b66ee5a070760ebbc59a092b9d615b5b97fabbbf98,"У 2014 році , коли суддя носила прізвище свого колишнього чоловіка – Гавриловська – квартиру на вулиці Голосіївській вона не декларувала.","[{""label"": ""DATE"", ""text"": ""2014 році""}, {""label"": ""JOB"", ""text"": ""суддя""}, {""label"": ""PERS"", ""text"": ""Гавриловська""}, {""label"": ""LOC"", ""text"": ""вулиці Голосіївській""}]","[{""label"": ""DATE"", ""text"": ""2014 році"", ""start"": 2, ""end"": 11}, {""label"": ""JOB"", ""text"": ""суддя"", ""start"": 19, ""end"": 24}, {""label"": ""PERS"", ""text"": ""Гавриловська"", ""start"": 69, ""end"": 81}, {""label"": ""LOC"", ""text"": ""вулиці Голосіївській"", ""start"": 96, ""end"": 116}]"
379353fe4d3a0ab5dd8417d739f9f4dce8c8fd657483631cc3a9bd9bf4b38f7f,"Згідно з офіційними деклараціями про доходи, суддя має службову квартирою площею 90 кв. м. Ця квартира належить Госпсуду Києва і перебуває в користуванні судді з 2012 року .","[{""label"": ""JOB"", ""text"": ""суддя""}, {""label"": ""QUANT"", ""text"": ""90 кв. м.""}, {""label"": ""ORG"", ""text"": ""Госпсуду Києва""}, {""label"": ""JOB"", ""text"": ""судді""}, {""label"": ""DATE"", ""text"": ""2012 року""}]","[{""label"": ""JOB"", ""text"": ""суддя"", ""start"": 45, ""end"": 50}, {""label"": ""ORG"", ""text"": ""Госпсуду Києва"", ""start"": 112, ""end"": 126}, {""label"": ""JOB"", ""text"": ""судді"", ""start"": 154, ""end"": 159}, {""label"": ""DATE"", ""text"": ""2012 року"", ""start"": 162, ""end"": 171}]"
b9469920ca4c4c5f5c371db06fc7d090aa68d0cbb9b357b3e77d22e02f5057ea,"У службовій квартирі також прописаний син судді – Максим . Суддя Андреїшина офіційно має 20% у квартирі в Києві площею 67,5 кв. м. , якою володіють її батьки та сестри.","[{""label"": ""JOB"", ""text"": ""судді""}, {""label"": ""PERS"", ""text"": ""Максим""}, {""label"": ""JOB"", ""text"": ""Суддя""}, {""label"": ""PERS"", ""text"": ""Андреїшина""}, {""label"": ""PCT"", ""text"": ""20%""}, {""label"": ""LOC"", ""text"": ""Києві""}, {""label"": ""QUANT"", ""text"": ""67,5 кв. м.""}]","[{""label"": ""JOB"", ""text"": ""судді"", ""start"": 42, ""end"": 47}, {""label"": ""PERS"", ""text"": ""Максим"", ""start"": 50, ""end"": 56}, {""label"": ""JOB"", ""text"": ""Суддя"", ""start"": 59, ""end"": 64}, {""label"": ""PERS"", ""text"": ""Андреїшина"", ""start"": 65, ""end"": 75}, {""label"": ""PCT"", ""text"": ""20%"", ""start"": 89, ""end"": 92}, {""label"": ""LOC"", ""text"": ""Києві"", ""start"": 106, ""end"": 111}]"
72e7b29ecce791de49b33fac44b32687ae8495fb7aa76d2c5799d990aa019bcb,"Її новий чоловік має частку у київській квартирі на 80 кв. м. , співвласниками якої є його батьки і брат.","[{""label"": ""QUANT"", ""text"": ""80 кв. м.""}]","[{""label"": ""PERS"", ""text"": ""Її новий чоловік"", ""start"": 0, ""end"": 16}, {""label"": ""PERS"", ""text"": ""його батьки"", ""start"": 86, ""end"": 97}, {""label"": ""PERS"", ""text"": ""брат"", ""start"": 100, ""end"": 104}]"
6774b8ed33e49e1831787f5e787de08500e408db15262c1e1d30ac0a527d90cc,У минулому році суддя Андреїшина отримала 187 тис грн. зарплати і 18 тис грн. аліментів на сина.,"[{""label"": ""DATE"", ""text"": ""минулому році""}, {""label"": ""JOB"", ""text"": ""суддя""}, {""label"": ""PERS"", ""text"": ""Андреїшина""}, {""label"": ""MON"", ""text"": ""187 тис грн.""}, {""label"": ""MON"", ""text"": ""18 тис грн.""}]","[{""label"": ""PERIOD"", ""text"": ""минулому році"", ""start"": 2, ""end"": 15}, {""label"": ""JOB"", ""text"": ""суддя"", ""start"": 16, ""end"": 21}, {""label"": ""PERS"", ""text"": ""Андреїшина"", ""start"": 22, ""end"": 32}, {""label"": ""MON"", ""text"": ""18 тис грн."", ""start"": 66, ""end"": 77}]"
3073fbf85b807febc06e351d9a9e541cd3d07f6fd02c11fd2755b30bfa98538a,"У 2014 році суддя також декларувала цінні папери номінальною вартістю 0,52 млн грн .","[{""label"": ""DATE"", ""text"": ""2014 році""}, {""label"": ""JOB"", ""text"": ""суддя""}, {""label"": ""MON"", ""text"": ""0,52 млн грн""}]","[{""label"": ""DATE"", ""text"": ""2014 році"", ""start"": 2, ""end"": 11}, {""label"": ""PERS"", ""text"": ""суддя"", ""start"": 12, ""end"": 17}, {""label"": ""ART"", ""text"": ""цінні папери"", ""start"": 36, ""end"": 48}, {""label"": ""MON"", ""text"": ""0,52 млн грн"", ""start"": 70, ""end"": 82}]"
6d3dac46bb8e70b56555aea231153734e424fb2ba8ec7b70cebadb62d784e2d0,"У 2015 році суддя повідомила, що не має жодних грошових активів.","[{""label"": ""DATE"", ""text"": ""2015 році""}, {""label"": ""JOB"", ""text"": ""суддя""}]","[{""label"": ""DATE"", ""text"": ""2015 році"", ""start"": 2, ""end"": 11}, {""label"": ""PERS"", ""text"": ""суддя"", ""start"": 12, ""end"": 17}, {""label"": ""MON"", ""text"": ""грошових активів"", ""start"": 47, ""end"": 63}]"
ffd985197dd4d236bb607b5ee4f93e58e69b88f2757ec24e17057564589401d1,Чоловік судді за минулий рік офіційно заробив тільки 55 тис грн .,"[{""label"": ""JOB"", ""text"": ""судді""}, {""label"": ""DATE"", ""text"": ""минулий рік""}, {""label"": ""MON"", ""text"": ""55 тис грн""}]","[{""label"": ""JOB"", ""text"": ""судді"", ""start"": 8, ""end"": 13}, {""label"": ""PERIOD"", ""text"": ""минулий рік"", ""start"": 17, ""end"": 28}, {""label"": ""JOB"", ""text"": ""офіційно"", ""start"": 29, ""end"": 37}, {""label"": ""MON"", ""text"": ""55 тис грн"", ""start"": 53, ""end"": 63}]"
fdbc7f95e9ef01ebc029f87ebf4e917e2a8936ca88964f7a1d793e1f6f51a8f9,"Він значиться директором ТОВ «Спіріт Бета» , що спеціалізується на ресторанній діяльності і послугах мобільного харчування.","[{""label"": ""JOB"", ""text"": ""директором""}, {""label"": ""ORG"", ""text"": ""ТОВ «Спіріт Бета»""}]","[{""label"": ""PERS"", ""text"": ""Він"", ""start"": 0, ""end"": 3}, {""label"": ""JOB"", ""text"": ""директором"", ""start"": 14, ""end"": 24}, {""label"": ""ORG"", ""text"": ""ТОВ «Спіріт Бета»"", ""start"": 25, ""end"": 42}, {""label"": ""MISC"", ""text"": ""ресторанній діяльності"", ""start"": 67, ""end"": 89}, {""label"": ""MISC"", ""text"": ""послугах мобільного харчування"", ""start"": 92, ""end"": 122}]"
53e19a5f8743ab7252619c1d7932258233d839b4ac919fc94869654bbd50b7d9,Раніше засновником цієї фірми значилась російська компанія « Кутузовська Плюс ».,"[{""label"": ""JOB"", ""text"": ""засновником""}, {""label"": ""ORG"", ""text"": ""Кутузовська Плюс""}]","[{""label"": ""ORG"", ""text"": ""Кутузовська Плюс"", ""start"": 61, ""end"": 77}]"
7f3ee97e70311244fd7f37e8aa9019a5e66cc5217a73243a331cedf8cbd44715,"Але віднедавна власником є харків'янка Олеся Габрієлян Хмельницьке обласне тервідділення Антимонопольного комітету України оштрафувало ПП «Зіко-Буд» ( Хмельницький ) на 54 тис грн. за антиконкурентні узгоджені дії, які призвели до спотворення результатів торгів.","[{""label"": ""PERS"", ""text"": ""Олеся Габрієлян""}, {""label"": ""ORG"", ""text"": ""Хмельницьке обласне тервідділення Антимонопольного комітету України""}, {""label"": ""ORG"", ""text"": ""ПП «Зіко-Буд»""}, {""label"": ""LOC"", ""text"": ""Хмельницький""}, {""label"": ""MON"", ""text"": ""54 тис грн.""}]","[{""label"": ""PERS"", ""text"": ""Олеся Габрієлян"", ""start"": 39, ""end"": 54}, {""label"": ""ORG"", ""text"": ""Хмельницьке обласне тервідділення Антимонопольного комітету України"", ""start"": 55, ""end"": 122}, {""label"": ""ORG"", ""text"": ""ПП «Зіко-Буд»"", ""start"": 135, ""end"": 148}, {""label"": ""LOC"", ""text"": ""Хмельницький"", ""start"": 151, ""end"": 163}, {""label"": ""MON"", ""text"": ""54 тис грн."", ""start"": 169, ""end"": 180}]"
b6b12aab43cffd24259da56e9e493b8b72e004a881fa3d8153f78f1a527365b8,Про це написав « Незалежний громадський портал » з посиланням на прес-службу відомства.,"[{""label"": ""ART"", ""text"": ""Незалежний громадський портал""}]","[{""label"": ""ORG"", ""text"": ""Незалежний громадський портал"", ""start"": 17, ""end"": 46}]"
95f07a40041fe6324852b783f096afadf49c1913712006e8ad5480bd1638005d,"Відділення з'ясувало, що ПП «Зіко-Буд» протягом серпня-вересня 2017 року узгодило свої дії з ФОП Іриною Зарембою під час закупівлі військовою частиною А2007 Міністерства оборони України послуг з капітального ремонту будівлі.","[{""label"": ""ORG"", ""text"": ""ПП «Зіко-Буд»""}, {""label"": ""PERIOD"", ""text"": ""серпня-вересня 2017 року""}, {""label"": ""ORG"", ""text"": ""ФОП Іриною Зарембою""}, {""label"": ""ORG"", ""text"": ""А2007""}, {""label"": ""ORG"", ""text"": ""Міністерства оборони України""}]","[{""label"": ""ORG"", ""text"": ""ПП «Зіко-Буд»"", ""start"": 25, ""end"": 38}, {""label"": ""PERIOD"", ""text"": ""серпня-вересня 2017 року"", ""start"": 48, ""end"": 72}, {""label"": ""PERS"", ""text"": ""Іриною Зарембою"", ""start"": 97, ""end"": 112}, {""label"": ""ORG"", ""text"": ""Міністерства оборони України"", ""start"": 157, ""end"": 185}]"
99200e92b1a2a6ed33dcadf94927be21832a3f2c0c61937e1345205f815db745,"Розслідування засвідчило, що документи, подані у складі пропозицій з конкурсних торгів, учасники торгів готували узгоджено та обмінювалися інформацією при підготовці пропозицій з конкурсних торгів.",[],"[{""label"": ""ART"", ""text"": ""документи"", ""start"": 29, ""end"": 38}, {""label"": ""ART"", ""text"": ""пропозицій з конкурсних торгів"", ""start"": 56, ""end"": 86}, {""label"": ""PERS"", ""text"": ""учасники торгів"", ""start"": 88, ""end"": 103}, {""label"": ""ART"", ""text"": ""пропозицій з конкурсних торгів"", ""start"": 166, ""end"": 196}]"
bc3f5f2d0fcfebd835684c09e7a7459d0f213fce5dd24d513627254cbbc7de3f,Суб'єкти господарювання подали тендерну документацію на електронний майданчик через один особистий кабінет.,[],"[{""label"": ""ORG"", ""text"": ""Суб'єкти господарювання"", ""start"": 0, ""end"": 23}, {""label"": ""ART"", ""text"": ""тендерну документацію"", ""start"": 31, ""end"": 52}, {""label"": ""LOC"", ""text"": ""електронний майданчик"", ""start"": 56, ""end"": 77}]"
dc4b05b008f52a6f9dc65ebdc7680d53b4778754713bbcd285bb65ca321e6b87,Учасники торгів перебували у господарських відносинах.,[],"[{""label"": ""ORG"", ""text"": ""Учасники торгів"", ""start"": 0, ""end"": 15}]"
a341e3db09c63c47ad3df362e7d472cc59c733427d42198d43f8a5aca603db6c,"На момент проведення торгів Ірина Заремба була директором ПП «Зіко-Буд» . ФОП Ірина Заремба припинила діяльність у березні 2018 року ПП «Зіко-Буд» не братиме участь у державних закупівлях протягом 3 років . ПП «Зіко-Буд» разом із ФОП Іриною Зарембою заявилися на торги з капітального ремонту будівлі №7 / 31 , які оголосила військова частина А2007 з Шепетівки очікуваною вартістю 730 тис. грн . ПП «Зіко-Буд» запропонувало ціну 720 тис. грн , а ФОП Заремба – 727,7 тис. грн .","[{""label"": ""PERS"", ""text"": ""Ірина Заремба""}, {""label"": ""JOB"", ""text"": ""директором""}, {""label"": ""ORG"", ""text"": ""ПП «Зіко-Буд»""}, {""label"": ""ORG"", ""text"": ""ФОП Ірина Заремба""}, {""label"": ""DATE"", ""text"": ""березні 2018 року""}, {""label"": ""ORG"", ""text"": ""ПП «Зіко-Буд»""}, {""label"": ""PERIOD"", ""text"": ""3 років""}, {""label"": ""ORG"", ""text"": ""ПП «Зіко-Буд»""}, {""label"": ""ORG"", ""text"": ""ФОП Іриною Зарембою""}, {""label"": ""LOC"", ""text"": ""будівлі №7 / 31""}, {""label"": ""ORG"", ""text"": ""А2007""}, {""label"": ""LOC"", ""text"": ""Шепетівки""}, {""label"": ""MON"", ""text"": ""730 тис. грн""}, {""label"": ""ORG"", ""text"": ""ПП «Зіко-Буд»""}, {""label"": ""MON"", ""text"": ""720 тис. грн""}, {""label"": ""PERS"", ""text"": ""ФОП Заремба""}, {""label"": ""MON"", ""text"": ""727,7 тис. грн""}]","[{""label"": ""PERS"", ""text"": ""Ірина Заремба"", ""start"": 28, ""end"": 41}, {""label"": ""JOB"", ""text"": ""директором"", ""start"": 47, ""end"": 57}, {""label"": ""ORG"", ""text"": ""ПП «Зіко-Буд»"", ""start"": 58, ""end"": 71}, {""label"": ""JOB"", ""text"": ""ФОП"", ""start"": 74, ""end"": 77}, {""label"": ""PERS"", ""text"": ""Ірина Заремба"", ""start"": 78, ""end"": 91}, {""label"": ""DATE"", ""text"": ""березні 2018 року"", ""start"": 115, ""end"": 132}, {""label"": ""ORG"", ""text"": ""ПП «Зіко-Буд»"", ""start"": 133, ""end"": 146}, {""label"": ""PERIOD"", ""text"": ""3 років"", ""start"": 197, ""end"": 204}, {""label"": ""ORG"", ""text"": ""ПП «Зіко-Буд»"", ""start"": 207, ""end"": 220}, {""label"": ""JOB"", ""text"": ""ФОП"", ""start"": 230, ""end"": 233}, {""label"": ""PERS"", ""text"": ""Іриною Зарембою"", ""start"": 234, ""end"": 249}, {""label"": ""ORG"", ""text"": ""військова частина А2007"", ""start"": 324, ""end"": 347}, {""label"": ""LOC"", ""text"": ""Шепетівки"", ""start"": 350, ""end"": 359}, {""label"": ""MON"", ""text"": ""730 тис. грн"", ""start"": 380, ""end"": 392}, {""label"": ""ORG"", ""text"": ""ПП «Зіко-Буд»"", ""start"": 395, ""end"": 408}, {""label"": ""MON"", ""text"": ""720 тис. грн"", ""start"": 428, ""end"": 440}, {""label"": ""MON"", ""text"": ""727,7 тис. грн"", ""start"": 459, ""end"": 473}]"
574c1642a067d0ca2f92ba2fb9a7020551085c0fb6c0ec4a9b42b2427007f2d8,"Натомість замовник відхилив обидві пропозиції, викривши змову учасників, які були пов'язані між собою.",[],"[{""label"": ""PERS"", ""text"": ""замовник"", ""start"": 10, ""end"": 18}, {""label"": ""PERS"", ""text"": ""учасників"", ""start"": 62, ""end"": 71}]"
e9a5b967f843f81c4cfc3c984bc47f507608b235d0422ee409c07499870bc59f,_Від « Наших грошей »: _,"[{""label"": ""ART"", ""text"": ""Наших грошей""}]",[]
691d73aad96487476d511bc72cac5cab76e027c04aca889f4c78ea0ae3466730,Наразі засновником та директором ПП «Зіко-Буд» вказана Ірина Заремба .,"[{""label"": ""JOB"", ""text"": ""засновником""}, {""label"": ""JOB"", ""text"": ""директором""}, {""label"": ""ORG"", ""text"": ""ПП «Зіко-Буд»""}, {""label"": ""PERS"", ""text"": ""Ірина Заремба""}]","[{""label"": ""ORG"", ""text"": ""ПП «Зіко-Буд»"", ""start"": 33, ""end"": 46}, {""label"": ""PERS"", ""text"": ""Ірина Заремба"", ""start"": 55, ""end"": 68}]"
3ce37297bb322dcdc0243e37939c81d49f0fcdfd4363ad78710272df0f9c609b,"Згідно з даними системи « Прозорро », у 2017-2018 рр. « Зіко-Буд » виграв тендерів на загальну суму 14,87 млн грн. , ФОП Ірина Заремба отримала замовлень на 1,68 млн грн Вже сплив майже рік , як господарський суд ніяк не може розглянути справу за позовом ТОВ «Євробудівельник+» до Закарпатського тервідділення Антимонопольного комітету про визнання незаконним рішення про змову на тендері.","[{""label"": ""ORG"", ""text"": ""Прозорро""}, {""label"": ""PERIOD"", ""text"": ""2017-2018 рр.""}, {""label"": ""ORG"", ""text"": ""Зіко-Буд""}, {""label"": ""MON"", ""text"": ""14,87 млн грн.""}, {""label"": ""ORG"", ""text"": ""ФОП Ірина Заремба""}, {""label"": ""MON"", ""text"": ""1,68 млн грн""}, {""label"": ""PERIOD"", ""text"": ""рік""}, {""label"": ""ORG"", ""text"": ""ТОВ «Євробудівельник+»""}, {""label"": ""ORG"", ""text"": ""Закарпатського тервідділення Антимонопольного комітету""}]","[{""label"": ""PERIOD"", ""text"": ""2017-2018 рр."", ""start"": 40, ""end"": 53}, {""label"": ""ORG"", ""text"": ""Зіко-Буд"", ""start"": 56, ""end"": 64}, {""label"": ""MON"", ""text"": ""14,87 млн грн"", ""start"": 100, ""end"": 113}, {""label"": ""PERS"", ""text"": ""Ірина Заремба"", ""start"": 121, ""end"": 134}, {""label"": ""MON"", ""text"": ""1,68 млн грн"", ""start"": 157, ""end"": 169}, {""label"": ""ORG"", ""text"": ""ТОВ «Євробудівельник+»"", ""start"": 255, ""end"": 277}]"
4ea96233dccc6bb3ca26de74ae6f11c8f642a842d250b764fb4969ec1c0ddc69,З літа минулого року розгляд справи переносили шість разів.,"[{""label"": ""DATE"", ""text"": ""літа минулого року""}]","[{""label"": ""DATE"", ""text"": ""літа минулого року"", ""start"": 2, ""end"": 20}, {""label"": ""ART"", ""text"": ""розгляд справи"", ""start"": 21, ""end"": 35}]"
ddb1ceea51b306d8a02fc96d4d863e67b4fde126e66589159c2bf8c8eac5aebd,"А 12.05.2021 провадження у справі ухвалою суду зупинено, повідомила « Ліга антитрасту ».","[{""label"": ""DATE"", ""text"": ""12.05.2021""}, {""label"": ""ART"", ""text"": ""Ліга антитрасту""}]","[{""label"": ""DATE"", ""text"": ""12.05.2021"", ""start"": 2, ""end"": 12}, {""label"": ""ORG"", ""text"": ""Ліга антитрасту"", ""start"": 70, ""end"": 85}]"
c3cbec3dcac416de0694f08689235f62e31b8f5d1aed242098dbafb46a7e38b5,Розгляд цієї справи став неможливий через іншу справу – кримінальну.,[],"[{""label"": ""ART"", ""text"": ""Розгляд цієї справи"", ""start"": 0, ""end"": 19}, {""label"": ""MISC"", ""text"": ""кримінальну"", ""start"": 56, ""end"": 67}]"
b09e0810d2fa871efac1fde5e26ac21efd2ee62ce22f436b4f7a691c84adfef0,У травні 2020 року тодішнього очільника Закарпатського ТВ АМКУ Віталія Шаленика спіймали на отриманні хабаря.,"[{""label"": ""DATE"", ""text"": ""травні 2020 року""}, {""label"": ""JOB"", ""text"": ""очільника""}, {""label"": ""ORG"", ""text"": ""Закарпатського ТВ АМКУ""}, {""label"": ""PERS"", ""text"": ""Віталія Шаленика""}]","[{""label"": ""DATE"", ""text"": ""травні 2020 року"", ""start"": 2, ""end"": 18}, {""label"": ""ORG"", ""text"": ""Закарпатського ТВ АМКУ"", ""start"": 40, ""end"": 62}, {""label"": ""PERS"", ""text"": ""Віталія Шаленика"", ""start"": 63, ""end"": 79}]"
00c49e54994ccca2f09c7a8bb4dc66d2cff6329ce9414fc2ff65d7849c4e86b4,Якраз цю змову і намагався нібито «порішати» Шаленик із власником « Євробудівельнику+ ».,"[{""label"": ""PERS"", ""text"": ""Шаленик""}, {""label"": ""ORG"", ""text"": ""Євробудівельнику+""}]","[{""label"": ""PERS"", ""text"": ""Шаленик"", ""start"": 45, ""end"": 52}, {""label"": ""ORG"", ""text"": ""Євробудівельнику+"", ""start"": 68, ""end"": 85}]"
91332f10fbe4fadc9602aa281f46dae0ccd2f16ada4cb9b10159d03fef9d25ba,Він вимагав від керівника товариства $3 тисячі за зменшення штрафних санкцій за порушення під час тендеру зі 170 тисяч гривень до 70 тис .,"[{""label"": ""JOB"", ""text"": ""керівника""}, {""label"": ""MON"", ""text"": ""$3 тисячі""}, {""label"": ""MON"", ""text"": ""170 тисяч гривень""}, {""label"": ""MON"", ""text"": ""70 тис""}]","[{""label"": ""PERS"", ""text"": ""Він"", ""start"": 0, ""end"": 3}, {""label"": ""ORG"", ""text"": ""товариства"", ""start"": 26, ""end"": 36}, {""label"": ""MON"", ""text"": ""$3 тисячі"", ""start"": 37, ""end"": 46}, {""label"": ""MON"", ""text"": ""170 тисяч гривень"", ""start"": 109, ""end"": 126}]"
bc28680bb881e85aa5f9d2e5c274283368d0d834571cdf600f97ccd33cfbf887,"Однак, в подальшому зробив «знижку» до 1100 .","[{""label"": ""MON"", ""text"": ""1100""}]","[{""label"": ""MON"", ""text"": ""1100"", ""start"": 39, ""end"": 43}]"
a15f446ac0592c97ac590a0502df9dd900190c604c56df1dd7525968bc9eb1a3,"Тепер, для з'ясування обставин та законності прийняття рішення ТВ , суду необхідно дослідити матеріали справи АМКУ , на підставі яких було прийнято спірне рішення.","[{""label"": ""ORG"", ""text"": ""ТВ""}, {""label"": ""ORG"", ""text"": ""АМКУ""}]","[{""label"": ""ORG"", ""text"": ""ТВ"", ""start"": 63, ""end"": 65}, {""label"": ""ORG"", ""text"": ""суду"", ""start"": 68, ""end"": 72}, {""label"": ""ORG"", ""text"": ""АМКУ"", ""start"": 110, ""end"": 114}]"
5399841509e96cafa25853b80bedd0285f847d1b4fd6ba47130885e53e65adb8,Але правоохоронці їх вилучили щоб розслідувати кримінальне порушення ексочільника Закарпатського ТВ .,"[{""label"": ""JOB"", ""text"": ""правоохоронці""}, {""label"": ""JOB"", ""text"": ""ексочільника""}, {""label"": ""ORG"", ""text"": ""Закарпатського ТВ""}]","[{""label"": ""ORG"", ""text"": ""правоохоронці"", ""start"": 4, ""end"": 17}, {""label"": ""ORG"", ""text"": ""Закарпатського ТВ"", ""start"": 82, ""end"": 99}]"
38b77f19f3fbd7bfe5620dd9f27ea8d7fc25007f112c590d8322395bc0031ce3,"Отож справу про визнання недійсним рішення АМКУ Господарський суд розглядати не може, бо немає доказів. Закарпатське ТВ виправдовується, що неодноразово зверталося до Ужгородського міськрайонного суду та відділення ДБР з проханням надати копії матеріалів справи, однак віз і нині там.","[{""label"": ""ORG"", ""text"": ""АМКУ""}, {""label"": ""ORG"", ""text"": ""Господарський суд""}, {""label"": ""ORG"", ""text"": ""Закарпатське ТВ""}, {""label"": ""ORG"", ""text"": ""Ужгородського міськрайонного суду та відділення ДБР""}]","[{""label"": ""ORG"", ""text"": ""АМКУ"", ""start"": 43, ""end"": 47}, {""label"": ""ORG"", ""text"": ""Господарський суд"", ""start"": 48, ""end"": 65}, {""label"": ""ORG"", ""text"": ""Закарпатське ТВ"", ""start"": 104, ""end"": 119}, {""label"": ""ORG"", ""text"": ""Ужгородського міськрайонного суду"", ""start"": 167, ""end"": 200}, {""label"": ""ORG"", ""text"": ""відділення ДБР"", ""start"": 204, ""end"": 218}, {""label"": ""ART"", ""text"": ""копії матеріалів справи"", ""start"": 238, ""end"": 261}]"
aec8ae870ed643cb5953d221554e041944850d4e20815c744372abdf84e4c194,"Оригінали документів в прокуратурі, а відповіді від неї немає.",[],"[{""label"": ""DOC"", ""text"": ""Оригінали документів"", ""start"": 0, ""end"": 20}, {""label"": ""ORG"", ""text"": ""прокуратурі"", ""start"": 23, ""end"": 34}]"
96d6c594fa4ef8321c23615743427c3f2ec844c3617b34c2522497b3ea1f917d,"Тервідділення змушене було клопотати перед судом про зупинення провадження у справі проти ТОВ «Євробудівельник+» ( № 907 / 476 / 20 ) до набрання законної сили судовим рішенням в справі, що розглядається в порядку кримінального судочинства ( № 308 / 9960 / 20 ).","[{""label"": ""ORG"", ""text"": ""ТОВ «Євробудівельник+»""}, {""label"": ""DOC"", ""text"": ""№ 907 / 476 / 20""}, {""label"": ""DOC"", ""text"": ""№ 308 / 9960 / 20""}]","[{""label"": ""LOC"", ""text"": ""Тервідділення"", ""start"": 0, ""end"": 13}, {""label"": ""ORG"", ""text"": ""ТОВ «Євробудівельник+»"", ""start"": 90, ""end"": 112}]"
ae89d3de7f29c97b74f34578f78349e6a076e646adee6806f3c3a4283b95ec74,А поки що судова катавасія з хабарем триває.,[],[]
66552496931724c792d6780644342b48659dec06dc11a0fc09a685d2bda475ca,Дату судового розгляду у цій справі призначено на 31.08.2021 У Запоріжжі триває ремонт трамвайного переїзду у Шевченківському районі на перехресті вулиць 8 березня та Верещагіна .,"[{""label"": ""DATE"", ""text"": ""31.08.2021""}, {""label"": ""LOC"", ""text"": ""Запоріжжі""}, {""label"": ""LOC"", ""text"": ""Шевченківському районі""}, {""label"": ""LOC"", ""text"": ""8 березня""}, {""label"": ""LOC"", ""text"": ""Верещагіна""}]","[{""label"": ""DATE"", ""text"": ""31.08.2021"", ""start"": 50, ""end"": 60}, {""label"": ""LOC"", ""text"": ""Запоріжжі"", ""start"": 63, ""end"": 72}, {""label"": ""ART"", ""text"": ""трамвайного переїзду"", ""start"": 87, ""end"": 107}, {""label"": ""LOC"", ""text"": ""Шевченківському районі"", ""start"": 110, ""end"": 132}]"
6f9dd7ef299aba44a09a75a4951837c6851e30f7b3810c82b8ccdb5f17223b76,Про це повідомили « Наші гроші. Запоріжжя » з посиланням на сюжет на комунальному телеканалі « Z ».,"[{""label"": ""ART"", ""text"": ""Наші гроші. Запоріжжя""}, {""label"": ""ART"", ""text"": ""Z""}]","[{""label"": ""ORG"", ""text"": ""Наші гроші. Запоріжжя"", ""start"": 20, ""end"": 41}]"
633097f197a88a63950592cd6b1df81801625990690af84c19d5753938452518,"> « Комунальники демонтують старі рейки на шпали, а на їхнє місце укладають > нові …","[{""label"": ""JOB"", ""text"": ""Комунальники""}]","[{""label"": ""JOB"", ""text"": ""Комунальники"", ""start"": 4, ""end"": 16}, {""label"": ""ART"", ""text"": ""старі рейки"", ""start"": 28, ""end"": 39}, {""label"": ""MISC"", ""text"": ""шпали"", ""start"": 43, ""end"": 48}]"
e919bc1d04525b568cdd99f245f32d9ab0abf1622806de4ba0affe841eed2968,За ремонт переїзду на ділянці відповідає комунальне підприємство > « Запоріжелектротранс ».,"[{""label"": ""ORG"", ""text"": ""Запоріжелектротранс""}]","[{""label"": ""ORG"", ""text"": ""Запоріжелектротранс"", ""start"": 69, ""end"": 88}]"
1a851fcc459680c499fba660ecb1a9adb06755cb951f9490cf9449a2c14103c4,"Його працівники повинні замінити понад 100 м > трамвайних колій в обох напрямках», – розповіли у сюжеті.","[{""label"": ""QUANT"", ""text"": ""100 м""}]","[{""label"": ""JOB"", ""text"": ""Його працівники"", ""start"": 0, ""end"": 15}, {""label"": ""MISC"", ""text"": ""трамвайних колій"", ""start"": 47, ""end"": 63}]"
46ce23bd17c9ca7cebc6c1491df84684f26061e44676754b3c9eb208da5ec802,"Окремо в сюжеті кілька разів зазначили, що ремонті роботи здійснюють за планом.",[],[]
0ebb8046a31796a4259921acb7046889ef4536a287e74c6b0502a204461fad8c,"> «Це все виконується силами « Запоріжелектротрансу », що мені дуже приємно» – > підкреслив міський голова Володимир Буряк .","[{""label"": ""ORG"", ""text"": ""Запоріжелектротрансу""}, {""label"": ""JOB"", ""text"": ""міський голова""}, {""label"": ""PERS"", ""text"": ""Володимир Буряк""}]","[{""label"": ""ORG"", ""text"": ""Запоріжелектротрансу"", ""start"": 31, ""end"": 51}, {""label"": ""JOB"", ""text"": ""міський голова"", ""start"": 92, ""end"": 106}, {""label"": ""PERS"", ""text"": ""Володимир Буряк"", ""start"": 107, ""end"": 122}]"
987b057dffd18c0bca6adf865c93f23da3ba5ec03984f74a2e0491aa1db07bd3,"В свою чергу, безпосередньо на сайті Запорізької міської ради повідомили, що ціна капремонту – близько 2,5 млн грн .","[{""label"": ""ORG"", ""text"": ""Запорізької міської ради""}, {""label"": ""MON"", ""text"": ""2,5 млн грн""}]","[{""label"": ""ORG"", ""text"": ""Запорізької міської ради"", ""start"": 37, ""end"": 61}, {""label"": ""MON"", ""text"": ""2,5 млн грн"", ""start"": 103, ""end"": 114}]"
fbe00dc0228143ac7260707411157f80346e3bb4a4cd3388fe72d3641a7e5892,"Водночас, « Наші гроші. Запоріжжя » відмітили, що договір на ремонт трамвайного переїзду у Шевченківському районі на перехресті вулиць 8 березня та Верещагіна вартістю 2,48 млн грн КП «Управління капітального будівництва» уклало з ТОВ «Промпроект 2016» у жовтні 2017 року .","[{""label"": ""ART"", ""text"": ""Наші гроші. Запоріжжя""}, {""label"": ""LOC"", ""text"": ""Шевченківському районі""}, {""label"": ""LOC"", ""text"": ""8 березня""}, {""label"": ""LOC"", ""text"": ""Верещагіна""}, {""label"": ""MON"", ""text"": ""2,48 млн грн""}, {""label"": ""ORG"", ""text"": ""КП «Управління капітального будівництва»""}, {""label"": ""ORG"", ""text"": ""ТОВ «Промпроект 2016»""}, {""label"": ""DATE"", ""text"": ""жовтні 2017 року""}]","[{""label"": ""ORG"", ""text"": ""Наші гроші. Запоріжжя"", ""start"": 12, ""end"": 33}, {""label"": ""LOC"", ""text"": ""Шевченківському районі"", ""start"": 91, ""end"": 113}, {""label"": ""MON"", ""text"": ""2,48 млн грн"", ""start"": 168, ""end"": 180}, {""label"": ""ORG"", ""text"": ""КП «Управління капітального будівництва»"", ""start"": 181, ""end"": 221}, {""label"": ""ORG"", ""text"": ""ТОВ «Промпроект 2016»"", ""start"": 231, ""end"": 252}, {""label"": ""DATE"", ""text"": ""жовтні 2017 року"", ""start"": 255, ""end"": 271}]"
c9ab97f89448b824b9c6c4fd7040d9f945fef898067f14a1501a29b120c0c64d,"Тендер провели за безконкурсною переговорною процедурою, оскільки попередні відкриті торги були неуспішними у зв'язку з недостатньою кількістю учасників.",[],"[{""label"": ""MISC"", ""text"": ""Тендер"", ""start"": 0, ""end"": 6}, {""label"": ""MISC"", ""text"": ""попередні відкриті торги"", ""start"": 66, ""end"": 90}, {""label"": ""QUANT"", ""text"": ""недостатньою кількістю учасників"", ""start"": 120, ""end"": 152}]"
b05af8727a90941fa02f8e6fdc58d71b673d96f492b75dc12a57ad2312fcd2d5,"Технічне завдання для підрядника, зокрема, передбачало саме демонтаж старих рейок і шпал з укладанням нової колії.",[],"[{""label"": ""ORG"", ""text"": ""підрядника"", ""start"": 22, ""end"": 32}, {""label"": ""MISC"", ""text"": ""демонтаж старих рейок і шпал"", ""start"": 60, ""end"": 88}]"
04c69ad049f3fd4fc49c49514102eb610805edf2393c12a74f82102aa88575df,"Окрім цього « Промпроект 2016 » мало перевлаштувати бетонні колодязі, захистити електрокабелі, телефонну каналізацію та газопровід, облаштувати асфальтне покриття, встановити бордюри, виконати розмітку дороги та облаштувати газони.","[{""label"": ""ORG"", ""text"": ""Промпроект 2016""}]","[{""label"": ""ORG"", ""text"": ""Промпроект 2016"", ""start"": 14, ""end"": 29}, {""label"": ""ART"", ""text"": ""бетонні колодязі"", ""start"": 52, ""end"": 68}, {""label"": ""ART"", ""text"": ""електрокабелі"", ""start"": 80, ""end"": 93}, {""label"": ""ART"", ""text"": ""телефонну каналізацію"", ""start"": 95, ""end"": 116}, {""label"": ""MISC"", ""text"": ""газопровід"", ""start"": 120, ""end"": 130}, {""label"": ""MISC"", ""text"": ""асфальтне покриття"", ""start"": 144, ""end"": 162}, {""label"": ""ART"", ""text"": ""бордюри"", ""start"": 175, ""end"": 182}, {""label"": ""MISC"", ""text"": ""газони"", ""start"": 224, ""end"": 230}]"
4d73a6845e8d4dc7e1035e1a31faa7668d17640a1ddd6f2bbb00e1eb0af350ba,Спочатку договір передбачав завершення робіт у грудні 2017 року .,"[{""label"": ""DATE"", ""text"": ""грудні 2017 року""}]","[{""label"": ""DOC"", ""text"": ""договір"", ""start"": 9, ""end"": 16}, {""label"": ""DATE"", ""text"": ""грудні 2017 року"", ""start"": 47, ""end"": 63}]"
99652f73073234742260fc3b5c844d4189f51848c31f3c4175553553353372e6,"Однак до нього кілька разів вносили зміни і, зрештою, додаткова угода від 26 червня 2018 року передбачає завершення робіт у березні 2019 року .","[{""label"": ""DATE"", ""text"": ""26 червня 2018 року""}, {""label"": ""DATE"", ""text"": ""березні 2019 року""}]","[{""label"": ""DOC"", ""text"": ""додаткова угода"", ""start"": 54, ""end"": 69}]"
9719f1d8cd172778b8bbaa2fb120eac14bb9fb8b97c7656134e892ede3a2cecd,"Окрім цього, 9 липня фірмі « Промпроект 2016 » замовили невказані додаткові роботи на цьому об'єкті вартістю 127 тис. грн .","[{""label"": ""DATE"", ""text"": ""9 липня""}, {""label"": ""ORG"", ""text"": ""Промпроект 2016""}, {""label"": ""MON"", ""text"": ""127 тис. грн""}]","[{""label"": ""DATE"", ""text"": ""9 липня"", ""start"": 13, ""end"": 20}, {""label"": ""ORG"", ""text"": ""Промпроект 2016"", ""start"": 29, ""end"": 44}, {""label"": ""ART"", ""text"": ""невказані додаткові роботи"", ""start"": 56, ""end"": 82}, {""label"": ""MON"", ""text"": ""127 тис. грн"", ""start"": 109, ""end"": 121}]"
cb265e22e75b7f7e43c42cdae1d43d2b86716495be37500e075f448a65524319,Власниками ТОВ «Промпроект 2016» є Наталія Кордан та Олександр Сидоров Адміністративна колегія Львівського обласного територіального відділення АМКУ вирішила оштрафувати ПП «Львівдах» і ТОВ «Галицька магістраль» за антиконкурентні дії під час 11 тендерів.,"[{""label"": ""ORG"", ""text"": ""ТОВ «Промпроект 2016»""}, {""label"": ""PERS"", ""text"": ""Наталія Кордан""}, {""label"": ""PERS"", ""text"": ""Олександр Сидоров""}, {""label"": ""ORG"", ""text"": ""Адміністративна колегія Львівського обласного територіального відділення АМКУ""}, {""label"": ""ORG"", ""text"": ""ПП «Львівдах»""}, {""label"": ""ORG"", ""text"": ""ТОВ «Галицька магістраль»""}]","[{""label"": ""ORG"", ""text"": ""ТОВ «Промпроект 2016»"", ""start"": 11, ""end"": 32}, {""label"": ""PERS"", ""text"": ""Наталія Кордан"", ""start"": 35, ""end"": 49}, {""label"": ""PERS"", ""text"": ""Олександр Сидоров"", ""start"": 53, ""end"": 70}, {""label"": ""ORG"", ""text"": ""Адміністративна колегія Львівського обласного територіального відділення АМКУ"", ""start"": 71, ""end"": 148}, {""label"": ""ORG"", ""text"": ""ПП «Львівдах»"", ""start"": 170, ""end"": 183}, {""label"": ""ORG"", ""text"": ""ТОВ «Галицька магістраль»"", ""start"": 186, ""end"": 211}, {""label"": ""PERIOD"", ""text"": ""11 тендерів"", ""start"": 243, ""end"": 254}]"
56aaffb03a403faf7e1bf2a15e8c193785b96dbc7817d7631862b595a78dfc04,Про це написали « Наші гроші. Львів » з посиланням на рішення колегії від 26 березня .,"[{""label"": ""ART"", ""text"": ""Наші гроші. Львів""}, {""label"": ""DOC"", ""text"": ""рішення колегії""}, {""label"": ""DATE"", ""text"": ""26 березня""}]","[{""label"": ""ORG"", ""text"": ""Наші гроші. Львів"", ""start"": 18, ""end"": 35}, {""label"": ""DOC"", ""text"": ""рішення колегії"", ""start"": 54, ""end"": 69}, {""label"": ""DATE"", ""text"": ""26 березня"", ""start"": 74, ""end"": 84}]"
32415ed30fba35fe85f6971ebb1516eee3dfbd801aa57f20ef64c923d4b000af,Кожна фірма має сплатити по 748 тис грн . та не зможе брати участь у торгах протягом наступних трьох років . ПП «Львівдах» і ТОВ «Галицька магістраль» у 2016-2017 рр. зустрілися на відкритих торгах 14 разів.,"[{""label"": ""MON"", ""text"": ""748 тис грн""}, {""label"": ""PERIOD"", ""text"": ""наступних трьох років""}, {""label"": ""ORG"", ""text"": ""ПП «Львівдах»""}, {""label"": ""ORG"", ""text"": ""ТОВ «Галицька магістраль»""}, {""label"": ""PERIOD"", ""text"": ""2016-2017 рр.""}]","[{""label"": ""MON"", ""text"": ""748 тис грн ."", ""start"": 28, ""end"": 41}, {""label"": ""PERIOD"", ""text"": ""наступних трьох років"", ""start"": 85, ""end"": 106}, {""label"": ""ORG"", ""text"": ""ПП «Львівдах»"", ""start"": 109, ""end"": 122}, {""label"": ""ORG"", ""text"": ""ТОВ «Галицька магістраль»"", ""start"": 125, ""end"": 150}, {""label"": ""PERIOD"", ""text"": ""2016-2017 рр."", ""start"": 153, ""end"": 166}, {""label"": ""QUANT"", ""text"": ""14 разів"", ""start"": 198, ""end"": 206}]"
a05591806467824b07ce90bbd18126d1a40f4eb2707bfbd7b3166253c8d1d3fa,Вперше « Наші гроші. Львів » написали про змовників у 2016 році .,"[{""label"": ""ART"", ""text"": ""Наші гроші. Львів""}, {""label"": ""DATE"", ""text"": ""2016 році""}]","[{""label"": ""ORG"", ""text"": ""Наші гроші. Львів"", ""start"": 9, ""end"": 26}, {""label"": ""DATE"", ""text"": ""2016 році"", ""start"": 54, ""end"": 63}]"
683af7c2b6599c7fab9bf47a4d3b51dd294140d34aac3427a15046ed36bb7913,"Йшлося про замовлення Львівської обласної клінічної психіатричної лікарні поточного ремонту по заміні аварійних вікон у « Львівдах » за 297,5 тис грн . Журналісти зафіксували, що засновники компаній-конкурентів мають інший спільний бізнес.","[{""label"": ""ORG"", ""text"": ""Львівської обласної клінічної психіатричної лікарні""}, {""label"": ""ORG"", ""text"": ""Львівдах""}, {""label"": ""MON"", ""text"": ""297,5 тис грн""}, {""label"": ""JOB"", ""text"": ""Журналісти""}, {""label"": ""JOB"", ""text"": ""засновники""}]","[{""label"": ""ORG"", ""text"": ""Львівської обласної клінічної психіатричної лікарні"", ""start"": 22, ""end"": 73}, {""label"": ""ART"", ""text"": ""аварійних вікон"", ""start"": 102, ""end"": 117}, {""label"": ""MON"", ""text"": ""297,5 тис грн"", ""start"": 136, ""end"": 149}, {""label"": ""ORG"", ""text"": ""засновники компаній-конкурентів"", ""start"": 179, ""end"": 210}, {""label"": ""MISC"", ""text"": ""інший спільний бізнес"", ""start"": 217, ""end"": 238}]"
cde9b597d4cce9647c10b36e28f9f1fc16fc95c767d723242caf58859fd29d37,"Крім того, у договорах « Галицька магістраль » вказувала адресу у Новояворівську , де було прописане і підприємство « Львівдах ».","[{""label"": ""ORG"", ""text"": ""Галицька магістраль""}, {""label"": ""LOC"", ""text"": ""Новояворівську""}, {""label"": ""ORG"", ""text"": ""Львівдах""}]","[{""label"": ""ORG"", ""text"": ""Галицька магістраль"", ""start"": 25, ""end"": 44}, {""label"": ""LOC"", ""text"": ""Новояворівську"", ""start"": 66, ""end"": 80}, {""label"": ""ORG"", ""text"": ""Львівдах"", ""start"": 118, ""end"": 126}]"
eb3f1d739bd2c90e99d4121082099ce999f758f4cff8b204ed70a3efca435985,"Коли до замовників приходили лише ці дві компанії, їх пропозиції взагалі залишались незмінними.","[{""label"": ""JOB"", ""text"": ""замовників""}]","[{""label"": ""ORG"", ""text"": ""ці дві компанії"", ""start"": 34, ""end"": 49}]"
2c056a1d3b79459ef3892d1f5119fd9ce5a228cdbab71ea851bfb8460b170043,У 2017 році АМКУ розпочав розгляд справи про можливу змову на торгах цих двох компаній після звернення наших партнерів з ГО «Центр громадського моніторингу та досліджень» .,"[{""label"": ""DATE"", ""text"": ""2017 році""}, {""label"": ""ORG"", ""text"": ""АМКУ""}, {""label"": ""JOB"", ""text"": ""партнерів""}, {""label"": ""ORG"", ""text"": ""ГО «Центр громадського моніторингу та досліджень»""}]","[{""label"": ""DATE"", ""text"": ""2017 році"", ""start"": 2, ""end"": 11}, {""label"": ""ORG"", ""text"": ""АМКУ"", ""start"": 12, ""end"": 16}, {""label"": ""ORG"", ""text"": ""Центр громадського моніторингу та досліджень"", ""start"": 125, ""end"": 169}]"
43ed4c63417183fc5f3ecf4e7fd4ea7480bfe117807c81335045ef913c3d6805,"Колегія встановила, що « Львівдах » і « Галицька магістраль » узгоджували свою поведінку під час участі у торгах, надавали фінансову допомогу один одному, використовували спільні засоби зв'язки і комп'ютерне обладнання, подавали свої пропозиції з однієї IP-адреси в основному із незначною різницею в часі.","[{""label"": ""ORG"", ""text"": ""Львівдах""}, {""label"": ""ORG"", ""text"": ""Галицька магістраль""}, {""label"": ""MISC"", ""text"": ""IP-адреси""}]","[{""label"": ""ORG"", ""text"": ""Львівдах"", ""start"": 25, ""end"": 33}, {""label"": ""ORG"", ""text"": ""Галицька магістраль"", ""start"": 40, ""end"": 59}, {""label"": ""MISC"", ""text"": ""комп'ютерне обладнання"", ""start"": 196, ""end"": 218}, {""label"": ""PERIOD"", ""text"": ""незначною різницею в часі"", ""start"": 279, ""end"": 304}]"
4c826549760f10fdd3ae066e27243ac6c448ad0d14ec3311f9bda1df9b5021a5,"Під час розгляду справи вони не визнали, що вчинили порушення.",[],[]
0d559a4cd7d4e67867bff5c904a52f89d8581fe805d7c9a9668ac294d66b60c6,"Власником ПП «Львівдах» є Іван Кіцила , у 2016-2018 роках фірма отримала замовлень на майже 28 млн грн .","[{""label"": ""ORG"", ""text"": ""ПП «Львівдах»""}, {""label"": ""PERS"", ""text"": ""Іван Кіцила""}, {""label"": ""PERIOD"", ""text"": ""2016-2018 роках""}, {""label"": ""MON"", ""text"": ""28 млн грн""}]","[{""label"": ""ORG"", ""text"": ""ПП «Львівдах»"", ""start"": 10, ""end"": 23}, {""label"": ""PERS"", ""text"": ""Іван Кіцила"", ""start"": 26, ""end"": 37}, {""label"": ""PERIOD"", ""text"": ""2016-2018 роках"", ""start"": 42, ""end"": 57}, {""label"": ""MON"", ""text"": ""28 млн грн"", ""start"": 92, ""end"": 102}]"
203137f9d7d2dce103528a11a3c953e34eac96dd85346b57276c243034398a6c,"Основним власником ТОВ «Галицька магістраль» є Ярослав Олійник , ще 10% володіє Наталія Олійник , компанія підписала договорів на понад 17 млн грн у 2016-2017 рр ПАТ «Харківська ТЕЦ-5» 11 листопада за результатами тендеру уклало угоду з ТОВ «НВО «Східбуд» щодо виконання робіт з будівництва установки електростабілізаційної обробки води циркуляційної системи вартістю 8,89 млн грн .","[{""label"": ""ORG"", ""text"": ""ТОВ «Галицька магістраль»""}, {""label"": ""PERS"", ""text"": ""Ярослав Олійник""}, {""label"": ""PCT"", ""text"": ""10%""}, {""label"": ""PERS"", ""text"": ""Наталія Олійник""}, {""label"": ""MON"", ""text"": ""17 млн грн""}, {""label"": ""PERIOD"", ""text"": ""2016-2017 рр""}, {""label"": ""ORG"", ""text"": ""ПАТ «Харківська ТЕЦ-5»""}, {""label"": ""DATE"", ""text"": ""11 листопада""}, {""label"": ""ORG"", ""text"": ""ТОВ «НВО «Східбуд»""}, {""label"": ""MON"", ""text"": ""8,89 млн грн""}]","[{""label"": ""ORG"", ""text"": ""ТОВ «Галицька магістраль»"", ""start"": 19, ""end"": 44}, {""label"": ""PERS"", ""text"": ""Ярослав Олійник"", ""start"": 47, ""end"": 62}, {""label"": ""PCT"", ""text"": ""10%"", ""start"": 68, ""end"": 71}, {""label"": ""PERS"", ""text"": ""Наталія Олійник"", ""start"": 80, ""end"": 95}, {""label"": ""MON"", ""text"": ""17 млн грн"", ""start"": 136, ""end"": 146}, {""label"": ""PERIOD"", ""text"": ""2016-2017 рр"", ""start"": 149, ""end"": 161}, {""label"": ""ORG"", ""text"": ""ПАТ «Харківська ТЕЦ-5"", ""start"": 162, ""end"": 183}, {""label"": ""DATE"", ""text"": ""11 листопада"", ""start"": 185, ""end"": 197}, {""label"": ""ORG"", ""text"": ""ТОВ «НВО «Східбуд»"", ""start"": 237, ""end"": 255}, {""label"": ""MON"", ""text"": ""8,89 млн грн"", ""start"": 368, ""end"": 380}]"
a214e4e24bd6e2aae3a43180381b115a50a34c4c09990d72b6d5e0f812d2a043,Про це повідомляється у « Віснику державних закупівель ».,"[{""label"": ""ART"", ""text"": ""Віснику державних закупівель""}]","[{""label"": ""ORG"", ""text"": ""« Віснику державних закупівель »"", ""start"": 24, ""end"": 56}]"
8fe56dda28adac32ee2ec11ac379fba07372582aecedc352fe3c0872fdea4ab6,Роботи мають бути виконані до 22 грудня 2015 року .,"[{""label"": ""DATE"", ""text"": ""22 грудня 2015 року""}]","[{""label"": ""ART"", ""text"": ""Роботи"", ""start"": 0, ""end"": 6}, {""label"": ""DATE"", ""text"": ""22 грудня 2015 року"", ""start"": 30, ""end"": 49}]"
f156e8bb302840c97121270e09c8de663835f06e962c3a7acd05dacf497307a7,"У ДКТ відсутні опис робіт, лише вказано, що вони повинні бути виконані згідно з проектом № 1730 , розробленим ТОВ «Укрпроектенергомонтаж» . ТОВ «НВО «Східбуд» належить Сергію Куровському , директором є Сергій Приходько .","[{""label"": ""DOC"", ""text"": ""проектом № 1730""}, {""label"": ""ORG"", ""text"": ""ТОВ «Укрпроектенергомонтаж»""}, {""label"": ""ORG"", ""text"": ""ТОВ «НВО «Східбуд»""}, {""label"": ""PERS"", ""text"": ""Сергію Куровському""}, {""label"": ""JOB"", ""text"": ""директором""}, {""label"": ""PERS"", ""text"": ""Сергій Приходько""}]","[{""label"": ""DOC"", ""text"": ""ДКТ"", ""start"": 2, ""end"": 5}, {""label"": ""DOC"", ""text"": ""проектом № 1730"", ""start"": 80, ""end"": 95}, {""label"": ""ORG"", ""text"": ""ТОВ «Укрпроектенергомонтаж»"", ""start"": 110, ""end"": 137}, {""label"": ""ORG"", ""text"": ""ТОВ «НВО «Східбуд»"", ""start"": 140, ""end"": 158}, {""label"": ""PERS"", ""text"": ""Сергію Куровському"", ""start"": 168, ""end"": 186}, {""label"": ""PERS"", ""text"": ""Сергій Приходько"", ""start"": 202, ""end"": 218}]"
76f570aee20ab7bb84b2221184fdaae0637a86b471f3bf8cddaa7ddd047c93cd,"Фірма зареєстрована у Харкові по проспекту Леніна, 36 .","[{""label"": ""LOC"", ""text"": ""Харкові""}, {""label"": ""LOC"", ""text"": ""проспекту Леніна, 36""}]","[{""label"": ""ORG"", ""text"": ""Фірма"", ""start"": 0, ""end"": 5}, {""label"": ""LOC"", ""text"": ""Харкові"", ""start"": 22, ""end"": 29}]"
b75ff7e349cb9fea7805d409a77386a7f5ee1a16ae8200caf934e5231f128a90,"За цією ж адресою зареєстровано також ТОВ «Вентто» Сергія Кожевнікова , яке було єдиним конкурентом « НВО «Східбуд» на тендері.","[{""label"": ""ORG"", ""text"": ""ТОВ «Вентто»""}, {""label"": ""PERS"", ""text"": ""Сергія Кожевнікова""}, {""label"": ""ORG"", ""text"": ""НВО «Східбуд»""}]","[{""label"": ""ORG"", ""text"": ""ТОВ «Вентто»"", ""start"": 38, ""end"": 50}, {""label"": ""PERS"", ""text"": ""Сергія Кожевнікова"", ""start"": 51, ""end"": 69}, {""label"": ""ORG"", ""text"": ""НВО «Східбуд"", ""start"": 102, ""end"": 114}]"
7f86b7af5b0cd6f1843199b1a7330324663d5c44f76317fe142bb4e4fec6b53f,"Крім того, ці дві фірми раніше єдиними учасниками тендеру Нацгвардії щодо капітального ремонтц корпусу №1 по вул. Академіка Проскури, 1 в Харкові .","[{""label"": ""ORG"", ""text"": ""Нацгвардії""}, {""label"": ""LOC"", ""text"": ""корпусу №1""}, {""label"": ""LOC"", ""text"": ""вул. Академіка Проскури, 1""}, {""label"": ""LOC"", ""text"": ""Харкові""}]","[{""label"": ""ORG"", ""text"": ""Нацгвардії"", ""start"": 58, ""end"": 68}, {""label"": ""LOC"", ""text"": ""Харкові"", ""start"": 138, ""end"": 145}]"
b7698feef49a149b9c5a47a09c7e0a95d7138626a02c90a3566c90b8f17eab0e,"Тоді переможцем торгів стало ТОВ «Вентто» , вартість угоди склала 6,70 млн грн .","[{""label"": ""ORG"", ""text"": ""ТОВ «Вентто»""}, {""label"": ""MON"", ""text"": ""6,70 млн грн""}]","[{""label"": ""ORG"", ""text"": ""ТОВ «Вентто»"", ""start"": 29, ""end"": 41}, {""label"": ""MON"", ""text"": ""6,70 млн грн"", ""start"": 66, ""end"": 78}]"
f687789e4ee14870eb56f774ec2872831047a81ae4c2baa8ae51c1cccb942a80,"« Вентто » є правонаступником ТОВ «Торгове-виробниче об'єднання «Східбуд» , яке знаходилося за однією адресою з « НВО Схід буд » та мало з цією фірмою спільний номер телефону – +38067-574-23-76. 10 листопада територіальне відділення АМКУ у Харківській області повідомило, що відкрило справу стосовно зговору між ТОВ «НВО «Східбуд» й ТОВ «Вентто» під час проведення державних закупівель.","[{""label"": ""ORG"", ""text"": ""Вентто""}, {""label"": ""ORG"", ""text"": ""ТОВ «Торгове-виробниче об'єднання «Східбуд»""}, {""label"": ""ORG"", ""text"": ""НВО Схід буд""}, {""label"": ""DATE"", ""text"": ""10 листопада""}, {""label"": ""ORG"", ""text"": ""АМКУ""}, {""label"": ""LOC"", ""text"": ""Харківській області""}, {""label"": ""ORG"", ""text"": ""ТОВ «НВО «Східбуд»""}, {""label"": ""ORG"", ""text"": ""ТОВ «Вентто»""}]","[{""label"": ""PERS"", ""text"": ""« Вентто »"", ""start"": 0, ""end"": 10}, {""label"": ""ORG"", ""text"": ""ТОВ «Торгове-виробниче об'єднання «Східбуд»"", ""start"": 30, ""end"": 73}, {""label"": ""ORG"", ""text"": ""« НВО Схід буд »"", ""start"": 112, ""end"": 128}, {""label"": ""DATE"", ""text"": ""10 листопада"", ""start"": 195, ""end"": 207}, {""label"": ""LOC"", ""text"": ""Харківській області"", ""start"": 240, ""end"": 259}, {""label"": ""ORG"", ""text"": ""ТОВ «НВО «Східбуд»"", ""start"": 312, ""end"": 330}, {""label"": ""ORG"", ""text"": ""ТОВ «Вентто»"", ""start"": 333, ""end"": 345}]"
07539a874a03d904ef8906e4947a78e07375157e00dbec8dc246031642538e43,"Також ці дві фірми є фігурантами кримінального провадження – правоохоронці підозрюють, що фірми є фіктивними й створені для ухилення від сплати податків.","[{""label"": ""JOB"", ""text"": ""правоохоронці""}]","[{""label"": ""ORG"", ""text"": ""фірми"", ""start"": 13, ""end"": 18}, {""label"": ""ORG"", ""text"": ""правоохоронці"", ""start"": 61, ""end"": 74}, {""label"": ""ORG"", ""text"": ""фірми"", ""start"": 90, ""end"": 95}]"
dde6ca7400acc7403ebc4e6e25bb2a4b6bf62a4dbda6070c2b3d328da0edaa46,"« Харківську ТЕЦ-5 » у 2012 році придбало ТОВ «Укрістгаз» , що зареєстроване на австрійську компанію « Ітонс холдинг гмбх ».","[{""label"": ""ORG"", ""text"": ""Харківську ТЕЦ-5""}, {""label"": ""DATE"", ""text"": ""2012 році""}, {""label"": ""ORG"", ""text"": ""ТОВ «Укрістгаз»""}, {""label"": ""ORG"", ""text"": ""Ітонс холдинг гмбх""}]","[{""label"": ""LOC"", ""text"": ""Харківську ТЕЦ-5"", ""start"": 2, ""end"": 18}, {""label"": ""DATE"", ""text"": ""2012 році"", ""start"": 23, ""end"": 32}, {""label"": ""ORG"", ""text"": ""ТОВ «Укрістгаз»"", ""start"": 42, ""end"": 57}, {""label"": ""ORG"", ""text"": ""Ітонс холдинг гмбх"", ""start"": 103, ""end"": 121}]"
f2ca11d48f3e86db376625993ca7d8827c8aa3cc0b1b42e120c8e1e93c2f4f17,Компанію « Укрістгаз » пов'язували з оточенням Юрія Бойка та Дмитра Фірташа .,"[{""label"": ""ORG"", ""text"": ""Укрістгаз""}, {""label"": ""PERS"", ""text"": ""Юрія Бойка""}, {""label"": ""PERS"", ""text"": ""Дмитра Фірташа""}]","[{""label"": ""ORG"", ""text"": ""Укрістгаз"", ""start"": 11, ""end"": 20}, {""label"": ""PERS"", ""text"": ""Юрія Бойка"", ""start"": 47, ""end"": 57}, {""label"": ""PERS"", ""text"": ""Дмитра Фірташа"", ""start"": 61, ""end"": 75}]"
94dfa07eab4b72933539ab11f9303f6d33b7bf767f637783e9813d4d45c72b59,Бенефіціаром ПАТ «Харківська ТЕЦ-5» є Дімітріс Іоанідіс .,"[{""label"": ""ORG"", ""text"": ""ПАТ «Харківська ТЕЦ-5»""}, {""label"": ""PERS"", ""text"": ""Дімітріс Іоанідіс""}]","[{""label"": ""JOB"", ""text"": ""Бенефіціаром"", ""start"": 0, ""end"": 12}, {""label"": ""ORG"", ""text"": ""ПАТ «Харківська ТЕЦ-5»"", ""start"": 13, ""end"": 35}, {""label"": ""PERS"", ""text"": ""Дімітріс Іоанідіс"", ""start"": 38, ""end"": 55}]"
2c809166e6409a902f94a34041770d8a7d99f734baae9fd31fa1d75840c7a6ab,Він є партнером Вадима Новинського в « Азов петролеум ЛЛС ». Виконавчий комітет Горішньоплавнівської міської ради Полтавської області замовив ТОВ «Артсіті» легковий автомобіль вартістю 792 тис грн .,"[{""label"": ""PERS"", ""text"": ""Вадима Новинського""}, {""label"": ""ORG"", ""text"": ""Азов петролеум ЛЛС""}, {""label"": ""ORG"", ""text"": ""Горішньоплавнівської міської ради Полтавської області""}, {""label"": ""ORG"", ""text"": ""ТОВ «Артсіті»""}, {""label"": ""MON"", ""text"": ""792 тис грн""}]","[{""label"": ""PERS"", ""text"": ""Вадима Новинського"", ""start"": 16, ""end"": 34}, {""label"": ""ORG"", ""text"": ""Азов петролеум ЛЛС"", ""start"": 39, ""end"": 57}, {""label"": ""ORG"", ""text"": ""ТОВ «Артсіті»"", ""start"": 142, ""end"": 155}, {""label"": ""ART"", ""text"": ""легковий автомобіль"", ""start"": 156, ""end"": 175}, {""label"": ""MON"", ""text"": ""792 тис грн"", ""start"": 185, ""end"": 196}]"
b8deb4a0acadaa74dcc6957f5964e62763f75d74ac6b7c8c3596600ed393ea70,"Про це повідомляється в системі « Прозорро ». Міськрада купила Toyota Camry Elegance 2,5 6 А / Т 2016 року виробництва.","[{""label"": ""ORG"", ""text"": ""Прозорро""}, {""label"": ""ORG"", ""text"": ""Міськрада""}, {""label"": ""ART"", ""text"": ""Toyota Camry Elegance 2,5 6 А / Т""}, {""label"": ""DATE"", ""text"": ""2016 року""}]","[{""label"": ""ORG"", ""text"": ""Міськрада"", ""start"": 46, ""end"": 55}, {""label"": ""ART"", ""text"": ""Toyota Camry Elegance"", ""start"": 63, ""end"": 84}]"
25e6b92f76d85a5b7753252c7547bd94f537f2ce78adfb8e6cd98a8742ecf5a4,"Авто бізнес-класу має 6-ступінчасту автоматичну коробку передач, салон з перфорованої шкіри, шкіряні елементи інтер'єру, круїз-контроль, 2-х зонний клімат-контроль, підігрівання передніх сидінь, парктроник, камеру заднього виду, монітор із статичною проекцією, подушки безпеки водія та пасажира, бічні подушки безпеки, шторки безпеки.",[],"[{""label"": ""ORG"", ""text"": ""Авто бізнес-класу"", ""start"": 0, ""end"": 17}, {""label"": ""ART"", ""text"": ""6-ступінчасту автоматичну коробку передач"", ""start"": 22, ""end"": 63}, {""label"": ""ART"", ""text"": ""салон з перфорованої шкіри"", ""start"": 65, ""end"": 91}, {""label"": ""ART"", ""text"": ""шкіряні елементи інтер'єру"", ""start"": 93, ""end"": 119}, {""label"": ""ART"", ""text"": ""круїз-контроль"", ""start"": 121, ""end"": 135}, {""label"": ""ART"", ""text"": ""2-х зонний клімат-контроль"", ""start"": 137, ""end"": 163}, {""label"": ""ART"", ""text"": ""підігрівання передніх сидінь"", ""start"": 165, ""end"": 193}, {""label"": ""ART"", ""text"": ""парктроник"", ""start"": 195, ""end"": 205}, {""label"": ""ART"", ""text"": ""камеру заднього виду"", ""start"": 207, ""end"": 227}, {""label"": ""ART"", ""text"": ""монітор із статичною проекцією"", ""start"": 229, ""end"": 259}, {""label"": ""ART"", ""text"": ""бічні подушки безпеки"", ""start"": 296, ""end"": 317}, {""label"": ""ART"", ""text"": ""шторки безпеки"", ""start"": 319, ""end"": 333}]"
3df30948d7227dcef5074d0389fc8e58f39a9cd561228446af2b930634e3f903,Строк поставки – до 15 грудня 2016 року .,"[{""label"": ""DATE"", ""text"": ""15 грудня 2016 року""}]","[{""label"": ""DATE"", ""text"": ""15 грудня 2016 року"", ""start"": 20, ""end"": 39}]"
1efd6b0514fd71421da8bf68b62963a876b9a7b28fadd5fc1929194f1a0998bb,"У торгах приймали участь ще три фірми: запорізьке ТОВ «Восток Автомир» «порошенківця» Олексія Кравчуна , ТОВ «Автосаміт Лтд» екс-нардепа Таріела Васадзе та херсонське ТОВ «Авто-плаза» Олексія Панасюка та депутата Херсонської міськради від « Укропу » Валерія Боржкова .","[{""label"": ""ORG"", ""text"": ""ТОВ «Восток Автомир»""}, {""label"": ""PERS"", ""text"": ""Олексія Кравчуна""}, {""label"": ""ORG"", ""text"": ""ТОВ «Автосаміт Лтд»""}, {""label"": ""JOB"", ""text"": ""екс-нардепа""}, {""label"": ""PERS"", ""text"": ""Таріела Васадзе""}, {""label"": ""ORG"", ""text"": ""ТОВ «Авто-плаза»""}, {""label"": ""PERS"", ""text"": ""Олексія Панасюка""}, {""label"": ""JOB"", ""text"": ""депутата""}, {""label"": ""ORG"", ""text"": ""Херсонської міськради""}, {""label"": ""ORG"", ""text"": ""Укропу""}, {""label"": ""PERS"", ""text"": ""Валерія Боржкова""}]","[{""label"": ""ORG"", ""text"": ""ТОВ «Восток Автомир"", ""start"": 50, ""end"": 69}, {""label"": ""PERS"", ""text"": ""Олексія Кравчуна"", ""start"": 86, ""end"": 102}, {""label"": ""ORG"", ""text"": ""ТОВ «Автосаміт Лтд"", ""start"": 105, ""end"": 123}, {""label"": ""PERS"", ""text"": ""Таріела Васадзе"", ""start"": 137, ""end"": 152}, {""label"": ""ORG"", ""text"": ""херсонське ТОВ «Авто-плаза»"", ""start"": 156, ""end"": 183}, {""label"": ""PERS"", ""text"": ""Олексія Панасюка"", ""start"": 184, ""end"": 200}, {""label"": ""PERS"", ""text"": ""Валерія Боржкова"", ""start"": 250, ""end"": 266}]"
82de7914d912833b069cd77820dfdfddcc695b4b16419904aba65daece6f3670,Остаточні пропозиції цих трьох фірм були вищими від ТОВ «Артсіті» .,"[{""label"": ""ORG"", ""text"": ""ТОВ «Артсіті»""}]","[{""label"": ""ORG"", ""text"": ""ТОВ «Артсіті»"", ""start"": 52, ""end"": 65}]"
34d17306af4a1a080ff15c2ca430e7db0621d543cf50ad0e0d4eee65d483a92c,Очікувана ціна склала 800 тис грн .,"[{""label"": ""MON"", ""text"": ""800 тис грн""}]","[{""label"": ""MON"", ""text"": ""800 тис грн"", ""start"": 22, ""end"": 33}]"
de64f0459a84b851ade426e134d01e11fd921ea6716830445a2341ac99e38591,У відкритих джерелах ціни на Toyota Camry 2016 року випуску починаються з 717 тис грн .,"[{""label"": ""ART"", ""text"": ""Toyota Camry""}, {""label"": ""DATE"", ""text"": ""2016 року""}, {""label"": ""MON"", ""text"": ""717 тис грн""}]","[{""label"": ""ORG"", ""text"": ""У відкритих джерелах"", ""start"": 0, ""end"": 20}, {""label"": ""ART"", ""text"": ""Toyota Camry"", ""start"": 29, ""end"": 41}, {""label"": ""MON"", ""text"": ""717 тис грн"", ""start"": 74, ""end"": 85}]"
2e15c82ef2d7011430d3ea2891eed53d6d85c2a7329d83bdff846660f3e0a87e,Стільки коштує Toyota Camry Comfort у базовій комплектації. Toyota Camry Elegance коштує близько 800 тис .,"[{""label"": ""ART"", ""text"": ""Toyota Camry Comfort""}, {""label"": ""ART"", ""text"": ""Toyota Camry Elegance""}, {""label"": ""MON"", ""text"": ""800 тис""}]","[{""label"": ""ART"", ""text"": ""Toyota Camry Comfort"", ""start"": 15, ""end"": 35}, {""label"": ""MON"", ""text"": ""800 тис"", ""start"": 97, ""end"": 104}]"
8a1d764fce8e3cf6b97628f871059b693f5e1f48252870f97686ab76307fdbfe,"Харківський дилер Toyota « Артсіті » належить Олегу Топчію і росіянину Олександру Лалаяну , які також володіють ТОВ «Інтертранссервіс» , ТОВ «Автоарт» і ТОВ «Арт-Лекс» (група компаній « Автоарт »). Директором фірми є Роман Унрау .","[{""label"": ""ORG"", ""text"": ""Toyota""}, {""label"": ""ORG"", ""text"": ""Артсіті""}, {""label"": ""PERS"", ""text"": ""Олегу Топчію""}, {""label"": ""PERS"", ""text"": ""Олександру Лалаяну""}, {""label"": ""ORG"", ""text"": ""ТОВ «Інтертранссервіс»""}, {""label"": ""ORG"", ""text"": ""ТОВ «Автоарт»""}, {""label"": ""ORG"", ""text"": ""ТОВ «Арт-Лекс»""}, {""label"": ""ORG"", ""text"": ""Автоарт""}, {""label"": ""JOB"", ""text"": ""Директором""}, {""label"": ""PERS"", ""text"": ""Роман Унрау""}]","[{""label"": ""ORG"", ""text"": ""Toyota « Артсіті »"", ""start"": 18, ""end"": 36}, {""label"": ""PERS"", ""text"": ""Олегу Топчію"", ""start"": 46, ""end"": 58}, {""label"": ""PERS"", ""text"": ""Олександру Лалаяну"", ""start"": 71, ""end"": 89}, {""label"": ""ORG"", ""text"": ""ТОВ «Інтертранссервіс»"", ""start"": 112, ""end"": 134}, {""label"": ""ORG"", ""text"": ""ТОВ «Автоарт"", ""start"": 137, ""end"": 149}, {""label"": ""ORG"", ""text"": ""ТОВ «Арт-Лекс"", ""start"": 153, ""end"": 166}, {""label"": ""ORG"", ""text"": ""Автоарт"", ""start"": 186, ""end"": 193}, {""label"": ""PERS"", ""text"": ""Роман Унрау"", ""start"": 217, ""end"": 228}]"
c53191a902a28992d86e8072e9066589822f8e3d9ea4c7157b133e04eaeb46bd,Раніше Лалаян мав 50% акцій ПрАТ «Страхова компанія «Гарантія Життя» .,"[{""label"": ""PERS"", ""text"": ""Лалаян""}, {""label"": ""PCT"", ""text"": ""50%""}, {""label"": ""ORG"", ""text"": ""ПрАТ «Страхова компанія «Гарантія Життя»""}]","[{""label"": ""PERS"", ""text"": ""Лалаян"", ""start"": 7, ""end"": 13}, {""label"": ""PCT"", ""text"": ""50%"", ""start"": 18, ""end"": 21}, {""label"": ""ORG"", ""text"": ""ПрАТ «Страхова компанія «Гарантія Життя»"", ""start"": 28, ""end"": 68}]"
a7ec79c7a4707f0809b57124ef80dd729eb65ceb7729968632687f116c4f96ec,"Із 30 січня Нацкомфінпослуг позбавила цю фірму ліцензії на добровільне страхування життя, бо її контролював громадянин держави-агресора Росії .","[{""label"": ""DATE"", ""text"": ""30 січня""}, {""label"": ""ORG"", ""text"": ""Нацкомфінпослуг""}, {""label"": ""LOC"", ""text"": ""Росії""}]","[{""label"": ""DATE"", ""text"": ""30 січня"", ""start"": 3, ""end"": 11}, {""label"": ""ORG"", ""text"": ""Нацкомфінпослуг"", ""start"": 12, ""end"": 27}]"
dec002ac5f83d150f413c0417e5c8baa195c7cbae17976f14a3a2a74f1e43f6b,Раніше місто Горішні Плавні називалося Комсомольськ .,"[{""label"": ""LOC"", ""text"": ""Горішні Плавні""}, {""label"": ""LOC"", ""text"": ""Комсомольськ""}]","[{""label"": ""LOC"", ""text"": ""Горішні Плавні"", ""start"": 13, ""end"": 27}, {""label"": ""LOC"", ""text"": ""Комсомольськ"", ""start"": 39, ""end"": 51}]"
e87919f21bc6d9fb01500ec3648a454ddbb20048885805d9b4f0498a7a1e0bbe,Його перейменовано цього року.,[],"[{""label"": ""PERS"", ""text"": ""Його"", ""start"": 0, ""end"": 4}]"
af5cdff4d562bf6788ba862d89be694c962a9ed88454be62a6aa81905f4f7986,Значна частина місцевого населення була проти такого перейменування.,[],[]
8e496e6db160b7e3701cb45ac0f7d7090b6d376c14fc0519c8daaf756f01d218,З 2015 року місто очолює член Соціалістичної партії України Дмитро Биков КЛПУ «Обласна психіатрична лікарня м. Слов'янська» за результатами відкритих торгів 22 січня замовила ФОП Сидіч Марині Юріївні послуги з прання і прасування білизни загальною вартістю 237 тис. грн .,"[{""label"": ""DATE"", ""text"": ""2015 року""}, {""label"": ""ORG"", ""text"": ""Соціалістичної партії України""}, {""label"": ""PERS"", ""text"": ""Дмитро Биков""}, {""label"": ""ORG"", ""text"": ""КЛПУ «Обласна психіатрична лікарня м. Слов'янська»""}, {""label"": ""DATE"", ""text"": ""22 січня""}, {""label"": ""ORG"", ""text"": ""ФОП Сидіч Марині Юріївні""}, {""label"": ""MON"", ""text"": ""237 тис. грн""}]","[{""label"": ""PERS"", ""text"": ""Дмитро Биков"", ""start"": 60, ""end"": 72}, {""label"": ""ORG"", ""text"": ""Обласна психіатрична лікарня м. Слов'янська"", ""start"": 79, ""end"": 122}, {""label"": ""DATE"", ""text"": ""22 січня"", ""start"": 157, ""end"": 165}, {""label"": ""PERS"", ""text"": ""Сидіч Марині Юріївні"", ""start"": 179, ""end"": 199}, {""label"": ""MON"", ""text"": ""237 тис. грн"", ""start"": 257, ""end"": 269}]"
53df9adfa7c3c2e1fa851a298db78bfe99f25b46f5985e4334639cf5e13809da,Про це повідомляється в системі « Прозорро ».,"[{""label"": ""ORG"", ""text"": ""Прозорро""}]","[{""label"": ""ORG"", ""text"": ""Прозорро"", ""start"": 34, ""end"": 42}]"
13abea2d337dfefff21f1dcb0f04ebcd20bafda16c1337b882f8d4af5ed07c53,"Вартість прання 1 кг білизни складатиме 17,43 грн .","[{""label"": ""QUANT"", ""text"": ""1 кг""}, {""label"": ""MON"", ""text"": ""17,43 грн""}]","[{""label"": ""QUANT"", ""text"": ""1 кг білизни"", ""start"": 16, ""end"": 28}, {""label"": ""MON"", ""text"": ""17,43 грн"", ""start"": 40, ""end"": 49}]"
e700e3076551ef2f98659f9bbbbcc466de2aaca32c4149484cb246bb1269da00,Замовлено прання 13 600 кг з терміном надання послуг – протягом 2018 року .,"[{""label"": ""QUANT"", ""text"": ""13 600 кг""}, {""label"": ""PERIOD"", ""text"": ""протягом 2018 року""}]","[{""label"": ""MISC"", ""text"": ""прання"", ""start"": 10, ""end"": 16}, {""label"": ""QUANT"", ""text"": ""13 600 кг"", ""start"": 17, ""end"": 26}, {""label"": ""PERIOD"", ""text"": ""протягом 2018 року"", ""start"": 55, ""end"": 73}]"
fbc6d7cd8d2d51affee899123c3318931c641321799026d117772165b98f59a8,"Згідно з довідкою про наявність обладнання та матеріально-технічної бази, Сидіч надаватиме послуги у слов'янській квартирі на вулиці Кірова , в якій прописана, хоча називає приміщення нежитловим.","[{""label"": ""PERS"", ""text"": ""Сидіч""}, {""label"": ""LOC"", ""text"": ""вулиці Кірова""}]","[{""label"": ""DOC"", ""text"": ""довідкою про наявність обладнання та матеріально-технічної бази"", ""start"": 9, ""end"": 72}, {""label"": ""PERS"", ""text"": ""Сидіч"", ""start"": 74, ""end"": 79}, {""label"": ""LOC"", ""text"": ""слов'янській квартирі на вулиці Кірова"", ""start"": 101, ""end"": 139}]"
9cabde3762b52018ad98355fe4ca129989ef32b913006731434f43d9abfb0395,"З довідок про виконання аналогічних договорів відомо, що раніше Сидіч отримувала аналогічні замовлення без процедури закупівлі на електронному майданчику від Військової частини 3035 Нацгвардії (м. Слов'янськ ), а також кількох краматорських підприємств – Новокраматорського та Старокраматорського машинобудівних заводів і « Енергомашспецсталі ».","[{""label"": ""PERS"", ""text"": ""Сидіч""}, {""label"": ""ORG"", ""text"": ""Військової частини 3035 Нацгвардії""}, {""label"": ""LOC"", ""text"": ""Слов'янськ""}, {""label"": ""ORG"", ""text"": ""Новокраматорського та Старокраматорського машинобудівних заводів""}, {""label"": ""ORG"", ""text"": ""Енергомашспецсталі""}]","[{""label"": ""DOC"", ""text"": ""довідок про виконання аналогічних договорів"", ""start"": 2, ""end"": 45}, {""label"": ""PERS"", ""text"": ""Сидіч"", ""start"": 64, ""end"": 69}, {""label"": ""ORG"", ""text"": ""Військової частини 3035 Нацгвардії"", ""start"": 158, ""end"": 192}, {""label"": ""LOC"", ""text"": ""м. Слов'янськ"", ""start"": 194, ""end"": 207}, {""label"": ""ORG"", ""text"": ""Новокраматорського та Старокраматорського машинобудівних заводів"", ""start"": 255, ""end"": 319}, {""label"": ""ORG"", ""text"": ""Енергомашспецсталі"", ""start"": 324, ""end"": 342}]"
5a65f0ad6ba1f62bd3fd0692f79ae4e80b86305d2126f3f3d46dbd36c455d722,"Довідки про відповідність учасника технічним, якісним та кількісним вимогам, які мали бути подані до проведення аукціону, Сидіч завантажила уже після акцепту її пропозиції – 15 січня .","[{""label"": ""PERS"", ""text"": ""Сидіч""}, {""label"": ""DATE"", ""text"": ""15 січня""}]","[{""label"": ""PERS"", ""text"": ""Сидіч"", ""start"": 122, ""end"": 127}, {""label"": ""DATE"", ""text"": ""15 січня"", ""start"": 174, ""end"": 182}]"
0952379fec3fca4f0febacbf9d14a1f9f93a786eaa1b62d8b38168624fc691e4,"Також відмітимо, що ті довідки, зразки яких замовник не прикріпив, змістовно та структурно відтворюють документи єдиного конкурента на торгах – Валерії Гребенюк , яка завантажила пакет документів до системи « Прозорро » 28 грудня .","[{""label"": ""PERS"", ""text"": ""Валерії Гребенюк""}, {""label"": ""ORG"", ""text"": ""Прозорро""}, {""label"": ""DATE"", ""text"": ""28 грудня""}]","[{""label"": ""ART"", ""text"": ""довідки"", ""start"": 23, ""end"": 30}, {""label"": ""ORG"", ""text"": ""замовник"", ""start"": 44, ""end"": 52}, {""label"": ""PERS"", ""text"": ""Валерії Гребенюк"", ""start"": 144, ""end"": 160}, {""label"": ""ART"", ""text"": ""пакет документів"", ""start"": 179, ""end"": 195}, {""label"": ""DATE"", ""text"": ""28 грудня"", ""start"": 220, ""end"": 229}]"
70ae66cc8eb98d9d78e5290bc076435f911378bb83f74f151b309ab0f4780304,"Йдеться, зокрема, про скопійовані довідки щодо відсутності підстав, визначених ст. 17, про працівників та про не надання статуту, а також наказу про вступ на посаду.",[],"[{""label"": ""ART"", ""text"": ""скопійовані довідки"", ""start"": 22, ""end"": 41}, {""label"": ""JOB"", ""text"": ""працівників"", ""start"": 91, ""end"": 102}, {""label"": ""JOB"", ""text"": ""посаду"", ""start"": 158, ""end"": 164}]"
456f65d971406ea59fd14bb8c30da046a5c100c219ca0f9242e065ed40789a0f,Усі вони могли бути подані у довільній формі. Марина Сидіч зареєструвалась як підприємець у листопаді 2014 року .,"[{""label"": ""PERS"", ""text"": ""Марина Сидіч""}, {""label"": ""JOB"", ""text"": ""підприємець""}, {""label"": ""DATE"", ""text"": ""листопаді 2014 року""}]","[{""label"": ""PERS"", ""text"": ""Марина Сидіч"", ""start"": 46, ""end"": 58}, {""label"": ""ORG"", ""text"": ""підприємець"", ""start"": 78, ""end"": 89}, {""label"": ""DATE"", ""text"": ""листопаді 2014 року"", ""start"": 92, ""end"": 111}]"
7500c74ae3d59f95578713a44df3271ef2191a940c4e1da55a5565b9acf575a0,"За даними « Прозорро », у грудні 2017 року вона підписала договір з Краснолиманським професійно-технічним училищем ( Донецька область ) щодо послуг зі створення та друкування рекламно-інформаційної продукції.","[{""label"": ""ORG"", ""text"": ""Прозорро""}, {""label"": ""DATE"", ""text"": ""грудні 2017 року""}, {""label"": ""ORG"", ""text"": ""Краснолиманським професійно-технічним училищем""}, {""label"": ""LOC"", ""text"": ""Донецька область""}]","[{""label"": ""PERS"", ""text"": ""Прозорро"", ""start"": 12, ""end"": 20}, {""label"": ""DATE"", ""text"": ""грудні 2017"", ""start"": 26, ""end"": 37}, {""label"": ""ORG"", ""text"": ""Краснолиманським професійно-технічним училищем"", ""start"": 68, ""end"": 114}, {""label"": ""LOC"", ""text"": ""Донецька область"", ""start"": 117, ""end"": 133}, {""label"": ""ART"", ""text"": ""рекламно-інформаційної продукції"", ""start"": 175, ""end"": 207}]"
5cf43a1a71d450568163b7d06c37814f7fca5408905f224198b7f5cf7c44b696,"Раніше Сидіч також брала участь у закупівлях на поставку дорожніх знаків від комунальних регіонального ландшафтного парку «Слов'янський курорт» та Бахмутського комбінату комунальних підприємств . Головним лікарем Обласної психіатричної лікарні Слов'янська є Юрій Смаль Запорізька міська рада планує передати ТОВ «Полігон-Елітсервіс» в оренду на 19 років земельну ділянку на Дніпрі площею 0,41 га .","[{""label"": ""PERS"", ""text"": ""Сидіч""}, {""label"": ""ORG"", ""text"": ""регіонального ландшафтного парку «Слов'янський курорт»""}, {""label"": ""ORG"", ""text"": ""Бахмутського комбінату комунальних підприємств""}, {""label"": ""JOB"", ""text"": ""Головним лікарем""}, {""label"": ""ORG"", ""text"": ""Обласної психіатричної лікарні Слов'янська""}, {""label"": ""PERS"", ""text"": ""Юрій Смаль""}, {""label"": ""ORG"", ""text"": ""Запорізька міська рада""}, {""label"": ""ORG"", ""text"": ""ТОВ «Полігон-Елітсервіс»""}, {""label"": ""PERIOD"", ""text"": ""19 років""}, {""label"": ""LOC"", ""text"": ""Дніпрі""}, {""label"": ""QUANT"", ""text"": ""0,41 га""}]","[{""label"": ""PERS"", ""text"": ""Сидіч"", ""start"": 7, ""end"": 12}, {""label"": ""ART"", ""text"": ""дорожніх знаків"", ""start"": 57, ""end"": 72}, {""label"": ""ORG"", ""text"": ""комунальних регіонального ландшафтного парку «Слов'янський курорт»"", ""start"": 77, ""end"": 143}, {""label"": ""ORG"", ""text"": ""Бахмутського комбінату комунальних підприємств"", ""start"": 147, ""end"": 193}, {""label"": ""JOB"", ""text"": ""Головним лікарем"", ""start"": 196, ""end"": 212}, {""label"": ""ORG"", ""text"": ""Обласної психіатричної лікарні Слов'янська"", ""start"": 213, ""end"": 255}, {""label"": ""PERS"", ""text"": ""Юрій Смаль"", ""start"": 258, ""end"": 268}, {""label"": ""ORG"", ""text"": ""Запорізька міська рада"", ""start"": 269, ""end"": 291}, {""label"": ""ORG"", ""text"": ""ТОВ «Полігон-Елітсервіс»"", ""start"": 308, ""end"": 332}, {""label"": ""PERIOD"", ""text"": ""19 років"", ""start"": 345, ""end"": 353}, {""label"": ""LOC"", ""text"": ""Дніпрі"", ""start"": 374, ""end"": 380}]"
9650adab89c7c5400abc9d1bab061479253b4d4c9cdd1cbd1f627719dc9d28a9,Про це повідомляють « Наші гроші. Запоріжжя » з посиланням на відповідний проект рішення міськради .,"[{""label"": ""ART"", ""text"": ""Наші гроші. Запоріжжя""}, {""label"": ""ORG"", ""text"": ""міськради""}]","[{""label"": ""ORG"", ""text"": ""Наші гроші. Запоріжжя"", ""start"": 22, ""end"": 43}]"
70f0d46db90135146a45417000aa2a5148575eb6bbe85401f69d24196af21999,"Планується передати в оренду фірмі шість земельних ділянок за адресами Оріхівська бухта 1-а , 2, 2-а, 3, 4, 6.","[{""label"": ""LOC"", ""text"": ""Оріхівська бухта 1-а""}]","[{""label"": ""ORG"", ""text"": ""фірмі"", ""start"": 29, ""end"": 34}]"
4aedecf12622752332980734392b7e2869458c54ce5456bbe6f0ca9a22db9977,Це у гирлі Мокрої Московки поряд з Дубовим гаєм в Запоріжжі .,"[{""label"": ""LOC"", ""text"": ""Мокрої Московки""}, {""label"": ""LOC"", ""text"": ""Дубовим гаєм""}, {""label"": ""LOC"", ""text"": ""Запоріжжі""}]","[{""label"": ""LOC"", ""text"": ""Мокрої Московки"", ""start"": 11, ""end"": 26}, {""label"": ""LOC"", ""text"": ""Дубовим гаєм"", ""start"": 35, ""end"": 47}, {""label"": ""LOC"", ""text"": ""Запоріжжі"", ""start"": 50, ""end"": 59}]"
2ab273a066548b445cb4a174bfc87c3bfbd870c7c1c33ff9763aafb4dbd1f3e4,"Одноосібним засновником « Полігон-Елітсервіс » є Труфанова Лілія Сергіївна , а директором – Ратко Сергій Георгіович . Лілія Труфанова є співвласником ФК «Металург» ( Запоріжжя ) разом з В'ячеславом Богуслаєвим та його сином Олександром Богуслаєвим . Сергій Ратко раніше посідав керівні посади в страховій компанії « Мотор Гарант », від якої входив до наглядової ради « Мотор Банку » – афілійованих структур « Мотор Січі ».","[{""label"": ""JOB"", ""text"": ""засновником""}, {""label"": ""ORG"", ""text"": ""Полігон-Елітсервіс""}, {""label"": ""PERS"", ""text"": ""Труфанова Лілія Сергіївна""}, {""label"": ""JOB"", ""text"": ""директором""}, {""label"": ""PERS"", ""text"": ""Ратко Сергій Георгіович""}, {""label"": ""PERS"", ""text"": ""Лілія Труфанова""}, {""label"": ""ORG"", ""text"": ""ФК «Металург»""}, {""label"": ""LOC"", ""text"": ""Запоріжжя""}, {""label"": ""PERS"", ""text"": ""В'ячеславом Богуслаєвим""}, {""label"": ""PERS"", ""text"": ""Олександром Богуслаєвим""}, {""label"": ""PERS"", ""text"": ""Сергій Ратко""}, {""label"": ""ORG"", ""text"": ""Мотор Гарант""}, {""label"": ""ORG"", ""text"": ""Мотор Банку""}, {""label"": ""ORG"", ""text"": ""Мотор Січі""}]","[{""label"": ""ORG"", ""text"": ""Полігон-Елітсервіс"", ""start"": 26, ""end"": 44}, {""label"": ""PERS"", ""text"": ""Труфанова Лілія Сергіївна"", ""start"": 49, ""end"": 74}, {""label"": ""JOB"", ""text"": ""директором"", ""start"": 79, ""end"": 89}, {""label"": ""PERS"", ""text"": ""Ратко Сергій Георгіович"", ""start"": 92, ""end"": 115}, {""label"": ""PERS"", ""text"": ""Лілія Труфанова"", ""start"": 118, ""end"": 133}, {""label"": ""ORG"", ""text"": ""ФК «Металург» ( Запоріжжя )"", ""start"": 150, ""end"": 177}, {""label"": ""PERS"", ""text"": ""В'ячеславом Богуслаєвим"", ""start"": 186, ""end"": 209}, {""label"": ""PERS"", ""text"": ""Олександром Богуслаєвим"", ""start"": 224, ""end"": 247}, {""label"": ""ORG"", ""text"": ""Мотор Гарант"", ""start"": 316, ""end"": 328}]"
e9a383d697d4e15b30af43222cc3087eb260fdc544e8241fe9bfdcee8c72ad9a,Також Ратко є підписантом низки близьких до « Мотор Січі » підприємств.,"[{""label"": ""PERS"", ""text"": ""Ратко""}, {""label"": ""ORG"", ""text"": ""Мотор Січі""}]","[{""label"": ""PERS"", ""text"": ""Ратко"", ""start"": 6, ""end"": 11}, {""label"": ""ORG"", ""text"": ""Мотор Січі"", ""start"": 46, ""end"": 56}]"
d3889871fe650a286173ff1be12f57835228ea5fa1290fda558121e8ec906c1c,"Судячи за адресами в переліку землевпорядної документації, вказана ділянка розташована на самому кінці півострова, який утворюється при впадінні Мокрої Московки до Дніпра .","[{""label"": ""LOC"", ""text"": ""Мокрої Московки""}, {""label"": ""LOC"", ""text"": ""Дніпра""}]","[{""label"": ""ART"", ""text"": ""землевпорядної документації"", ""start"": 30, ""end"": 57}, {""label"": ""LOC"", ""text"": ""Мокрої Московки"", ""start"": 145, ""end"": 160}]"
49979a3f2e8ba4fbc36278c43c6f9c2cc585ed032d20a53127e84deca107d2f6,"За даними кадастру ділянка, яку хочуть віддати під «розташування спортивно-оздоровчого комплексу», зараз належить Запорізькій міській рятувально-водолазній службі .","[{""label"": ""ORG"", ""text"": ""Запорізькій міській рятувально-водолазній службі""}]","[{""label"": ""LOC"", ""text"": ""розташування спортивно-оздоровчого комплексу"", ""start"": 52, ""end"": 96}, {""label"": ""ORG"", ""text"": ""Запорізькій міській рятувально-водолазній службі"", ""start"": 114, ""end"": 162}]"
5b62ef0bd16b143dafbd82aadca6feedf62ad5cf31721ff7f46465eb89c280d8,"А нижче за течією, поряд з ділянкою, яку отримає « Полігон-Елітсервіс », є вже існуюча база, пов'язана з «моторівцями».","[{""label"": ""ORG"", ""text"": ""Полігон-Елітсервіс""}]","[{""label"": ""LOC"", ""text"": ""ділянкою"", ""start"": 27, ""end"": 35}, {""label"": ""ORG"", ""text"": ""Полігон-Елітсервіс"", ""start"": 51, ""end"": 69}, {""label"": ""MISC"", ""text"": ""моторівцями"", ""start"": 106, ""end"": 117}]"
aede92476a0561fd325fdfe9e6aa9f68467ea1897ba33a204cc9a4ea8540440b,"Ділянка під номером 2310100000:03:038:0036, на якій розташовані нові будівлі під «водноспортивну базу», належить ПрАТ «Тера-Гарант» , засновниками якої є страхова компанія « Мотор- Гарант » та офшорні компанії « Дункан промоушнз лтд. » з Віргінських островів і « Табернус корп. лтд » з Панами .","[{""label"": ""ORG"", ""text"": ""ПрАТ «Тера-Гарант»""}, {""label"": ""ORG"", ""text"": ""Мотор- Гарант""}, {""label"": ""ORG"", ""text"": ""Дункан промоушнз лтд.""}, {""label"": ""LOC"", ""text"": ""Віргінських островів""}, {""label"": ""ORG"", ""text"": ""Табернус корп. лтд""}, {""label"": ""LOC"", ""text"": ""Панами""}]","[{""label"": ""ORG"", ""text"": ""ПрАТ «Тера-Гарант»"", ""start"": 113, ""end"": 131}, {""label"": ""ORG"", ""text"": ""Мотор- Гарант"", ""start"": 174, ""end"": 187}, {""label"": ""ORG"", ""text"": ""Дункан промоушнз лтд."", ""start"": 212, ""end"": 233}, {""label"": ""LOC"", ""text"": ""Віргінських островів"", ""start"": 238, ""end"": 258}, {""label"": ""ORG"", ""text"": ""Табернус корп. лтд"", ""start"": 263, ""end"": 281}, {""label"": ""LOC"", ""text"": ""Панами"", ""start"": 286, ""end"": 292}]"
5d972f83e466678b518301610ffb02f2f6b259142a77106d81ac5d7195ec20f4,"Ці офшори також є засновниками декількох фірм, які очолює згаданий «моторівець» Сергій Ратко .","[{""label"": ""PERS"", ""text"": ""Сергій Ратко""}]","[{""label"": ""ORG"", ""text"": ""Ці офшори"", ""start"": 0, ""end"": 9}, {""label"": ""JOB"", ""text"": ""моторівець"", ""start"": 68, ""end"": 78}, {""label"": ""PERS"", ""text"": ""Сергій Ратко"", ""start"": 80, ""end"": 92}]"
fd41e0e3f6d8bc0de5729efae673792628f62369d3a4e6489bded297dcea3ab3,"Нагадаємо, Богуслаєви цієї осені відмовились фінансувати футбольний « Металург » і клуб невдовзі може припинити своє існування. Міністерство закордонних справ України 29 листопада за результатами тендеру уклало угоду з ПАТ «Київське агентство повітряних сполучень «Кий Авіа» на послуги по забезпеченню перебування в Україні іноземних делегацій з офіційними візитами.","[{""label"": ""PERS"", ""text"": ""Богуслаєви""}, {""label"": ""ORG"", ""text"": ""Металург""}, {""label"": ""ORG"", ""text"": ""Міністерство закордонних справ України""}, {""label"": ""DATE"", ""text"": ""29 листопада""}, {""label"": ""ORG"", ""text"": ""ПАТ «Київське агентство повітряних сполучень «Кий Авіа»""}, {""label"": ""LOC"", ""text"": ""Україні""}]","[{""label"": ""PERS"", ""text"": ""Богуслаєви"", ""start"": 11, ""end"": 21}, {""label"": ""ORG"", ""text"": ""Міністерство закордонних справ України"", ""start"": 128, ""end"": 166}, {""label"": ""DATE"", ""text"": ""29 листопада"", ""start"": 167, ""end"": 179}, {""label"": ""ORG"", ""text"": ""ПАТ «Київське агентство повітряних сполучень «Кий Авіа»"", ""start"": 219, ""end"": 274}]"
034cdb1596dfc6f8eaa9a96f7a3a6755f152e7d497980671475e9a9d3d00a20e,"Вартість угоди складає 0,95 млн грн .","[{""label"": ""MON"", ""text"": ""0,95 млн грн""}]","[{""label"": ""MON"", ""text"": ""0,95 млн грн"", ""start"": 23, ""end"": 35}]"
a214e4e24bd6e2aae3a43180381b115a50a34c4c09990d72b6d5e0f812d2a043,Про це повідомляється у « Віснику державних закупівель ».,"[{""label"": ""ART"", ""text"": ""Віснику державних закупівель""}]","[{""label"": ""ORG"", ""text"": ""« Віснику державних закупівель »"", ""start"": 24, ""end"": 56}]"
a0a0f76e0a6145a91b28441b1bf048d6a03d714bb5a93a734e745064b8d85473,Послуги мають бути надані до кінця 2013 року .,"[{""label"": ""DATE"", ""text"": ""кінця 2013 року""}]","[{""label"": ""ORG"", ""text"": ""Послуги"", ""start"": 0, ""end"": 7}, {""label"": ""TIME"", ""text"": ""кінця 2013 року"", ""start"": 29, ""end"": 44}]"
ddebc9ae50f49a9f00b4b526ff492ac8afd24fb018f02a247004bc7bfc632faf,Закупівля включає:,[],[]
3fb5b671da439f9d7d20f3729d460c8b54b858b799204dab0d8689a8b5d0446f,* послуги проживання у чотири- і п'ятизіркових готелях (185 номерів).,[],"[{""label"": ""ORG"", ""text"": ""чотири- і п'ятизіркових готелях"", ""start"": 23, ""end"": 54}, {""label"": ""QUANT"", ""text"": ""185 номерів"", ""start"": 56, ""end"": 67}]"
0f244787ca3dd1c9dfff11b867d627cac0e77f14c193e3f924e931ffe6af5ea4,"Готель має бути розташований в центрі Києва , в радіусі 3 км від Майдану Незалежності та мати зручні під'їзні шляхи, ресторани та приміщення для проведення в них протокольних заходів * організацію харчування (2976 осіб) * послуги з оренди приміщень для проведення засідань і переговорів * послуги перекладу та забезпечення необхідним обладнанням * організацію культурної програми ( Софія Київська , Києво-Печерська Лавра , Музей історії України , оглядова екскурсія по Києву ( 2-3 год. ), культурна програма у містах України , наприклад, Ялта , Одеса тощо) * комісію підприємства за надання послуг ПАТ «Київське агентство повітряних сполучень «Кий Авіа» належить ТОВ «С. Л. В.» і ТОВ «Кий Авіа Лізинг» , власником якого є також ТОВ «С. Л. В.» .","[{""label"": ""LOC"", ""text"": ""Києва""}, {""label"": ""QUANT"", ""text"": ""3 км""}, {""label"": ""LOC"", ""text"": ""Майдану Незалежності""}, {""label"": ""LOC"", ""text"": ""Софія Київська""}, {""label"": ""LOC"", ""text"": ""Києво-Печерська Лавра""}, {""label"": ""LOC"", ""text"": ""Музей історії України""}, {""label"": ""LOC"", ""text"": ""Києву""}, {""label"": ""PERIOD"", ""text"": ""2-3 год.""}, {""label"": ""LOC"", ""text"": ""України""}, {""label"": ""LOC"", ""text"": ""Ялта""}, {""label"": ""LOC"", ""text"": ""Одеса""}, {""label"": ""ORG"", ""text"": ""ПАТ «Київське агентство повітряних сполучень «Кий Авіа»""}, {""label"": ""ORG"", ""text"": ""ТОВ «С. Л. В.»""}, {""label"": ""ORG"", ""text"": ""ТОВ «Кий Авіа Лізинг»""}, {""label"": ""ORG"", ""text"": ""ТОВ «С. Л. В.»""}]","[{""label"": ""ORG"", ""text"": ""Готель"", ""start"": 0, ""end"": 6}, {""label"": ""LOC"", ""text"": ""центрі Києва"", ""start"": 31, ""end"": 43}, {""label"": ""LOC"", ""text"": ""Майдану Незалежності"", ""start"": 65, ""end"": 85}, {""label"": ""QUANT"", ""text"": ""2976 осіб"", ""start"": 209, ""end"": 218}, {""label"": ""PERIOD"", ""text"": ""2-3 год."", ""start"": 477, ""end"": 485}, {""label"": ""LOC"", ""text"": ""Ялта , Одеса"", ""start"": 538, ""end"": 550}, {""label"": ""ORG"", ""text"": ""ПАТ «Київське агентство повітряних сполучень «Кий Авіа»"", ""start"": 598, ""end"": 653}, {""label"": ""ORG"", ""text"": ""ТОВ «С. Л. В.»"", ""start"": 663, ""end"": 677}, {""label"": ""ORG"", ""text"": ""ТОВ «Кий Авіа Лізинг»"", ""start"": 680, ""end"": 701}, {""label"": ""ORG"", ""text"": ""ТОВ «С. Л. В.»"", ""start"": 728, ""end"": 742}]"
d832090f1faf3e6ccf47afe1e2dd3c848ef3bdb6e4cd4c9a09d042240368deb7,"Фірмою « С. Л. В. » володіють дев'ять осіб, з них найбільші частки мають Володимир Шпак ( 25% ), Галина Бутова ( 15% ), Віктор Новак ( 14% ), Віктор Синьоокий ( 14% ).","[{""label"": ""ORG"", ""text"": ""С. Л. В.""}, {""label"": ""PERS"", ""text"": ""Володимир Шпак""}, {""label"": ""PCT"", ""text"": ""25%""}, {""label"": ""PERS"", ""text"": ""Галина Бутова""}, {""label"": ""PCT"", ""text"": ""15%""}, {""label"": ""PERS"", ""text"": ""Віктор Новак""}, {""label"": ""PCT"", ""text"": ""14%""}, {""label"": ""PERS"", ""text"": ""Віктор Синьоокий""}, {""label"": ""PCT"", ""text"": ""14%""}]","[{""label"": ""ORG"", ""text"": ""С. Л. В."", ""start"": 9, ""end"": 17}, {""label"": ""PERS"", ""text"": ""Володимир Шпак"", ""start"": 73, ""end"": 87}, {""label"": ""PCT"", ""text"": ""25%"", ""start"": 90, ""end"": 93}, {""label"": ""PERS"", ""text"": ""Галина Бутова"", ""start"": 97, ""end"": 110}, {""label"": ""PCT"", ""text"": ""15%"", ""start"": 113, ""end"": 116}, {""label"": ""PERS"", ""text"": ""Віктор Новак"", ""start"": 120, ""end"": 132}, {""label"": ""PCT"", ""text"": ""14%"", ""start"": 135, ""end"": 138}, {""label"": ""PERS"", ""text"": ""Віктор Синьоокий"", ""start"": 142, ""end"": 158}, {""label"": ""PCT"", ""text"": ""14%"", ""start"": 161, ""end"": 164}]"
307b2071d25716d5e180525a4f2c017bee10f981351267887623175324fc8e3b,"Дешевшу пропозицію ТОВ «Кашт Івент Сервіс» за 0,89 млн грн. відхилили через малий досвід роботи.","[{""label"": ""ORG"", ""text"": ""ТОВ «Кашт Івент Сервіс»""}, {""label"": ""MON"", ""text"": ""0,89 млн грн.""}]","[{""label"": ""ORG"", ""text"": ""ТОВ «Кашт Івент Сервіс»"", ""start"": 19, ""end"": 42}, {""label"": ""MON"", ""text"": ""0,89 млн грн"", ""start"": 46, ""end"": 58}, {""label"": ""JOB"", ""text"": ""малий досвід роботи"", ""start"": 76, ""end"": 95}]"
ef9fb4e18f3030a3b5c2c6ec9b3d58f131b58fe1be764d88c519323f8d2d9b96,"За умовами тендеру, у підрядника має бути досвід роботи на ринку України не менше п'яти років , а « Кашт Івент Сервіс » працює близько трьох років .","[{""label"": ""LOC"", ""text"": ""України""}, {""label"": ""PERIOD"", ""text"": ""п'яти років""}, {""label"": ""ORG"", ""text"": ""Кашт Івент Сервіс""}, {""label"": ""PERIOD"", ""text"": ""трьох років""}]","[{""label"": ""LOC"", ""text"": ""ринку України"", ""start"": 59, ""end"": 72}, {""label"": ""PERIOD"", ""text"": ""п'яти років"", ""start"": 82, ""end"": 93}, {""label"": ""ORG"", ""text"": ""Кашт Івент Сервіс"", ""start"": 100, ""end"": 117}, {""label"": ""PERIOD"", ""text"": ""трьох років"", ""start"": 135, ""end"": 146}]"
361a96ef2b302a9cb151bf368d523a81aa9785cd386cef028efd3a80cdccc773,"Також встановлено, що рівень послуг, які надавались фірмою, не відповідає вимогам МЗС .","[{""label"": ""ORG"", ""text"": ""МЗС""}]","[{""label"": ""ORG"", ""text"": ""фірмою"", ""start"": 52, ""end"": 58}, {""label"": ""ORG"", ""text"": ""МЗС"", ""start"": 82, ""end"": 85}]"
56b95d7a958a70de4ca1f11e353a1223e0891a0e4fe1edc9aca2053a297f87d4,"Нагадаємо, минулого тижня в Києві відбулось засідання Ради міністрів ОБСЄ Замість проведення капітальних ремонтів старих вагонів, переможець столичного комунального тендеру « Київський завод електротранспорту » закуповував аналогічні списані вагони в Чехії та повертав їх « Київпастрансу ».","[{""label"": ""DATE"", ""text"": ""минулого тижня""}, {""label"": ""LOC"", ""text"": ""Києві""}, {""label"": ""ORG"", ""text"": ""Ради міністрів ОБСЄ""}, {""label"": ""ORG"", ""text"": ""Київський завод електротранспорту""}, {""label"": ""LOC"", ""text"": ""Чехії""}, {""label"": ""ORG"", ""text"": ""Київпастрансу""}]","[{""label"": ""PERIOD"", ""text"": ""минулого тижня"", ""start"": 11, ""end"": 25}, {""label"": ""LOC"", ""text"": ""Києві"", ""start"": 28, ""end"": 33}, {""label"": ""ORG"", ""text"": ""Ради міністрів ОБСЄ"", ""start"": 54, ""end"": 73}, {""label"": ""ART"", ""text"": ""старих вагонів"", ""start"": 114, ""end"": 128}, {""label"": ""ORG"", ""text"": ""Київський завод електротранспорту"", ""start"": 175, ""end"": 208}, {""label"": ""ART"", ""text"": ""списані вагони"", ""start"": 234, ""end"": 248}, {""label"": ""LOC"", ""text"": ""Чехії"", ""start"": 251, ""end"": 256}, {""label"": ""ORG"", ""text"": ""Київпастрансу"", ""start"": 274, ""end"": 287}]"
bd871f7b6336201db56076dade3fb105e03b0e0f2effafa9c165c9bfd3bbb402,Про це йдеться у сюжеті програми « Наші гроші » (телеканал ZIK ). Навесні цього року комунальне підприємство « Київпастранс » оголосило тендер на проведення капітальних ремонтів 15 трамваїв на загальну суму майже 15 мільйонів гривень .,"[{""label"": ""ART"", ""text"": ""Наші гроші""}, {""label"": ""ART"", ""text"": ""ZIK""}, {""label"": ""DATE"", ""text"": ""Навесні цього року""}, {""label"": ""ORG"", ""text"": ""Київпастранс""}, {""label"": ""MON"", ""text"": ""15 мільйонів гривень""}]","[{""label"": ""DATE"", ""text"": ""Навесні цього року"", ""start"": 66, ""end"": 84}, {""label"": ""ORG"", ""text"": ""Київпастранс"", ""start"": 111, ""end"": 123}, {""label"": ""QUANT"", ""text"": ""15 трамваїв"", ""start"": 178, ""end"": 189}, {""label"": ""MON"", ""text"": ""15 мільйонів гривень"", ""start"": 213, ""end"": 233}]"
51fb5905f8fa779cd0fd26607fcfb66ef4095d30803c1d6f51252adcd7175ddd,Тендер виграло приватне акціонерне товариство « Київський завод електротранспорту ».,"[{""label"": ""ORG"", ""text"": ""Київський завод електротранспорту""}]","[{""label"": ""ORG"", ""text"": ""Київський завод електротранспорту"", ""start"": 48, ""end"": 81}]"
eb39bb845b7df66791f604bf80f6911bfbe5981696298f9e8ebeafe095b1d8e8,"Однак, як з'ясували журналісти , насправді в « Київпастранс » повернулись не відремонтовані, а придбані в Чехії використані вагони.","[{""label"": ""JOB"", ""text"": ""журналісти""}, {""label"": ""ORG"", ""text"": ""Київпастранс""}, {""label"": ""LOC"", ""text"": ""Чехії""}]","[{""label"": ""PERS"", ""text"": ""журналісти"", ""start"": 20, ""end"": 30}, {""label"": ""ORG"", ""text"": ""Київпастранс"", ""start"": 47, ""end"": 59}, {""label"": ""LOC"", ""text"": ""Чехії"", ""start"": 106, ""end"": 111}]"
382a3ad493e64ce074bf2ed990d300ad4286a6e98224011733f575530e63da7d,Імпортні вагони за нинішнім валютним курсом коштують близько 160 тисяч гривень .,"[{""label"": ""MON"", ""text"": ""160 тисяч гривень""}]","[{""label"": ""ART"", ""text"": ""Імпортні вагони"", ""start"": 0, ""end"": 15}, {""label"": ""MON"", ""text"": ""160 тисяч гривень"", ""start"": 61, ""end"": 78}]"
719402d060b66efc5bea8130c2a25b979a8e4e0b931cfe0804eb56b840cf53cb,"До цих витрат додається розмитнення – майже 16 тисяч гривень , ПДВ – 32 тисячі , транспортування – 45 тисяч , переобладнання колісної бази – ще до 100 тисяч , загалом – лише близько 350 тисяч гривень .","[{""label"": ""MON"", ""text"": ""16 тисяч гривень""}, {""label"": ""MON"", ""text"": ""32 тисячі""}, {""label"": ""MON"", ""text"": ""45 тисяч""}, {""label"": ""MON"", ""text"": ""100 тисяч""}, {""label"": ""MON"", ""text"": ""350 тисяч гривень""}]","[{""label"": ""MON"", ""text"": ""16 тисяч гривень"", ""start"": 44, ""end"": 60}, {""label"": ""MISC"", ""text"": ""ПДВ"", ""start"": 63, ""end"": 66}, {""label"": ""MON"", ""text"": ""32 тисячі"", ""start"": 69, ""end"": 78}, {""label"": ""MISC"", ""text"": ""транспортування"", ""start"": 81, ""end"": 96}, {""label"": ""QUANT"", ""text"": ""45 тисяч"", ""start"": 99, ""end"": 107}, {""label"": ""MISC"", ""text"": ""переобладнання колісної бази"", ""start"": 110, ""end"": 138}, {""label"": ""QUANT"", ""text"": ""100 тисяч"", ""start"": 147, ""end"": 156}, {""label"": ""MON"", ""text"": ""350 тисяч гривень"", ""start"": 182, ""end"": 199}]"
7111d43b6f7be89af9ebd3bb462bd1be69a4eb64b99667e44be37c263b13ab81,"За словами головного інженера і голови тендерного комітету « Київпастрансу » Юрія Бомбандьорова , здійснити таку підміну було неможливо:","[{""label"": ""JOB"", ""text"": ""головного інженера""}, {""label"": ""JOB"", ""text"": ""голови тендерного комітету""}, {""label"": ""ORG"", ""text"": ""Київпастрансу""}, {""label"": ""PERS"", ""text"": ""Юрія Бомбандьорова""}]","[{""label"": ""JOB"", ""text"": ""головного інженера"", ""start"": 11, ""end"": 29}, {""label"": ""ORG"", ""text"": ""Київпастрансу"", ""start"": 61, ""end"": 74}, {""label"": ""PERS"", ""text"": ""Юрія Бомбандьорова"", ""start"": 77, ""end"": 95}]"
b5bc294eb77916c0d758a45d948517f4f62093f163317ed83847485f4e6ec73e,"«Це неможливо, бо в нас є технічні умови на ремонт трамвайних вагонів.",[],"[{""label"": ""MISC"", ""text"": ""технічні умови"", ""start"": 26, ""end"": 40}]"
300a7aa876040018f2a009b2d72dcd70b7e2215023c9c686f12071abe8e21b2e,Щодо використання в капітальних ремонтах якихось іноземних частин – це можливо.,[],"[{""label"": ""ART"", ""text"": ""іноземних частин"", ""start"": 49, ""end"": 65}]"
fc6366d2cead6c3bd64d32916f9018c66724c0c5b37bf1859099cda00eed52d2,"Це не заперечує законодавство, в тому числі і технічні вимоги, які в нас виписані і зареєстровані».",[],"[{""label"": ""MISC"", ""text"": ""законодавство"", ""start"": 16, ""end"": 29}, {""label"": ""ART"", ""text"": ""технічні вимоги"", ""start"": 46, ""end"": 61}]"
7e0e4ab6e4da27dd962d908c4fca92a1cc59d74c3922a06d654d29286c36b936,"Проте директор « КЗЕТ » таки підтвердив, що підприємство купує в Чехії вживані вагони, проводить їм певний ремонт, а потім повертає « Київпастрансу ».","[{""label"": ""JOB"", ""text"": ""директор""}, {""label"": ""ORG"", ""text"": ""КЗЕТ""}, {""label"": ""LOC"", ""text"": ""Чехії""}, {""label"": ""ORG"", ""text"": ""Київпастрансу""}]","[{""label"": ""JOB"", ""text"": ""директор"", ""start"": 6, ""end"": 14}, {""label"": ""ORG"", ""text"": ""КЗЕТ"", ""start"": 17, ""end"": 21}, {""label"": ""LOC"", ""text"": ""Чехії"", ""start"": 65, ""end"": 70}, {""label"": ""ART"", ""text"": ""вживані вагони"", ""start"": 71, ""end"": 85}, {""label"": ""ORG"", ""text"": ""Київпастрансу"", ""start"": 134, ""end"": 147}]"
c1f44754b7527342102978b6bc2d7f7a43b9c7cf642dcd2ae386b23e6fbaca8c,«Ми використовуємо навісну систему – це рама.,[],"[{""label"": ""ORG"", ""text"": ""Ми"", ""start"": 1, ""end"": 3}, {""label"": ""ART"", ""text"": ""рама"", ""start"": 40, ""end"": 44}]"
0f8f5b253af1ce30bc49b22f70460f0d68f2adfb5a266ebf69e159ed0534a492,"Рама у вагонах, ми її обробляємо: антикорозійна обробка, ми робимо дефектоскопію рами обов'язково.",[],"[{""label"": ""ART"", ""text"": ""Рама у вагонах"", ""start"": 0, ""end"": 14}, {""label"": ""PERS"", ""text"": ""ми"", ""start"": 16, ""end"": 18}, {""label"": ""MISC"", ""text"": ""антикорозійна обробка"", ""start"": 34, ""end"": 55}, {""label"": ""PERS"", ""text"": ""ми"", ""start"": 57, ""end"": 59}, {""label"": ""ART"", ""text"": ""рами"", ""start"": 81, ""end"": 85}]"
40b1ea27ddcc4cdcae4132b140b622d7d0ca94eec5568c227d3c1194aaf1ef42,"У нас є заключення і на основі цих документів інспекція дає дозвіл на продовження терміну експлуатації вагону», – заявив директор ПрАТ «КЗЕТ» Микола Нечипоренко .","[{""label"": ""JOB"", ""text"": ""директор""}, {""label"": ""ORG"", ""text"": ""ПрАТ «КЗЕТ»""}, {""label"": ""PERS"", ""text"": ""Микола Нечипоренко""}]","[{""label"": ""DOC"", ""text"": ""заключення"", ""start"": 8, ""end"": 18}, {""label"": ""ART"", ""text"": ""вагону"", ""start"": 103, ""end"": 109}, {""label"": ""JOB"", ""text"": ""директор"", ""start"": 121, ""end"": 129}, {""label"": ""ORG"", ""text"": ""ПрАТ «КЗЕТ»"", ""start"": 130, ""end"": 141}, {""label"": ""PERS"", ""text"": ""Микола Нечипоренко"", ""start"": 142, ""end"": 160}]"
2ad5d83df384f38aab106912be36d628f510eea86af5210d6ab71fce18cb07b5,"Одним із найбільших акціонерів КЗЕТ , є Надія Гончаренко - бухгалтер у ТОВ «Річ-М» , яке належить головному інженеру « Київпастрансу » Юрію Бомбандьорову Будинки Миколи Злочевського під Києвом оформлені під заставу по іпотеці кіпрської компанії.","[{""label"": ""ORG"", ""text"": ""КЗЕТ""}, {""label"": ""PERS"", ""text"": ""Надія Гончаренко""}, {""label"": ""JOB"", ""text"": ""бухгалтер""}, {""label"": ""ORG"", ""text"": ""ТОВ «Річ-М»""}, {""label"": ""JOB"", ""text"": ""головному інженеру""}, {""label"": ""ORG"", ""text"": ""Київпастрансу""}, {""label"": ""PERS"", ""text"": ""Юрію Бомбандьорову""}, {""label"": ""PERS"", ""text"": ""Миколи Злочевського""}, {""label"": ""LOC"", ""text"": ""Києвом""}]","[{""label"": ""ORG"", ""text"": ""КЗЕТ"", ""start"": 31, ""end"": 35}, {""label"": ""PERS"", ""text"": ""Надія Гончаренко"", ""start"": 40, ""end"": 56}, {""label"": ""JOB"", ""text"": ""бухгалтер"", ""start"": 59, ""end"": 68}, {""label"": ""ORG"", ""text"": ""ТОВ «Річ-М»"", ""start"": 71, ""end"": 82}, {""label"": ""ORG"", ""text"": ""Київпастрансу"", ""start"": 119, ""end"": 132}, {""label"": ""PERS"", ""text"": ""Юрію Бомбандьорову"", ""start"": 135, ""end"": 153}, {""label"": ""LOC"", ""text"": ""Києвом"", ""start"": 186, ""end"": 192}]"
17b7b82943e6163bdf04ec7f6055b387124f521da1a9383f0269b72b392ea8a9,Завдяки цьому екс-міністр може убезпечити своє майно від арешту.,"[{""label"": ""JOB"", ""text"": ""екс-міністр""}]","[{""label"": ""PERS"", ""text"": ""екс-міністр"", ""start"": 14, ""end"": 25}, {""label"": ""ART"", ""text"": ""майно"", ""start"": 47, ""end"": 52}]"
56dbaffcedf9cb0666ba273aa6f8f79073c08fb731be94e4555d23d024c3ddd2,Про це йдеться у сюжеті Сергія Андрушка в телепрограмі « Схеми ».,"[{""label"": ""PERS"", ""text"": ""Сергія Андрушка""}, {""label"": ""ART"", ""text"": ""Схеми""}]","[{""label"": ""PERS"", ""text"": ""Сергія Андрушка"", ""start"": 24, ""end"": 39}, {""label"": ""ORG"", ""text"": ""Схеми"", ""start"": 57, ""end"": 62}]"
ff53148115aeb63bed5f67658ef784415b983468526d79039a9ba98f659c76b1,"Особняки Злочевського розташовані на 4,5 гектара між Вишгородом і селом Хотянівка , на березі обвідного каналу Київського водосховища .","[{""label"": ""PERS"", ""text"": ""Злочевського""}, {""label"": ""QUANT"", ""text"": ""4,5 гектара""}, {""label"": ""LOC"", ""text"": ""Вишгородом""}, {""label"": ""LOC"", ""text"": ""Хотянівка""}, {""label"": ""LOC"", ""text"": ""Київського водосховища""}]","[{""label"": ""PERS"", ""text"": ""Злочевського"", ""start"": 9, ""end"": 21}, {""label"": ""QUANT"", ""text"": ""4,5 гектара"", ""start"": 37, ""end"": 48}, {""label"": ""LOC"", ""text"": ""Вишгородом"", ""start"": 53, ""end"": 63}, {""label"": ""LOC"", ""text"": ""Київського водосховища"", ""start"": 111, ""end"": 133}]"
a83ce73fb42a1fcb410e3bd6ade3cef483922581a7600a26bbbbb9217eb09dd0,"Земельна ділянка належить фірмі « Великі ключі », співзасновником якої був особисто екс-міністр екології і природних ресурсів Микола Злочевський .","[{""label"": ""ORG"", ""text"": ""Великі ключі""}, {""label"": ""JOB"", ""text"": ""співзасновником""}, {""label"": ""JOB"", ""text"": ""екс-міністр екології і природних ресурсів""}, {""label"": ""PERS"", ""text"": ""Микола Злочевський""}]","[{""label"": ""LOC"", ""text"": ""Земельна ділянка"", ""start"": 0, ""end"": 16}, {""label"": ""ORG"", ""text"": ""Великі ключі"", ""start"": 34, ""end"": 46}, {""label"": ""JOB"", ""text"": ""екс-міністр екології і природних ресурсів"", ""start"": 84, ""end"": 125}, {""label"": ""PERS"", ""text"": ""Микола Злочевський"", ""start"": 126, ""end"": 144}]"
3d8530f3ed6d1f3efc05207cf8d906b3f9be0f85d2951d4fa6f1fade400e2533,"Тепер частку Злочевського у ТОВ «Великі ключі» переоформлено на компанію « Біртіліна Консалтінг ЛТД », зареєстровану на Кіпрі в минулому році .","[{""label"": ""PERS"", ""text"": ""Злочевського""}, {""label"": ""ORG"", ""text"": ""ТОВ «Великі ключі»""}, {""label"": ""ORG"", ""text"": ""Біртіліна Консалтінг ЛТД""}, {""label"": ""LOC"", ""text"": ""Кіпрі""}, {""label"": ""DATE"", ""text"": ""минулому році""}]","[{""label"": ""PERS"", ""text"": ""Злочевського"", ""start"": 13, ""end"": 25}, {""label"": ""ORG"", ""text"": ""ТОВ «Великі ключі»"", ""start"": 28, ""end"": 46}, {""label"": ""ORG"", ""text"": ""Біртіліна Консалтінг ЛТД"", ""start"": 75, ""end"": 99}, {""label"": ""LOC"", ""text"": ""Кіпрі"", ""start"": 120, ""end"": 125}, {""label"": ""DATE"", ""text"": ""минулому році"", ""start"": 128, ""end"": 141}]"
5408c522160806de2424685b299086708588af14f7aa45655e444348fc95f9c4,Власником кіпрської компанії є віргінський офшор « Вersaltro Investments Ltd ».,"[{""label"": ""ORG"", ""text"": ""Вersaltro Investments Ltd""}]","[{""label"": ""ORG"", ""text"": ""Вersaltro Investments Ltd"", ""start"": 51, ""end"": 76}]"
da66558147b216c85e55408c167053d51b3ed692b916618ccddd38d21d7e0b52,Менша частка компанії « Великі ключі » досі записана на батька екс-міністра – Владислава Злочевського .,"[{""label"": ""ORG"", ""text"": ""Великі ключі""}, {""label"": ""JOB"", ""text"": ""екс-міністра""}, {""label"": ""PERS"", ""text"": ""Владислава Злочевського""}]","[{""label"": ""PCT"", ""text"": ""Менша частка"", ""start"": 0, ""end"": 12}, {""label"": ""ORG"", ""text"": ""Великі ключі"", ""start"": 24, ""end"": 36}, {""label"": ""JOB"", ""text"": ""екс-міністра"", ""start"": 63, ""end"": 75}, {""label"": ""PERS"", ""text"": ""Владислава Злочевського"", ""start"": 78, ""end"": 101}]"
631e05eb6c997afff41bdae9dceb0d77fb1511f6bb96fa61b4a96a334f00538e,"Як з'ясували журналісти , у жовтні 2014 року « Біртіліна Консалтінг ЛТД » позичила ТОВ «Великі ключі» $1 млн .","[{""label"": ""JOB"", ""text"": ""журналісти""}, {""label"": ""DATE"", ""text"": ""жовтні 2014 року""}, {""label"": ""ORG"", ""text"": ""Біртіліна Консалтінг ЛТД""}, {""label"": ""ORG"", ""text"": ""ТОВ «Великі ключі»""}, {""label"": ""MON"", ""text"": ""$1 млн""}]","[{""label"": ""DATE"", ""text"": ""жовтні 2014"", ""start"": 28, ""end"": 39}, {""label"": ""ORG"", ""text"": ""Біртіліна Консалтінг ЛТД"", ""start"": 47, ""end"": 71}, {""label"": ""ORG"", ""text"": ""ТОВ «Великі ключі»"", ""start"": 83, ""end"": 101}, {""label"": ""MON"", ""text"": ""$1 млн"", ""start"": 102, ""end"": 108}]"
031e0a0e363b32aa9e7717fe88d29901aeb3ad124ff5ad414a173cca647b09e9,Заставою по кредиту стало майно « Великих ключів » – маєтки Миколи Злочевського .,"[{""label"": ""ORG"", ""text"": ""Великих ключів""}, {""label"": ""PERS"", ""text"": ""Миколи Злочевського""}]","[{""label"": ""ART"", ""text"": ""Великих ключів"", ""start"": 34, ""end"": 48}, {""label"": ""PERS"", ""text"": ""Миколи Злочевського"", ""start"": 60, ""end"": 79}]"
fd835281319c3c853b99093e99d03e90649e5abf2ec5db567c29dc84009eeaa1,"Разом з тим, « Біртіліна Консалтінг ЛТД » сама є співвласником « Великих ключів ».","[{""label"": ""ORG"", ""text"": ""Біртіліна Консалтінг ЛТД""}, {""label"": ""ORG"", ""text"": ""Великих ключів""}]","[{""label"": ""ORG"", ""text"": ""Біртіліна Консалтінг ЛТД"", ""start"": 15, ""end"": 39}, {""label"": ""MISC"", ""text"": ""Великих ключів"", ""start"": 65, ""end"": 79}]"
7cf04a0d87e8783b51f48edb9cf80af60e2ce7deb05e339f195d91f679b44b9d,"Виходить, що кредит надали самі собі.",[],"[{""label"": ""ART"", ""text"": ""кредит"", ""start"": 13, ""end"": 19}, {""label"": ""PERS"", ""text"": ""самі собі"", ""start"": 27, ""end"": 36}]"
e3c84380766c5ac067b15752435db0cf4c2e3bcfcdc045986b93975e122be479,"«Можна припустити з високою ймовірністю, що це зроблено для того, щоб убезпечити цю власність і закріпити її за бенефіціарним власником, який, як ми думаємо, є пан Злочевський », – розповів юрист Богдан Боровик .","[{""label"": ""PERS"", ""text"": ""Злочевський""}, {""label"": ""JOB"", ""text"": ""юрист""}, {""label"": ""PERS"", ""text"": ""Богдан Боровик""}]","[{""label"": ""PERS"", ""text"": ""пан Злочевський"", ""start"": 160, ""end"": 175}, {""label"": ""JOB"", ""text"": ""юрист"", ""start"": 190, ""end"": 195}, {""label"": ""PERS"", ""text"": ""Богдан Боровик"", ""start"": 196, ""end"": 210}]"
28b84b6b30392581d0f446ce678afc93b0b40469613c3fc5a0321477166c2f29,Тим часом будівництво в маєтку Злочевського триває і з'явився високий металевий паркан з колючим дротом.,"[{""label"": ""PERS"", ""text"": ""Злочевського""}]","[{""label"": ""PERIOD"", ""text"": ""Тим часом"", ""start"": 0, ""end"": 9}, {""label"": ""LOC"", ""text"": ""маєтку Злочевського"", ""start"": 24, ""end"": 43}, {""label"": ""ART"", ""text"": ""високий металевий паркан з колючим дротом"", ""start"": 62, ""end"": 103}]"
67e84c869d162acc829f712356ca2b5c2db3b01fc02b6aa05c70d40dcf58526e,"Місцеві дачники розповіли, що територію охороняють люди зі зброєю.","[{""label"": ""JOB"", ""text"": ""дачники""}]","[{""label"": ""ORG"", ""text"": ""Місцеві дачники"", ""start"": 0, ""end"": 15}, {""label"": ""LOC"", ""text"": ""територію"", ""start"": 30, ""end"": 39}]"
d0d1fcde533404a7a455a735eeec0049edadb6b4bbe7f57c833d8438bd06cc68,Колишній міністр Микола Злочевський оголошений у розшук в грудні минулого року .,"[{""label"": ""JOB"", ""text"": ""міністр""}, {""label"": ""PERS"", ""text"": ""Микола Злочевський""}, {""label"": ""DATE"", ""text"": ""грудні минулого року""}]","[{""label"": ""JOB"", ""text"": ""Колишній міністр"", ""start"": 0, ""end"": 16}, {""label"": ""PERS"", ""text"": ""Микола Злочевський"", ""start"": 17, ""end"": 35}, {""label"": ""DATE"", ""text"": ""грудні минулого року"", ""start"": 58, ""end"": 78}]"
585110737303d714339b06a7623671ec7e03ee1bf371f3f08c6cf9baf9965a6e,Проти нього порушено дві кримінальні справи за підозрою у розкраданні майна та незаконному збагаченні.,[],"[{""label"": ""PERS"", ""text"": ""нього"", ""start"": 6, ""end"": 11}]"
217068b51eba4382905e87d7d29483b92b82966e30d15542d04cb6987ae6a100,"Водночас відомо, що на початку цього року влада Великої Британії розморозила рахунки Злочевського , на яких перебувало $23 млн . Управління по боротьбі з економічними злочинами Британії повідомило, що не знайшло порушень у діях Злочевського Суд зобов'язав ПП «Агрорембудсервіс» повернути у власність ДП «Укрвійськбуд» в особі Філії ДП «Укрвійськбуд» «1080-Управління начальника робіт» нерухомість по вул. Леваневського, 2-В у Кіровограді .","[{""label"": ""DATE"", ""text"": ""початку цього року""}, {""label"": ""LOC"", ""text"": ""Великої Британії""}, {""label"": ""PERS"", ""text"": ""Злочевського""}, {""label"": ""MON"", ""text"": ""$23 млн""}, {""label"": ""ORG"", ""text"": ""Управління по боротьбі з економічними злочинами Британії""}, {""label"": ""PERS"", ""text"": ""Злочевського""}, {""label"": ""ORG"", ""text"": ""ПП «Агрорембудсервіс»""}, {""label"": ""ORG"", ""text"": ""ДП «Укрвійськбуд»""}, {""label"": ""ORG"", ""text"": ""Філії ДП «Укрвійськбуд» «1080-Управління начальника робіт»""}, {""label"": ""LOC"", ""text"": ""вул. Леваневського, 2-В""}, {""label"": ""LOC"", ""text"": ""Кіровограді""}]","[{""label"": ""DATE"", ""text"": ""початку цього року"", ""start"": 23, ""end"": 41}, {""label"": ""PERS"", ""text"": ""Злочевського"", ""start"": 85, ""end"": 97}, {""label"": ""MON"", ""text"": ""$23 млн"", ""start"": 119, ""end"": 126}, {""label"": ""ORG"", ""text"": ""Управління по боротьбі з економічними злочинами Британії"", ""start"": 129, ""end"": 185}, {""label"": ""PERS"", ""text"": ""Злочевського"", ""start"": 228, ""end"": 240}, {""label"": ""ORG"", ""text"": ""ПП «Агрорембудсервіс»"", ""start"": 256, ""end"": 277}, {""label"": ""ORG"", ""text"": ""ДП «Укрвійськбуд»"", ""start"": 300, ""end"": 317}, {""label"": ""ORG"", ""text"": ""ДП «Укрвійськбуд»"", ""start"": 332, ""end"": 349}, {""label"": ""JOB"", ""text"": ""1080-Управління начальника робіт"", ""start"": 351, ""end"": 383}]"
3fefdcf3fe509c798cb842bab0366b7a0114b53f8d5d029d9282b05f3b911473,Про це йдеться в рішенні господарського суду Кіровоградської області . Наприкінці 2005 року між ДП Міноборони «Укрвійськбуд» та ПП «Агрорембудсервіс» було укладено біржову угоду – договір купівлі-продажу нерухомості загальною вартістю 188 тис грн .,"[{""label"": ""ORG"", ""text"": ""господарського суду Кіровоградської області""}, {""label"": ""DATE"", ""text"": ""Наприкінці 2005 року""}, {""label"": ""ORG"", ""text"": ""ДП Міноборони «Укрвійськбуд»""}, {""label"": ""ORG"", ""text"": ""ПП «Агрорембудсервіс»""}, {""label"": ""MON"", ""text"": ""188 тис грн""}]","[{""label"": ""LOC"", ""text"": ""Кіровоградської області"", ""start"": 45, ""end"": 68}, {""label"": ""PERIOD"", ""text"": ""Наприкінці 2005 року"", ""start"": 71, ""end"": 91}, {""label"": ""ORG"", ""text"": ""ДП Міноборони «Укрвійськбуд»"", ""start"": 96, ""end"": 124}, {""label"": ""ORG"", ""text"": ""ПП «Агрорембудсервіс»"", ""start"": 128, ""end"": 149}, {""label"": ""MON"", ""text"": ""188 тис грн"", ""start"": 235, ""end"": 246}]"
1b30d7d2e2b28afea4eeef55753820d621720b192e5aa8a5e55153ba69ca8cce,"До списку придбаних об'єктіввходила частина адмінбудівлі на 94 кв м , гаражі на 255 кв м , цех по виготовленню скла площею 37 кв м , столярний цех розміром 96 кв м , кузня, естакада, вбиральня, мийка, АЗС та ін.","[{""label"": ""QUANT"", ""text"": ""94 кв м""}, {""label"": ""QUANT"", ""text"": ""255 кв м""}, {""label"": ""QUANT"", ""text"": ""37 кв м""}, {""label"": ""QUANT"", ""text"": ""96 кв м""}]","[{""label"": ""MISC"", ""text"": ""гаражі"", ""start"": 70, ""end"": 76}, {""label"": ""QUANT"", ""text"": ""255 кв м"", ""start"": 80, ""end"": 88}, {""label"": ""ART"", ""text"": ""кузня"", ""start"": 166, ""end"": 171}, {""label"": ""ART"", ""text"": ""естакада"", ""start"": 173, ""end"": 181}, {""label"": ""MISC"", ""text"": ""вбиральня"", ""start"": 183, ""end"": 192}, {""label"": ""MISC"", ""text"": ""АЗС"", ""start"": 201, ""end"": 204}]"
fe033b7dfe9cbe924ff525d2ad63f6cf098974717902802df7b7637d30adf45b,Загалом дане майно складало 3 / 20 частини від усього комплексу нерухомості.,"[{""label"": ""PCT"", ""text"": ""3 / 20 частини""}]","[{""label"": ""ART"", ""text"": ""дане майно"", ""start"": 8, ""end"": 18}, {""label"": ""PCT"", ""text"": ""3 / 20"", ""start"": 28, ""end"": 34}]"
dfc102f54a6ac31ea10a102fd09994904b39753a7f94a2e3d516138024975fa8,Інша частина комплексу належить державі в особі Верховної Ради України на праві господарського відання ДП «Укрвійськбуд» . Наприкінці 2006 року « Агрорембудсервіс » через рішення Ленінського районного суду Кіровограда узаконив право власності на згадану нерухомість.,"[{""label"": ""ORG"", ""text"": ""Верховної Ради України""}, {""label"": ""ORG"", ""text"": ""ДП «Укрвійськбуд»""}, {""label"": ""DATE"", ""text"": ""Наприкінці 2006 року""}, {""label"": ""ORG"", ""text"": ""Агрорембудсервіс""}, {""label"": ""ORG"", ""text"": ""Ленінського районного суду Кіровограда""}]","[{""label"": ""MISC"", ""text"": ""Інша частина комплексу"", ""start"": 0, ""end"": 22}, {""label"": ""ORG"", ""text"": ""Верховної Ради України"", ""start"": 48, ""end"": 70}, {""label"": ""ORG"", ""text"": ""ДП «Укрвійськбуд»"", ""start"": 103, ""end"": 120}, {""label"": ""DATE"", ""text"": ""2006 року"", ""start"": 134, ""end"": 143}, {""label"": ""ORG"", ""text"": ""Агрорембудсервіс"", ""start"": 146, ""end"": 162}, {""label"": ""ART"", ""text"": ""згадану нерухомість"", ""start"": 246, ""end"": 265}]"
49b3968515ad4767ebc83b352fa2b0aecd941a77b9d7aa50d03d6d6bc5a1f07b,"Але через шість років – в жовтні 2012-го Апеляційний суд Кіровоградської області вирішив, що договір між військовими і « Агрорембудсервіс » є нікчемним.","[{""label"": ""PERIOD"", ""text"": ""шість років""}, {""label"": ""DATE"", ""text"": ""жовтні 2012-го""}, {""label"": ""ORG"", ""text"": ""Апеляційний суд Кіровоградської області""}, {""label"": ""JOB"", ""text"": ""військовими""}, {""label"": ""ORG"", ""text"": ""Агрорембудсервіс""}]","[{""label"": ""PERIOD"", ""text"": ""шість років"", ""start"": 10, ""end"": 21}, {""label"": ""DATE"", ""text"": ""жовтні 2012-го"", ""start"": 26, ""end"": 40}, {""label"": ""ORG"", ""text"": ""Апеляційний суд Кіровоградської області"", ""start"": 41, ""end"": 80}, {""label"": ""PERS"", ""text"": ""військовими"", ""start"": 105, ""end"": 116}, {""label"": ""ORG"", ""text"": ""Агрорембудсервіс"", ""start"": 121, ""end"": 137}]"
57eb6abc503ee47b199f182fd18ecc6e771a7f67ef0c717f385dbb0652b1118d,Адже він так і не був нотаріально посвідчений.,[],"[{""label"": ""PERS"", ""text"": ""він"", ""start"": 5, ""end"": 8}]"
471b8145a7fdd633085cd4e89d32b86504adcfa2e445e1c00d43a97b69cd4f81,Опираючись на це рішення суду в жовтні 2014 року господарський суд Кіровоградської області визнав придбання фірмою нерухомості незаконним і зобов'язав повернути її держпідприємству.,"[{""label"": ""DATE"", ""text"": ""жовтні 2014 року""}, {""label"": ""ORG"", ""text"": ""господарський суд Кіровоградської області""}]","[{""label"": ""DATE"", ""text"": ""жовтні 2014"", ""start"": 32, ""end"": 43}, {""label"": ""ORG"", ""text"": ""господарський суд Кіровоградської області"", ""start"": 49, ""end"": 90}, {""label"": ""MISC"", ""text"": ""нерухомості"", ""start"": 115, ""end"": 126}, {""label"": ""ORG"", ""text"": ""держпідприємству"", ""start"": 164, ""end"": 180}]"
8f6e8740a8b9ca10670800c8068a4e689d52556043c66323453c70e11fbd6ce6,"« Агрорембудсервіс » змогло виграти операцію, але господарський суд Кіровоградської області знову прийняв рішення, яким власність на спірну нерухомість визнана за підприємством міністерством оборони .","[{""label"": ""ORG"", ""text"": ""Агрорембудсервіс""}, {""label"": ""ORG"", ""text"": ""господарський суд Кіровоградської області""}, {""label"": ""ORG"", ""text"": ""міністерством оборони""}]","[{""label"": ""ORG"", ""text"": ""Агрорембудсервіс"", ""start"": 2, ""end"": 18}, {""label"": ""LOC"", ""text"": ""Кіровоградської області"", ""start"": 68, ""end"": 91}, {""label"": ""ORG"", ""text"": ""міністерством оборони"", ""start"": 177, ""end"": 198}]"
a4e263391d5f6ba7c6420f6d5be1f31ff4a5cceccd919ccedb74a38b1d7f3680,"Власниками ПП «Агрорембудсервіс» , котре наразі перебуває в стані припинення, є кіровоградець Юрій Протівцев та житель Вінниці Геннадій Орленко .","[{""label"": ""ORG"", ""text"": ""ПП «Агрорембудсервіс»""}, {""label"": ""PERS"", ""text"": ""Юрій Протівцев""}, {""label"": ""LOC"", ""text"": ""Вінниці""}, {""label"": ""PERS"", ""text"": ""Геннадій Орленко""}]","[{""label"": ""ORG"", ""text"": ""Агрорембудсервіс"", ""start"": 15, ""end"": 31}, {""label"": ""PERS"", ""text"": ""Юрій Протівцев"", ""start"": 94, ""end"": 108}, {""label"": ""LOC"", ""text"": ""Вінниці"", ""start"": 119, ""end"": 126}, {""label"": ""PERS"", ""text"": ""Геннадій Орленко"", ""start"": 127, ""end"": 143}]"
daa1ff47fa97935785c39cc9f14a393c1cbda818aad2e89c3cfc6f897bd7d3ff,"З 2005 по 2012 роки Юрій Протівцев був директором філії ДП Міноборони «Укрвійськбуд» « 1080 Управління начальника робіт », з котрим наразі й судиться за майно. Шостий апеляційний адміністративний суд направив для розгляду до суду першої інстанції справу за позовом ПАТ «Укрнафта» проти АМКУ про визнання протиправними дії антимонопольників в частині використання матеріалів НАБУ у розслідуванні змови підприємств групи « Приват » на ринку пального.","[{""label"": ""PERIOD"", ""text"": ""2005 по 2012 роки""}, {""label"": ""PERS"", ""text"": ""Юрій Протівцев""}, {""label"": ""JOB"", ""text"": ""директором""}, {""label"": ""ORG"", ""text"": ""ДП Міноборони «Укрвійськбуд»""}, {""label"": ""ORG"", ""text"": ""1080 Управління начальника робіт""}, {""label"": ""ORG"", ""text"": ""Шостий апеляційний адміністративний суд""}, {""label"": ""ORG"", ""text"": ""ПАТ «Укрнафта»""}, {""label"": ""ORG"", ""text"": ""АМКУ""}, {""label"": ""JOB"", ""text"": ""антимонопольників""}, {""label"": ""ORG"", ""text"": ""НАБУ""}, {""label"": ""ORG"", ""text"": ""Приват""}]","[{""label"": ""PERIOD"", ""text"": ""2005 по 2012 роки"", ""start"": 2, ""end"": 19}, {""label"": ""PERS"", ""text"": ""Юрій Протівцев"", ""start"": 20, ""end"": 34}, {""label"": ""ORG"", ""text"": ""ДП Міноборони «Укрвійськбуд»"", ""start"": 56, ""end"": 84}, {""label"": ""JOB"", ""text"": ""1080 Управління начальника робіт"", ""start"": 87, ""end"": 119}, {""label"": ""MISC"", ""text"": ""майно"", ""start"": 153, ""end"": 158}, {""label"": ""ORG"", ""text"": ""Шостий апеляційний адміністративний суд"", ""start"": 160, ""end"": 199}, {""label"": ""ORG"", ""text"": ""ПАТ «Укрнафта»"", ""start"": 265, ""end"": 279}, {""label"": ""ORG"", ""text"": ""АМКУ"", ""start"": 286, ""end"": 290}, {""label"": ""LOC"", ""text"": ""ринку пального"", ""start"": 433, ""end"": 447}]"
f3299c1d6d034bfa107ca663dbc046857f4d377fcf9cf6d034a679954442b4be,"Про це свідчить постанова суду від 17 січня . ПАТ «Укрнафта» у судовому порядку намагається визнати протиправними дії АМКУ щодо одержання, використання та поширення при розгляді спірної справи матеріалів досудового розслідування НАБУ ( провадження №32015100110000105 від 26 листопада 2015 року ), а також зобов'язати Комітет знищити ці матеріали.","[{""label"": ""DATE"", ""text"": ""17 січня""}, {""label"": ""ORG"", ""text"": ""ПАТ «Укрнафта»""}, {""label"": ""ORG"", ""text"": ""АМКУ""}, {""label"": ""ORG"", ""text"": ""НАБУ""}, {""label"": ""DOC"", ""text"": ""провадження №32015100110000105 від 26 листопада 2015 року""}, {""label"": ""ORG"", ""text"": ""Комітет""}]","[{""label"": ""DATE"", ""text"": ""17 січня"", ""start"": 35, ""end"": 43}, {""label"": ""ORG"", ""text"": ""ПАТ «Укрнафта»"", ""start"": 46, ""end"": 60}, {""label"": ""ORG"", ""text"": ""АМКУ"", ""start"": 118, ""end"": 122}, {""label"": ""ART"", ""text"": ""матеріалів досудового розслідування НАБУ"", ""start"": 193, ""end"": 233}, {""label"": ""ART"", ""text"": ""провадження №32015100110000105"", ""start"": 236, ""end"": 266}]"
a7a3256a3aa9f5a35366bca6a135698c7db3c843d5e2cc6b54f6189789b3aae2,"Йдеться про зібрані у межах досудового слідства матеріали детективів НАБУ , що були використані Антимонопольним комітетом у розслідуванні справи про антиконкурентні узгоджені дії підприємств групи « Приват » на ринку пального. Комітет відкрив справу у жовтні 2016 року , сьогодні її фігурантами є 174 компанії-оператори АЗС , зокрема, « Укрнафта ». 12 листопада до Окружного адміністративного суду Києва надійшов позов від « Укрнафти » проти АМКУ – із вимогами вилучити і знищити усі докази у справі, отримані від НАБУ .","[{""label"": ""JOB"", ""text"": ""детективів""}, {""label"": ""ORG"", ""text"": ""НАБУ""}, {""label"": ""ORG"", ""text"": ""Антимонопольним комітетом""}, {""label"": ""ORG"", ""text"": ""Приват""}, {""label"": ""ORG"", ""text"": ""Комітет""}, {""label"": ""DATE"", ""text"": ""жовтні 2016 року""}, {""label"": ""ORG"", ""text"": ""АЗС""}, {""label"": ""ORG"", ""text"": ""Укрнафта""}, {""label"": ""DATE"", ""text"": ""12 листопада""}, {""label"": ""ORG"", ""text"": ""Окружного адміністративного суду Києва""}, {""label"": ""ORG"", ""text"": ""Укрнафти""}, {""label"": ""ORG"", ""text"": ""АМКУ""}, {""label"": ""ORG"", ""text"": ""НАБУ""}]","[{""label"": ""ORG"", ""text"": ""НАБУ"", ""start"": 69, ""end"": 73}, {""label"": ""ORG"", ""text"": ""Антимонопольним комітетом"", ""start"": 96, ""end"": 121}, {""label"": ""DATE"", ""text"": ""жовтні 2016 року"", ""start"": 252, ""end"": 268}, {""label"": ""QUANT"", ""text"": ""174"", ""start"": 297, ""end"": 300}, {""label"": ""ORG"", ""text"": ""Укрнафта"", ""start"": 337, ""end"": 345}, {""label"": ""DATE"", ""text"": ""12 листопада"", ""start"": 349, ""end"": 361}, {""label"": ""ORG"", ""text"": ""Окружного адміністративного суду Києва"", ""start"": 365, ""end"": 403}, {""label"": ""ORG"", ""text"": ""Укрнафти"", ""start"": 425, ""end"": 433}, {""label"": ""ORG"", ""text"": ""АМКУ"", ""start"": 442, ""end"": 446}, {""label"": ""ORG"", ""text"": ""НАБУ"", ""start"": 514, ""end"": 518}]"
70719681b078db8242c6d567a8acbff50b9a739be440873dcfa985dd34b04347,"Суд відмовив у відкритті провадження, посилаючись на те, що спір належить розглядати у юрисдикції господарського суду.",[],"[{""label"": ""ORG"", ""text"": ""Суд"", ""start"": 0, ""end"": 3}, {""label"": ""ORG"", ""text"": ""юрисдикції господарського суду"", ""start"": 87, ""end"": 117}]"
a0b7b41eb721ed94fd28fec3e9be37316457372dca4143f9a745a898cbea3e6c,"Втім, не погодившись із такою позицією суду, « Укрнафта » успішно оскаржила її в апеляційній інстанції.","[{""label"": ""ORG"", ""text"": ""Укрнафта""}]","[{""label"": ""ORG"", ""text"": ""Укрнафта"", ""start"": 47, ""end"": 55}]"
03eb3d6e840e71c215061c89e74be11ac891469080657cc4a20a6bc955cf8ff9,"На засіданні 13 листопада 2018 року АМКУ мав прийняти кінцеві висновки у справі, однак незадовго до цього, 8 листопада , «приватівці» заблокували через суд розгляд цього провадження. 4 грудня , коли АМКУ зробив спробу розглянути справу, на засіданні з'явився держвиконавець із нагадуванням про судову заборону.","[{""label"": ""DATE"", ""text"": ""13 листопада 2018 року""}, {""label"": ""ORG"", ""text"": ""АМКУ""}, {""label"": ""DATE"", ""text"": ""8 листопада""}, {""label"": ""DATE"", ""text"": ""4 грудня""}, {""label"": ""ORG"", ""text"": ""АМКУ""}, {""label"": ""JOB"", ""text"": ""держвиконавець""}]","[{""label"": ""DATE"", ""text"": ""13 листопада 2018"", ""start"": 13, ""end"": 30}, {""label"": ""ORG"", ""text"": ""АМКУ"", ""start"": 36, ""end"": 40}, {""label"": ""ORG"", ""text"": ""приватівці"", ""start"": 122, ""end"": 132}, {""label"": ""DATE"", ""text"": ""4 грудня"", ""start"": 183, ""end"": 191}, {""label"": ""ORG"", ""text"": ""АМКУ"", ""start"": 199, ""end"": 203}, {""label"": ""JOB"", ""text"": ""держвиконавець"", ""start"": 259, ""end"": 273}]"
7b6ec41ff6bcbd58c5395069e0db8a06612114ea49aa211d592c21c6d2bdb8b9,"Нагадаємо, з 2003 року « Укрнафта » контролюється менеджментом бізнес-групи « Приват » Ігоря Коломойського , якій належить біля 43% акцій компанії. 50% +1 акція перебувають у власності НАК «Нафтогаз Україна» Одеська міська рада на сесії 7 грудня встановила зменшені на 60-90% ставки збору за місця для паркування транспортних засобів на спеціально відведених автостоянках на 2017 рік .","[{""label"": ""DATE"", ""text"": ""2003 року""}, {""label"": ""ORG"", ""text"": ""Укрнафта""}, {""label"": ""ORG"", ""text"": ""Приват""}, {""label"": ""PERS"", ""text"": ""Ігоря Коломойського""}, {""label"": ""PCT"", ""text"": ""43%""}, {""label"": ""PCT"", ""text"": ""50%""}, {""label"": ""ORG"", ""text"": ""НАК «Нафтогаз Україна»""}, {""label"": ""ORG"", ""text"": ""Одеська міська рада""}, {""label"": ""DATE"", ""text"": ""7 грудня""}, {""label"": ""PCT"", ""text"": ""60-90%""}, {""label"": ""DATE"", ""text"": ""2017 рік""}]","[{""label"": ""ORG"", ""text"": ""« Укрнафта »"", ""start"": 23, ""end"": 35}, {""label"": ""PERS"", ""text"": ""Ігоря Коломойського"", ""start"": 87, ""end"": 106}, {""label"": ""PCT"", ""text"": ""50%"", ""start"": 148, ""end"": 151}, {""label"": ""ORG"", ""text"": ""НАК «Нафтогаз Україна»"", ""start"": 185, ""end"": 207}, {""label"": ""DATE"", ""text"": ""7 грудня"", ""start"": 237, ""end"": 245}, {""label"": ""PCT"", ""text"": ""60-90%"", ""start"": 269, ""end"": 275}, {""label"": ""LOC"", ""text"": ""спеціально відведених автостоянках"", ""start"": 337, ""end"": 371}, {""label"": ""PERIOD"", ""text"": ""2017 рік"", ""start"": 375, ""end"": 383}]"
f1ddbb970a455a10ba1efc70c49b27a3af50580f28fb61e39767488a6a498024,Про це пише Олексій Чорний в « Ні корупції !» Міськрада встановлює пільги вже не перший рік .,"[{""label"": ""PERS"", ""text"": ""Олексій Чорний""}, {""label"": ""ART"", ""text"": ""Ні корупції""}, {""label"": ""ORG"", ""text"": ""Міськрада""}, {""label"": ""PERIOD"", ""text"": ""не перший рік""}]","[{""label"": ""PERS"", ""text"": ""Олексій Чорний"", ""start"": 12, ""end"": 26}, {""label"": ""ORG"", ""text"": ""Міськрада"", ""start"": 46, ""end"": 55}]"
77d8b82f7f4f3537695eb10f0ca4c32edc2e0757977939d65fc83d47c747b336,Наразі їх отримали майже половина одеських стоянок.,[],"[{""label"": ""PCT"", ""text"": ""половина"", ""start"": 25, ""end"": 33}, {""label"": ""LOC"", ""text"": ""одеських стоянок"", ""start"": 34, ""end"": 50}]"
0092f61dfdd5e3a851ee05367e088ec4a38f6a644eff7f2bda1dedb73f86251b,"Так, 142 стоянки загальною площею 267 тис кв м будуть платити тільки 10% від своїх зобов'язань, і заплатять наступного року близько 9,4 млн грн .","[{""label"": ""QUANT"", ""text"": ""267 тис кв м""}, {""label"": ""PCT"", ""text"": ""10%""}, {""label"": ""MON"", ""text"": ""9,4 млн грн""}]","[{""label"": ""QUANT"", ""text"": ""142"", ""start"": 5, ""end"": 8}, {""label"": ""QUANT"", ""text"": ""267 тис кв м"", ""start"": 34, ""end"": 46}, {""label"": ""PCT"", ""text"": ""10%"", ""start"": 69, ""end"": 72}, {""label"": ""DATE"", ""text"": ""наступного року"", ""start"": 108, ""end"": 123}, {""label"": ""MON"", ""text"": ""9,4 млн грн"", ""start"": 132, ""end"": 143}]"
94d8257be1d6c6cbff45646c55a33bfb411e6b47ddf54ad7bcc4d42ece19ae71,Ще 24 стоянки загальною площею 23 тис кв м заплатять 40% від раніше запланованих обсягів податків – трохи більше 3 млн грн .,"[{""label"": ""QUANT"", ""text"": ""23 тис кв м""}, {""label"": ""PCT"", ""text"": ""40%""}, {""label"": ""MON"", ""text"": ""3 млн грн""}]","[{""label"": ""PCT"", ""text"": ""40%"", ""start"": 53, ""end"": 56}, {""label"": ""MON"", ""text"": ""3 млн грн"", ""start"": 113, ""end"": 122}]"
2cf3c36f505ff010a0c56724ff59f76f6d448e7e62d6fbdfc123cee9849b57b2,"Розрахунки показують, що 89,09 млн грн .","[{""label"": ""MON"", ""text"": ""89,09 млн грн""}]","[{""label"": ""MON"", ""text"": ""89,09 млн грн"", ""start"": 25, ""end"": 38}]"
17324212b0de3f30b77fc7ad94edd4bbc17e67ecee8f692d92b27e401e4d12b0,"З цих коштів більше 41 млн грн. організацій, що пов'язані з Сергієм Кушніром – «правою рукою» з питань керування паркувальним бізнесом Ігоря Маркова .","[{""label"": ""MON"", ""text"": ""41 млн грн.""}, {""label"": ""PERS"", ""text"": ""Сергієм Кушніром""}, {""label"": ""PERS"", ""text"": ""Ігоря Маркова""}]","[{""label"": ""MON"", ""text"": ""41 млн грн"", ""start"": 20, ""end"": 30}, {""label"": ""PERS"", ""text"": ""Сергієм Кушніром"", ""start"": 60, ""end"": 76}, {""label"": ""ORG"", ""text"": ""паркувальним бізнесом"", ""start"": 113, ""end"": 134}, {""label"": ""PERS"", ""text"": ""Ігоря Маркова"", ""start"": 135, ""end"": 148}]"
ece229b6a2d6d6b00e22f82a4a256b7c4c78a0849bf29516edec0aca1fec363e,Раніше Кушнір був заступником директора комунального підприємства «Парксервіс» . Кушнір є діючим керівником партії « Родина » в Одесі .,"[{""label"": ""PERS"", ""text"": ""Кушнір""}, {""label"": ""JOB"", ""text"": ""заступником директора""}, {""label"": ""ORG"", ""text"": ""комунального підприємства «Парксервіс»""}, {""label"": ""PERS"", ""text"": ""Кушнір""}, {""label"": ""JOB"", ""text"": ""керівником""}, {""label"": ""ORG"", ""text"": ""Родина""}, {""label"": ""LOC"", ""text"": ""Одесі""}]","[{""label"": ""PERS"", ""text"": ""Кушнір"", ""start"": 7, ""end"": 13}, {""label"": ""JOB"", ""text"": ""заступником директора"", ""start"": 18, ""end"": 39}, {""label"": ""ORG"", ""text"": ""Парксервіс"", ""start"": 67, ""end"": 77}, {""label"": ""PERS"", ""text"": ""Кушнір"", ""start"": 81, ""end"": 87}, {""label"": ""LOC"", ""text"": ""Одесі"", ""start"": 128, ""end"": 133}]"
870d31a802556defa0b40964879d00cd95432bfac550efb584b51adcd4f1599e,"Ця партія доклала максимум зусиль для розвитку сепаратизму в місті, і наразі один з її лідерів Вадим Савенко керує підрозділами терористів на сході України .","[{""label"": ""PERS"", ""text"": ""Вадим Савенко""}, {""label"": ""LOC"", ""text"": ""України""}]","[{""label"": ""ORG"", ""text"": ""Ця партія"", ""start"": 0, ""end"": 9}, {""label"": ""LOC"", ""text"": ""місті"", ""start"": 61, ""end"": 66}, {""label"": ""PERS"", ""text"": ""Вадим Савенко"", ""start"": 95, ""end"": 108}, {""label"": ""LOC"", ""text"": ""сході України"", ""start"": 142, ""end"": 155}]"
23bdf62e598bab6563ce9fa3986f13ff9fc55e2d1fcb877327fa1a926b701611,"Засновані Кушніром організації є операторами 34 стоянок, які отримали пільги у 2016 році .","[{""label"": ""PERS"", ""text"": ""Кушніром""}, {""label"": ""DATE"", ""text"": ""2016 році""}]","[{""label"": ""JOB"", ""text"": ""операторами 34 стоянок"", ""start"": 33, ""end"": 55}, {""label"": ""DATE"", ""text"": ""2016 році"", ""start"": 79, ""end"": 88}]"
5b13f6dfe178112faf0dd393903abbef9b6d3c540efed083c918a9dc19333f3a,"Всі вони є і в переліку на 2017 рік та отримають пільги в розмірі 6,5 мільйонів гривень .","[{""label"": ""DATE"", ""text"": ""2017 рік""}, {""label"": ""MON"", ""text"": ""6,5 мільйонів гривень""}]","[{""label"": ""PERS"", ""text"": ""Всі вони"", ""start"": 0, ""end"": 8}, {""label"": ""PERIOD"", ""text"": ""2017 рік"", ""start"": 27, ""end"": 35}, {""label"": ""MON"", ""text"": ""6,5 мільйонів гривень"", ""start"": 66, ""end"": 87}]"
df441302abdae8666df766d31bcf5603931aa48a27d5f21cbba0dd53ba23cfe6,"Крім цього, пільги на 2017 рік в розмірі майже 35 млн грн. отримають ще 27 стоянок громадської організації « Всеукраїнська спілка автомобілістів », яка є засновником Асоціації автомобілістів Одеської області , де Кушнір свого часу був президентом , а депутат від « Родини » Левон Самхарадзе був секретарем .","[{""label"": ""DATE"", ""text"": ""2017 рік""}, {""label"": ""MON"", ""text"": ""35 млн грн.""}, {""label"": ""ORG"", ""text"": ""Всеукраїнська спілка автомобілістів""}, {""label"": ""ORG"", ""text"": ""Асоціації автомобілістів Одеської області""}, {""label"": ""PERS"", ""text"": ""Кушнір""}, {""label"": ""JOB"", ""text"": ""президентом""}, {""label"": ""JOB"", ""text"": ""депутат""}, {""label"": ""ORG"", ""text"": ""Родини""}, {""label"": ""PERS"", ""text"": ""Левон Самхарадзе""}, {""label"": ""JOB"", ""text"": ""секретарем""}]","[{""label"": ""PERIOD"", ""text"": ""2017 рік"", ""start"": 22, ""end"": 30}, {""label"": ""MON"", ""text"": ""35 млн грн"", ""start"": 47, ""end"": 57}, {""label"": ""JOB"", ""text"": ""27 стоянок"", ""start"": 72, ""end"": 82}, {""label"": ""ORG"", ""text"": ""Всеукраїнська спілка автомобілістів"", ""start"": 109, ""end"": 144}, {""label"": ""ORG"", ""text"": ""Асоціації автомобілістів Одеської області"", ""start"": 166, ""end"": 207}, {""label"": ""PERS"", ""text"": ""Кушнір"", ""start"": 213, ""end"": 219}, {""label"": ""JOB"", ""text"": ""президентом"", ""start"": 235, ""end"": 246}, {""label"": ""PERS"", ""text"": ""Левон Самхарадзе"", ""start"": 274, ""end"": 290}, {""label"": ""JOB"", ""text"": ""секретарем"", ""start"": 295, ""end"": 305}]"
0397accb0b36e8e300b7c8acfa465a755d254af557cb970a914b6fb362f1f9c7,"В 2014 році МВС оголосило Ігоря Маркова в розшук за нанесення побоїв в 2007 році . Минулого року він був арештований в Італії , яка пізніше відмовилася видати Маркова","[{""label"": ""DATE"", ""text"": ""2014 році""}, {""label"": ""ORG"", ""text"": ""МВС""}, {""label"": ""PERS"", ""text"": ""Ігоря Маркова""}, {""label"": ""DATE"", ""text"": ""2007 році""}, {""label"": ""DATE"", ""text"": ""Минулого року""}, {""label"": ""LOC"", ""text"": ""Італії""}, {""label"": ""PERS"", ""text"": ""Маркова""}]","[{""label"": ""DATE"", ""text"": ""2014 році"", ""start"": 2, ""end"": 11}, {""label"": ""ORG"", ""text"": ""МВС"", ""start"": 12, ""end"": 15}, {""label"": ""PERS"", ""text"": ""Ігоря Маркова"", ""start"": 26, ""end"": 39}, {""label"": ""PERIOD"", ""text"": ""2007 році"", ""start"": 71, ""end"": 80}, {""label"": ""LOC"", ""text"": ""Італії"", ""start"": 119, ""end"": 125}]"
